        23.99920   0.00000000E+000
        23.99920   2.33000000E-001
        23.99920   0.00000000E+000
        36.01670   0.00000000E+000
        36.01670   4.55400000E-001
        36.01670   0.00000000E+000
        41.47980   0.00000000E+000
        41.47980   4.45100000E-001
        41.47980   0.00000000E+000
        59.05040   0.00000000E+000
        59.05040   6.98500000E-001
        59.05040   0.00000000E+000
        74.19840   0.00000000E+000
        74.19840   8.50400000E-001
        74.19840   0.00000000E+000
        78.85470   0.00000000E+000
        78.85470   1.31390000E+000
        78.85470   0.00000000E+000
        85.62660   0.00000000E+000
        85.62660   1.13490000E+000
        85.62660   0.00000000E+000
       106.15590   0.00000000E+000
       106.15590   1.53010000E+000
       106.15590   0.00000000E+000
       107.58980   0.00000000E+000
       107.58980   2.90490000E+000
       107.58980   0.00000000E+000
       115.32020   0.00000000E+000
       115.32020   1.98150000E+000
       115.32020   0.00000000E+000
       122.67600   0.00000000E+000
       122.67600   7.33300000E-001
       122.67600   0.00000000E+000
       129.16400   0.00000000E+000
       129.16400   1.03600000E+000
       129.16400   0.00000000E+000
       162.45450   0.00000000E+000
       162.45450   1.05270000E+000
       162.45450   0.00000000E+000
       179.39990   0.00000000E+000
       179.39990   1.07320000E+000
       179.39990   0.00000000E+000
       219.14640   0.00000000E+000
       219.14640   2.57790000E+000
       219.14640   0.00000000E+000
       232.21500   0.00000000E+000
       232.21500   8.27300000E-001
       232.21500   0.00000000E+000
       244.07380   0.00000000E+000
       244.07380   3.79400000E-001
       244.07380   0.00000000E+000
       255.84920   0.00000000E+000
       255.84920   7.06700000E-001
       255.84920   0.00000000E+000
       275.97580   0.00000000E+000
       275.97580   3.17800000E-001
       275.97580   0.00000000E+000
       309.94500   0.00000000E+000
       309.94500   1.65680000E+000
       309.94500   0.00000000E+000
       320.74090   0.00000000E+000
       320.74090   5.11500000E-001
       320.74090   0.00000000E+000
       336.61890   0.00000000E+000
       336.61890   1.38520000E+000
       336.61890   0.00000000E+000
       390.81010   0.00000000E+000
       390.81010   5.94100000E-001
       390.81010   0.00000000E+000
       400.32260   0.00000000E+000
       400.32260   1.50720000E+000
       400.32260   0.00000000E+000
       419.50330   0.00000000E+000
       419.50330   1.07500000E-001
       419.50330   0.00000000E+000
       428.12920   0.00000000E+000
       428.12920   7.37700000E-001
       428.12920   0.00000000E+000
       474.28100   0.00000000E+000
       474.28100   3.09750000E+000
       474.28100   0.00000000E+000
       489.10520   0.00000000E+000
       489.10520   8.63700000E-001
       489.10520   0.00000000E+000
       498.65830   0.00000000E+000
       498.65830   5.31600000E-001
       498.65830   0.00000000E+000
       525.18610   0.00000000E+000
       525.18610   2.68100000E-001
       525.18610   0.00000000E+000
       530.30880   0.00000000E+000
       530.30880   2.90900000E-001
       530.30880   0.00000000E+000
       549.60330   0.00000000E+000
       549.60330   8.62100000E-001
       549.60330   0.00000000E+000
       567.37810   0.00000000E+000
       567.37810   1.57010000E+000
       567.37810   0.00000000E+000
       603.91990   0.00000000E+000
       603.91990   1.23430000E+000
       603.91990   0.00000000E+000
       632.33050   0.00000000E+000
       632.33050   2.79830000E+000
       632.33050   0.00000000E+000
       639.33660   0.00000000E+000
       639.33660   1.25770000E+000
       639.33660   0.00000000E+000
       646.79310   0.00000000E+000
       646.79310   1.15300000E+000
       646.79310   0.00000000E+000
       680.86470   0.00000000E+000
       680.86470   1.63590000E+000
       680.86470   0.00000000E+000
       713.04660   0.00000000E+000
       713.04660   1.05900000E-001
       713.04660   0.00000000E+000
       745.16830   0.00000000E+000
       745.16830   7.76800000E-001
       745.16830   0.00000000E+000
       750.29400   0.00000000E+000
       750.29400   7.24200000E-001
       750.29400   0.00000000E+000
       763.57610   0.00000000E+000
       763.57610   3.29900000E+000
       763.57610   0.00000000E+000
       820.78460   0.00000000E+000
       820.78460   2.28570000E+000
       820.78460   0.00000000E+000
       838.46880   0.00000000E+000
       838.46880   6.95100000E+000
       838.46880   0.00000000E+000
       853.80720   0.00000000E+000
       853.80720   1.33410000E+001
       853.80720   0.00000000E+000
       871.48330   0.00000000E+000
       871.48330   8.25500000E-001
       871.48330   0.00000000E+000
       890.84410   0.00000000E+000
       890.84410   2.28880000E+000
       890.84410   0.00000000E+000
       920.84200   0.00000000E+000
       920.84200   1.30520000E+000
       920.84200   0.00000000E+000
       937.88560   0.00000000E+000
       937.88560   7.39000000E-002
       937.88560   0.00000000E+000
       955.65000   0.00000000E+000
       955.65000   4.54530000E+000
       955.65000   0.00000000E+000
       993.56690   0.00000000E+000
       993.56690   4.98300000E-001
       993.56690   0.00000000E+000
      1004.45010   0.00000000E+000
      1004.45010   4.83690000E+000
      1004.45010   0.00000000E+000
      1011.65900   0.00000000E+000
      1011.65900   9.73180000E+000
      1011.65900   0.00000000E+000
      1016.51930   0.00000000E+000
      1016.51930   2.24411000E+001
      1016.51930   0.00000000E+000
      1017.76410   0.00000000E+000
      1017.76410   7.15800000E-001
      1017.76410   0.00000000E+000
      1034.61230   0.00000000E+000
      1034.61230   3.91780000E+000
      1034.61230   0.00000000E+000
      1049.41170   0.00000000E+000
      1049.41170   3.38660000E+000
      1049.41170   0.00000000E+000
      1058.43400   0.00000000E+000
      1058.43400   1.63671000E+001
      1058.43400   0.00000000E+000
      1115.65610   0.00000000E+000
      1115.65610   1.54180000E+000
      1115.65610   0.00000000E+000
      1121.45630   0.00000000E+000
      1121.45630   4.41300000E-001
      1121.45630   0.00000000E+000
      1123.51780   0.00000000E+000
      1123.51780   4.47870000E+000
      1123.51780   0.00000000E+000
      1145.69390   0.00000000E+000
      1145.69390   1.66740000E+000
      1145.69390   0.00000000E+000
      1170.05160   0.00000000E+000
      1170.05160   2.86110000E+000
      1170.05160   0.00000000E+000
      1184.40730   0.00000000E+000
      1184.40730   1.19970000E+000
      1184.40730   0.00000000E+000
      1196.28240   0.00000000E+000
      1196.28240   3.01170000E+000
      1196.28240   0.00000000E+000
      1211.14200   0.00000000E+000
      1211.14200   1.20108000E+001
      1211.14200   0.00000000E+000
      1221.28990   0.00000000E+000
      1221.28990   8.64650000E+000
      1221.28990   0.00000000E+000
      1231.65770   0.00000000E+000
      1231.65770   1.22027000E+001
      1231.65770   0.00000000E+000
      1262.39500   0.00000000E+000
      1262.39500   6.98470000E+000
      1262.39500   0.00000000E+000
      1267.34210   0.00000000E+000
      1267.34210   8.42940000E+000
      1267.34210   0.00000000E+000
      1305.97390   0.00000000E+000
      1305.97390   6.64750000E+000
      1305.97390   0.00000000E+000
      1309.35010   0.00000000E+000
      1309.35010   7.70130000E+000
      1309.35010   0.00000000E+000
      1319.27830   0.00000000E+000
      1319.27830   2.46551000E+001
      1319.27830   0.00000000E+000
      1347.57130   0.00000000E+000
      1347.57130   1.95090000E+000
      1347.57130   0.00000000E+000
      1354.39350   0.00000000E+000
      1354.39350   3.11360000E+000
      1354.39350   0.00000000E+000
      1363.78610   0.00000000E+000
      1363.78610   1.89670000E+000
      1363.78610   0.00000000E+000
      1374.93650   0.00000000E+000
      1374.93650   2.98940000E+000
      1374.93650   0.00000000E+000
      1397.27180   0.00000000E+000
      1397.27180   5.62900000E-001
      1397.27180   0.00000000E+000
      1398.86980   0.00000000E+000
      1398.86980   6.62560000E+000
      1398.86980   0.00000000E+000
      1418.46990   0.00000000E+000
      1418.46990   9.52700000E-001
      1418.46990   0.00000000E+000
      1452.79520   0.00000000E+000
      1452.79520   8.67970000E+000
      1452.79520   0.00000000E+000
      1475.23840   0.00000000E+000
      1475.23840   4.84070000E+000
      1475.23840   0.00000000E+000
      1480.10440   0.00000000E+000
      1480.10440   3.48300000E+000
      1480.10440   0.00000000E+000
      1492.38220   0.00000000E+000
      1492.38220   2.67260000E+000
      1492.38220   0.00000000E+000
      1500.10870   0.00000000E+000
      1500.10870   6.18480000E+000
      1500.10870   0.00000000E+000
      1508.18180   0.00000000E+000
      1508.18180   8.46470000E+000
      1508.18180   0.00000000E+000
      1534.54410   0.00000000E+000
      1534.54410   3.14300000E-001
      1534.54410   0.00000000E+000
      1554.50050   0.00000000E+000
      1554.50050   1.73130000E+000
      1554.50050   0.00000000E+000
      1573.81320   0.00000000E+000
      1573.81320   2.09720000E+000
      1573.81320   0.00000000E+000
      1625.81900   0.00000000E+000
      1625.81900   6.09640000E+000
      1625.81900   0.00000000E+000
      1649.83020   0.00000000E+000
      1649.83020   3.32040000E+001
      1649.83020   0.00000000E+000
      1726.80160   0.00000000E+000
      1726.80160   1.05891000E+001
      1726.80160   0.00000000E+000
      1731.66480   0.00000000E+000
      1731.66480   9.39940000E+000
      1731.66480   0.00000000E+000
      1749.93030   0.00000000E+000
      1749.93030   1.45516000E+001
      1749.93030   0.00000000E+000
      3047.46460   0.00000000E+000
      3047.46460   9.65524000E+001
      3047.46460   0.00000000E+000
      3048.58730   0.00000000E+000
      3048.58730   1.25773900E+002
      3048.58730   0.00000000E+000
      3053.18780   0.00000000E+000
      3053.18780   1.30422200E+002
      3053.18780   0.00000000E+000
      3086.29910   0.00000000E+000
      3086.29910   3.73032000E+001
      3086.29910   0.00000000E+000
      3096.64020   0.00000000E+000
      3096.64020   4.96101000E+001
      3096.64020   0.00000000E+000
      3101.63450   0.00000000E+000
      3101.63450   3.77544000E+001
      3101.63450   0.00000000E+000
      3105.25240   0.00000000E+000
      3105.25240   5.98481000E+001
      3105.25240   0.00000000E+000
      3123.17110   0.00000000E+000
      3123.17110   6.18814000E+001
      3123.17110   0.00000000E+000
      3156.29410   0.00000000E+000
      3156.29410   7.45182000E+001
      3156.29410   0.00000000E+000
      3177.83000   0.00000000E+000
      3177.83000   3.33771000E+001
      3177.83000   0.00000000E+000
      3187.29140   0.00000000E+000
      3187.29140   4.93031000E+001
      3187.29140   0.00000000E+000
      3195.79020   0.00000000E+000
      3195.79020   1.18766000E+002
      3195.79020   0.00000000E+000
      3202.43080   0.00000000E+000
      3202.43080   4.12544000E+001
      3202.43080   0.00000000E+000
      3219.06090   0.00000000E+000
      3219.06090   1.89285500E+002
      3219.06090   0.00000000E+000
      3592.25230   0.00000000E+000
      3592.25230   6.07184000E+001
      3592.25230   0.00000000E+000
      3610.17000   0.00000000E+000
      3610.17000   7.30963000E+001
      3610.17000   0.00000000E+000
      3637.98080   0.00000000E+000
      3637.98080   1.19437400E+002
      3637.98080   0.00000000E+000
 
