        18.33430   0.00000000E+000
        18.33430   6.17100000E-001
        18.33430   0.00000000E+000
        46.25660   0.00000000E+000
        46.25660   3.87000000E-002
        46.25660   0.00000000E+000
        52.24620   0.00000000E+000
        52.24620   5.28000000E-002
        52.24620   0.00000000E+000
        57.78420   0.00000000E+000
        57.78420   1.34490000E+000
        57.78420   0.00000000E+000
        64.93370   0.00000000E+000
        64.93370   1.49140000E+000
        64.93370   0.00000000E+000
        89.34190   0.00000000E+000
        89.34190   2.63730000E+000
        89.34190   0.00000000E+000
        91.24200   0.00000000E+000
        91.24200   7.76000000E-001
        91.24200   0.00000000E+000
       104.27890   0.00000000E+000
       104.27890   1.40600000E+000
       104.27890   0.00000000E+000
       116.48600   0.00000000E+000
       116.48600   8.75900000E-001
       116.48600   0.00000000E+000
       123.79900   0.00000000E+000
       123.79900   3.64800000E-001
       123.79900   0.00000000E+000
       134.20970   0.00000000E+000
       134.20970   1.22660000E+000
       134.20970   0.00000000E+000
       142.05620   0.00000000E+000
       142.05620   3.76180000E+000
       142.05620   0.00000000E+000
       179.42880   0.00000000E+000
       179.42880   6.23000000E-001
       179.42880   0.00000000E+000
       195.98180   0.00000000E+000
       195.98180   3.10850000E+000
       195.98180   0.00000000E+000
       211.27080   0.00000000E+000
       211.27080   5.37100000E-001
       211.27080   0.00000000E+000
       233.70040   0.00000000E+000
       233.70040   2.64600000E-001
       233.70040   0.00000000E+000
       249.84570   0.00000000E+000
       249.84570   8.21500000E-001
       249.84570   0.00000000E+000
       273.08470   0.00000000E+000
       273.08470   1.72710000E+000
       273.08470   0.00000000E+000
       299.37670   0.00000000E+000
       299.37670   1.15460000E+000
       299.37670   0.00000000E+000
       309.21640   0.00000000E+000
       309.21640   4.63800000E-001
       309.21640   0.00000000E+000
       351.86290   0.00000000E+000
       351.86290   4.40200000E-001
       351.86290   0.00000000E+000
       354.38080   0.00000000E+000
       354.38080   8.01500000E-001
       354.38080   0.00000000E+000
       377.16990   0.00000000E+000
       377.16990   1.87700000E-001
       377.16990   0.00000000E+000
       420.48890   0.00000000E+000
       420.48890   9.50000000E-003
       420.48890   0.00000000E+000
       423.65800   0.00000000E+000
       423.65800   9.24200000E-001
       423.65800   0.00000000E+000
       453.34390   0.00000000E+000
       453.34390   8.68100000E-001
       453.34390   0.00000000E+000
       466.01700   0.00000000E+000
       466.01700   1.78260000E+000
       466.01700   0.00000000E+000
       484.85880   0.00000000E+000
       484.85880   6.04000000E-001
       484.85880   0.00000000E+000
       498.75000   0.00000000E+000
       498.75000   1.07410000E+000
       498.75000   0.00000000E+000
       515.44100   0.00000000E+000
       515.44100   6.45700000E-001
       515.44100   0.00000000E+000
       548.68590   0.00000000E+000
       548.68590   1.14810000E+000
       548.68590   0.00000000E+000
       554.47980   0.00000000E+000
       554.47980   1.40830000E+000
       554.47980   0.00000000E+000
       584.27200   0.00000000E+000
       584.27200   2.24720000E+000
       584.27200   0.00000000E+000
       614.58580   0.00000000E+000
       614.58580   9.81900000E-001
       614.58580   0.00000000E+000
       631.15310   0.00000000E+000
       631.15310   2.68480000E+000
       631.15310   0.00000000E+000
       637.44390   0.00000000E+000
       637.44390   1.76570000E+000
       637.44390   0.00000000E+000
       690.38990   0.00000000E+000
       690.38990   1.05670000E+000
       690.38990   0.00000000E+000
       716.77870   0.00000000E+000
       716.77870   1.40100000E-001
       716.77870   0.00000000E+000
       739.28240   0.00000000E+000
       739.28240   3.10590000E+000
       739.28240   0.00000000E+000
       765.09430   0.00000000E+000
       765.09430   5.27330000E+000
       765.09430   0.00000000E+000
       767.05000   0.00000000E+000
       767.05000   8.54900000E-001
       767.05000   0.00000000E+000
       809.75800   0.00000000E+000
       809.75800   6.46400000E-001
       809.75800   0.00000000E+000
       836.13110   0.00000000E+000
       836.13110   6.58800000E+000
       836.13110   0.00000000E+000
       841.04940   0.00000000E+000
       841.04940   8.79050000E+000
       841.04940   0.00000000E+000
       853.99810   0.00000000E+000
       853.99810   3.20370000E+000
       853.99810   0.00000000E+000
       875.64540   0.00000000E+000
       875.64540   1.75800000E-001
       875.64540   0.00000000E+000
       905.68180   0.00000000E+000
       905.68180   6.79150000E+000
       905.68180   0.00000000E+000
       922.87280   0.00000000E+000
       922.87280   2.08680000E+000
       922.87280   0.00000000E+000
       939.13900   0.00000000E+000
       939.13900   9.45300000E-001
       939.13900   0.00000000E+000
       953.27740   0.00000000E+000
       953.27740   5.51900000E+000
       953.27740   0.00000000E+000
       993.51610   0.00000000E+000
       993.51610   3.33580000E+000
       993.51610   0.00000000E+000
      1008.86730   0.00000000E+000
      1008.86730   2.93320000E+000
      1008.86730   0.00000000E+000
      1014.23430   0.00000000E+000
      1014.23430   2.25972000E+001
      1014.23430   0.00000000E+000
      1016.82310   0.00000000E+000
      1016.82310   1.66226000E+001
      1016.82310   0.00000000E+000
      1027.19090   0.00000000E+000
      1027.19090   3.56290000E+000
      1027.19090   0.00000000E+000
      1037.43830   0.00000000E+000
      1037.43830   5.28930000E+000
      1037.43830   0.00000000E+000
      1051.98500   0.00000000E+000
      1051.98500   1.48290000E+001
      1051.98500   0.00000000E+000
      1058.03640   0.00000000E+000
      1058.03640   2.35030000E+000
      1058.03640   0.00000000E+000
      1108.77620   0.00000000E+000
      1108.77620   2.37040000E+000
      1108.77620   0.00000000E+000
      1118.32020   0.00000000E+000
      1118.32020   7.92560000E+000
      1118.32020   0.00000000E+000
      1127.40010   0.00000000E+000
      1127.40010   6.73600000E-001
      1127.40010   0.00000000E+000
      1137.95810   0.00000000E+000
      1137.95810   2.78020000E+000
      1137.95810   0.00000000E+000
      1162.54290   0.00000000E+000
      1162.54290   1.44750000E+000
      1162.54290   0.00000000E+000
      1192.11110   0.00000000E+000
      1192.11110   7.20270000E+000
      1192.11110   0.00000000E+000
      1192.84800   0.00000000E+000
      1192.84800   9.43370000E+000
      1192.84800   0.00000000E+000
      1199.46120   0.00000000E+000
      1199.46120   2.46930000E+000
      1199.46120   0.00000000E+000
      1216.36620   0.00000000E+000
      1216.36620   2.77730000E+000
      1216.36620   0.00000000E+000
      1231.75940   0.00000000E+000
      1231.75940   1.88172000E+001
      1231.75940   0.00000000E+000
      1265.38350   0.00000000E+000
      1265.38350   5.83910000E+000
      1265.38350   0.00000000E+000
      1273.82240   0.00000000E+000
      1273.82240   6.16340000E+000
      1273.82240   0.00000000E+000
      1301.62850   0.00000000E+000
      1301.62850   6.26100000E+000
      1301.62850   0.00000000E+000
      1322.77270   0.00000000E+000
      1322.77270   2.60182000E+001
      1322.77270   0.00000000E+000
      1330.38340   0.00000000E+000
      1330.38340   7.87420000E+000
      1330.38340   0.00000000E+000
      1347.94350   0.00000000E+000
      1347.94350   1.28030000E+000
      1347.94350   0.00000000E+000
      1355.64700   0.00000000E+000
      1355.64700   3.23550000E+000
      1355.64700   0.00000000E+000
      1360.04350   0.00000000E+000
      1360.04350   1.77920000E+000
      1360.04350   0.00000000E+000
      1381.78150   0.00000000E+000
      1381.78150   1.09166000E+001
      1381.78150   0.00000000E+000
      1392.22060   0.00000000E+000
      1392.22060   5.14320000E+000
      1392.22060   0.00000000E+000
      1397.79030   0.00000000E+000
      1397.79030   1.85070000E+000
      1397.79030   0.00000000E+000
      1416.57040   0.00000000E+000
      1416.57040   1.00320000E+000
      1416.57040   0.00000000E+000
      1456.47400   0.00000000E+000
      1456.47400   9.71880000E+000
      1456.47400   0.00000000E+000
      1479.93830   0.00000000E+000
      1479.93830   4.45780000E+000
      1479.93830   0.00000000E+000
      1486.34010   0.00000000E+000
      1486.34010   1.68550000E+000
      1486.34010   0.00000000E+000
      1500.80370   0.00000000E+000
      1500.80370   4.90560000E+000
      1500.80370   0.00000000E+000
      1502.87110   0.00000000E+000
      1502.87110   1.07941000E+001
      1502.87110   0.00000000E+000
      1503.62170   0.00000000E+000
      1503.62170   1.23600000E+000
      1503.62170   0.00000000E+000
      1530.40040   0.00000000E+000
      1530.40040   1.02190000E+000
      1530.40040   0.00000000E+000
      1545.36730   0.00000000E+000
      1545.36730   3.54350000E+000
      1545.36730   0.00000000E+000
      1602.28600   0.00000000E+000
      1602.28600   2.43030000E+000
      1602.28600   0.00000000E+000
      1625.58560   0.00000000E+000
      1625.58560   7.68110000E+000
      1625.58560   0.00000000E+000
      1649.40680   0.00000000E+000
      1649.40680   3.22114000E+001
      1649.40680   0.00000000E+000
      1719.03740   0.00000000E+000
      1719.03740   6.33550000E+000
      1719.03740   0.00000000E+000
      1724.83200   0.00000000E+000
      1724.83200   1.83184000E+001
      1724.83200   0.00000000E+000
      1742.08520   0.00000000E+000
      1742.08520   2.16698000E+001
      1742.08520   0.00000000E+000
      3052.34820   0.00000000E+000
      3052.34820   1.35657700E+002
      3052.34820   0.00000000E+000
      3071.17680   0.00000000E+000
      3071.17680   1.18948500E+002
      3071.17680   0.00000000E+000
      3080.25820   0.00000000E+000
      3080.25820   1.18380000E+001
      3080.25820   0.00000000E+000
      3088.68890   0.00000000E+000
      3088.68890   1.05043100E+002
      3088.68890   0.00000000E+000
      3098.08400   0.00000000E+000
      3098.08400   2.97689000E+001
      3098.08400   0.00000000E+000
      3128.09760   0.00000000E+000
      3128.09760   5.33798000E+001
      3128.09760   0.00000000E+000
      3132.67130   0.00000000E+000
      3132.67130   5.59738000E+001
      3132.67130   0.00000000E+000
      3140.56440   0.00000000E+000
      3140.56440   3.40587000E+001
      3140.56440   0.00000000E+000
      3158.05180   0.00000000E+000
      3158.05180   7.34409000E+001
      3158.05180   0.00000000E+000
      3174.17230   0.00000000E+000
      3174.17230   4.72093000E+001
      3174.17230   0.00000000E+000
      3185.59710   0.00000000E+000
      3185.59710   5.25509000E+001
      3185.59710   0.00000000E+000
      3193.11780   0.00000000E+000
      3193.11780   5.36813000E+001
      3193.11780   0.00000000E+000
      3200.86280   0.00000000E+000
      3200.86280   1.48089800E+002
      3200.86280   0.00000000E+000
      3225.27640   0.00000000E+000
      3225.27640   1.38833700E+002
      3225.27640   0.00000000E+000
      3472.52370   0.00000000E+000
      3472.52370   8.76169000E+001
      3472.52370   0.00000000E+000
      3614.62140   0.00000000E+000
      3614.62140   1.63506000E+002
      3614.62140   0.00000000E+000
      3615.39180   0.00000000E+000
      3615.39180   4.44344000E+001
      3615.39180   0.00000000E+000
 
