        21.69850   0.00000000E+000
        21.69850   3.75100000E-001
        21.69850   0.00000000E+000
        35.24070   0.00000000E+000
        35.24070   1.14240000E+000
        35.24070   0.00000000E+000
        56.29850   0.00000000E+000
        56.29850   9.38500000E-001
        56.29850   0.00000000E+000
        61.40850   0.00000000E+000
        61.40850   5.14400000E-001
        61.40850   0.00000000E+000
        80.83200   0.00000000E+000
        80.83200   4.34510000E+000
        80.83200   0.00000000E+000
        85.03080   0.00000000E+000
        85.03080   1.07800000E+000
        85.03080   0.00000000E+000
        90.27290   0.00000000E+000
        90.27290   3.49500000E-001
        90.27290   0.00000000E+000
        94.49460   0.00000000E+000
        94.49460   1.39520000E+000
        94.49460   0.00000000E+000
       104.70880   0.00000000E+000
       104.70880   1.92340000E+000
       104.70880   0.00000000E+000
       110.49550   0.00000000E+000
       110.49550   4.12000000E-001
       110.49550   0.00000000E+000
       126.48960   0.00000000E+000
       126.48960   9.29400000E-001
       126.48960   0.00000000E+000
       142.70340   0.00000000E+000
       142.70340   4.48900000E-001
       142.70340   0.00000000E+000
       153.86060   0.00000000E+000
       153.86060   1.05330000E+000
       153.86060   0.00000000E+000
       182.55380   0.00000000E+000
       182.55380   9.04800000E-001
       182.55380   0.00000000E+000
       213.57750   0.00000000E+000
       213.57750   2.57880000E+000
       213.57750   0.00000000E+000
       232.97360   0.00000000E+000
       232.97360   1.87700000E-001
       232.97360   0.00000000E+000
       255.34900   0.00000000E+000
       255.34900   9.03200000E-001
       255.34900   0.00000000E+000
       271.49570   0.00000000E+000
       271.49570   2.90000000E-001
       271.49570   0.00000000E+000
       280.10740   0.00000000E+000
       280.10740   1.02230000E+000
       280.10740   0.00000000E+000
       318.70100   0.00000000E+000
       318.70100   1.27640000E+000
       318.70100   0.00000000E+000
       333.89270   0.00000000E+000
       333.89270   4.31500000E-001
       333.89270   0.00000000E+000
       337.05990   0.00000000E+000
       337.05990   1.26220000E+000
       337.05990   0.00000000E+000
       362.20970   0.00000000E+000
       362.20970   1.39310000E+000
       362.20970   0.00000000E+000
       389.83700   0.00000000E+000
       389.83700   1.57430000E+000
       389.83700   0.00000000E+000
       407.68870   0.00000000E+000
       407.68870   2.54300000E-001
       407.68870   0.00000000E+000
       417.58380   0.00000000E+000
       417.58380   5.94000000E-002
       417.58380   0.00000000E+000
       483.00210   0.00000000E+000
       483.00210   2.80470000E+000
       483.00210   0.00000000E+000
       497.48110   0.00000000E+000
       497.48110   4.24600000E-001
       497.48110   0.00000000E+000
       504.77830   0.00000000E+000
       504.77830   6.34900000E-001
       504.77830   0.00000000E+000
       512.97620   0.00000000E+000
       512.97620   7.70000000E-001
       512.97620   0.00000000E+000
       569.05940   0.00000000E+000
       569.05940   7.14400000E-001
       569.05940   0.00000000E+000
       581.03560   0.00000000E+000
       581.03560   1.12280000E+000
       581.03560   0.00000000E+000
       601.45860   0.00000000E+000
       601.45860   4.16280000E+000
       601.45860   0.00000000E+000
       615.60380   0.00000000E+000
       615.60380   9.14500000E-001
       615.60380   0.00000000E+000
       633.97300   0.00000000E+000
       633.97300   1.92280000E+000
       633.97300   0.00000000E+000
       634.87160   0.00000000E+000
       634.87160   1.98430000E+000
       634.87160   0.00000000E+000
       671.55650   0.00000000E+000
       671.55650   1.70540000E+000
       671.55650   0.00000000E+000
       703.14780   0.00000000E+000
       703.14780   8.03200000E-001
       703.14780   0.00000000E+000
       714.65770   0.00000000E+000
       714.65770   2.17900000E-001
       714.65770   0.00000000E+000
       758.31090   0.00000000E+000
       758.31090   2.99510000E+000
       758.31090   0.00000000E+000
       765.94720   0.00000000E+000
       765.94720   1.24370000E+000
       765.94720   0.00000000E+000
       773.27040   0.00000000E+000
       773.27040   1.16100000E+000
       773.27040   0.00000000E+000
       826.57620   0.00000000E+000
       826.57620   9.02030000E+000
       826.57620   0.00000000E+000
       836.62350   0.00000000E+000
       836.62350   1.33828000E+001
       836.62350   0.00000000E+000
       871.15280   0.00000000E+000
       871.15280   3.60900000E-001
       871.15280   0.00000000E+000
       881.04850   0.00000000E+000
       881.04850   2.10210000E+000
       881.04850   0.00000000E+000
       901.65440   0.00000000E+000
       901.65440   2.28990000E+000
       901.65440   0.00000000E+000
       933.12370   0.00000000E+000
       933.12370   1.83940000E+000
       933.12370   0.00000000E+000
       939.65130   0.00000000E+000
       939.65130   5.26800000E-001
       939.65130   0.00000000E+000
       969.15940   0.00000000E+000
       969.15940   6.36540000E+000
       969.15940   0.00000000E+000
       994.77660   0.00000000E+000
       994.77660   2.95800000E-001
       994.77660   0.00000000E+000
      1008.92940   0.00000000E+000
      1008.92940   5.42000000E-002
      1008.92940   0.00000000E+000
      1013.18790   0.00000000E+000
      1013.18790   2.30933000E+001
      1013.18790   0.00000000E+000
      1015.12160   0.00000000E+000
      1015.12160   1.36198000E+001
      1015.12160   0.00000000E+000
      1018.80240   0.00000000E+000
      1018.80240   1.83490000E+000
      1018.80240   0.00000000E+000
      1030.20510   0.00000000E+000
      1030.20510   2.63020000E+000
      1030.20510   0.00000000E+000
      1051.67100   0.00000000E+000
      1051.67100   7.27690000E+000
      1051.67100   0.00000000E+000
      1055.62180   0.00000000E+000
      1055.62180   1.56067000E+001
      1055.62180   0.00000000E+000
      1109.92820   0.00000000E+000
      1109.92820   1.63930000E+000
      1109.92820   0.00000000E+000
      1116.08090   0.00000000E+000
      1116.08090   1.59350000E+000
      1116.08090   0.00000000E+000
      1130.87480   0.00000000E+000
      1130.87480   1.61320000E+000
      1130.87480   0.00000000E+000
      1146.64550   0.00000000E+000
      1146.64550   2.49730000E+000
      1146.64550   0.00000000E+000
      1179.27410   0.00000000E+000
      1179.27410   2.60030000E+000
      1179.27410   0.00000000E+000
      1194.11190   0.00000000E+000
      1194.11190   3.13980000E+000
      1194.11190   0.00000000E+000
      1209.79070   0.00000000E+000
      1209.79070   6.75740000E+000
      1209.79070   0.00000000E+000
      1213.48780   0.00000000E+000
      1213.48780   6.31520000E+000
      1213.48780   0.00000000E+000
      1220.93390   0.00000000E+000
      1220.93390   1.37789000E+001
      1220.93390   0.00000000E+000
      1228.24640   0.00000000E+000
      1228.24640   1.04095000E+001
      1228.24640   0.00000000E+000
      1266.48130   0.00000000E+000
      1266.48130   8.97560000E+000
      1266.48130   0.00000000E+000
      1293.26750   0.00000000E+000
      1293.26750   8.53300000E+000
      1293.26750   0.00000000E+000
      1312.18480   0.00000000E+000
      1312.18480   6.98420000E+000
      1312.18480   0.00000000E+000
      1320.68800   0.00000000E+000
      1320.68800   1.20720000E+001
      1320.68800   0.00000000E+000
      1327.38690   0.00000000E+000
      1327.38690   5.76940000E+000
      1327.38690   0.00000000E+000
      1350.65970   0.00000000E+000
      1350.65970   1.17790000E+000
      1350.65970   0.00000000E+000
      1362.58020   0.00000000E+000
      1362.58020   1.36430000E+000
      1362.58020   0.00000000E+000
      1365.76920   0.00000000E+000
      1365.76920   4.64880000E+000
      1365.76920   0.00000000E+000
      1389.39910   0.00000000E+000
      1389.39910   2.17900000E+000
      1389.39910   0.00000000E+000
      1397.88670   0.00000000E+000
      1397.88670   3.29740000E+000
      1397.88670   0.00000000E+000
      1402.93630   0.00000000E+000
      1402.93630   3.67870000E+000
      1402.93630   0.00000000E+000
      1426.66490   0.00000000E+000
      1426.66490   9.30700000E-001
      1426.66490   0.00000000E+000
      1475.25760   0.00000000E+000
      1475.25760   5.60810000E+000
      1475.25760   0.00000000E+000
      1484.96550   0.00000000E+000
      1484.96550   2.48490000E+000
      1484.96550   0.00000000E+000
      1495.96230   0.00000000E+000
      1495.96230   3.10010000E+000
      1495.96230   0.00000000E+000
      1497.84480   0.00000000E+000
      1497.84480   5.01350000E+000
      1497.84480   0.00000000E+000
      1502.08480   0.00000000E+000
      1502.08480   9.96170000E+000
      1502.08480   0.00000000E+000
      1502.48670   0.00000000E+000
      1502.48670   4.76200000E+000
      1502.48670   0.00000000E+000
      1533.97890   0.00000000E+000
      1533.97890   3.20200000E-001
      1533.97890   0.00000000E+000
      1567.04690   0.00000000E+000
      1567.04690   1.42770000E+000
      1567.04690   0.00000000E+000
      1580.42950   0.00000000E+000
      1580.42950   2.03670000E+000
      1580.42950   0.00000000E+000
      1628.25430   0.00000000E+000
      1628.25430   8.06890000E+000
      1628.25430   0.00000000E+000
      1652.23950   0.00000000E+000
      1652.23950   2.92395000E+001
      1652.23950   0.00000000E+000
      1702.96440   0.00000000E+000
      1702.96440   1.15092000E+001
      1702.96440   0.00000000E+000
      1709.28300   0.00000000E+000
      1709.28300   2.29340000E+000
      1709.28300   0.00000000E+000
      1732.26870   0.00000000E+000
      1732.26870   1.13888000E+001
      1732.26870   0.00000000E+000
      3048.38240   0.00000000E+000
      3048.38240   1.54384000E+002
      3048.38240   0.00000000E+000
      3056.68770   0.00000000E+000
      3056.68770   1.19323600E+002
      3056.68770   0.00000000E+000
      3060.45900   0.00000000E+000
      3060.45900   7.61413000E+001
      3060.45900   0.00000000E+000
      3092.57780   0.00000000E+000
      3092.57780   6.39596000E+001
      3092.57780   0.00000000E+000
      3102.65940   0.00000000E+000
      3102.65940   5.23056000E+001
      3102.65940   0.00000000E+000
      3117.53150   0.00000000E+000
      3117.53150   3.47474000E+001
      3117.53150   0.00000000E+000
      3122.91540   0.00000000E+000
      3122.91540   5.38348000E+001
      3122.91540   0.00000000E+000
      3143.33220   0.00000000E+000
      3143.33220   7.19216000E+001
      3143.33220   0.00000000E+000
      3144.55680   0.00000000E+000
      3144.55680   6.34668000E+001
      3144.55680   0.00000000E+000
      3175.38810   0.00000000E+000
      3175.38810   2.95026000E+001
      3175.38810   0.00000000E+000
      3184.56920   0.00000000E+000
      3184.56920   6.97713000E+001
      3184.56920   0.00000000E+000
      3191.06230   0.00000000E+000
      3191.06230   9.43175000E+001
      3191.06230   0.00000000E+000
      3198.44960   0.00000000E+000
      3198.44960   2.10740000E+001
      3198.44960   0.00000000E+000
      3208.61640   0.00000000E+000
      3208.61640   2.55067100E+002
      3208.61640   0.00000000E+000
      3528.95630   0.00000000E+000
      3528.95630   9.40248000E+001
      3528.95630   0.00000000E+000
      3597.20910   0.00000000E+000
      3597.20910   6.00234000E+001
      3597.20910   0.00000000E+000
      3619.26350   0.00000000E+000
      3619.26350   9.50019000E+001
      3619.26350   0.00000000E+000
 
