        15.66550   0.00000000E+000
        15.66550   1.27030000E+000
        15.66550   0.00000000E+000
        28.17700   0.00000000E+000
        28.17700   1.05350000E+000
        28.17700   0.00000000E+000
        36.67900   0.00000000E+000
        36.67900   7.23900000E-001
        36.67900   0.00000000E+000
        63.27400   0.00000000E+000
        63.27400   1.12820000E+000
        63.27400   0.00000000E+000
        64.66960   0.00000000E+000
        64.66960   7.60200000E-001
        64.66960   0.00000000E+000
        76.76380   0.00000000E+000
        76.76380   2.17240000E+000
        76.76380   0.00000000E+000
        87.76950   0.00000000E+000
        87.76950   1.12610000E+000
        87.76950   0.00000000E+000
        89.59880   0.00000000E+000
        89.59880   1.44750000E+000
        89.59880   0.00000000E+000
       104.32600   0.00000000E+000
       104.32600   2.07080000E+000
       104.32600   0.00000000E+000
       116.58830   0.00000000E+000
       116.58830   1.75030000E+000
       116.58830   0.00000000E+000
       119.73270   0.00000000E+000
       119.73270   1.08630000E+000
       119.73270   0.00000000E+000
       137.24070   0.00000000E+000
       137.24070   6.14700000E-001
       137.24070   0.00000000E+000
       143.32830   0.00000000E+000
       143.32830   8.87000000E-002
       143.32830   0.00000000E+000
       191.20680   0.00000000E+000
       191.20680   3.22530000E+000
       191.20680   0.00000000E+000
       213.44630   0.00000000E+000
       213.44630   1.20590000E+000
       213.44630   0.00000000E+000
       230.97070   0.00000000E+000
       230.97070   5.12200000E-001
       230.97070   0.00000000E+000
       254.44350   0.00000000E+000
       254.44350   3.67300000E-001
       254.44350   0.00000000E+000
       261.46680   0.00000000E+000
       261.46680   2.38300000E-001
       261.46680   0.00000000E+000
       283.11800   0.00000000E+000
       283.11800   8.47600000E-001
       283.11800   0.00000000E+000
       304.66700   0.00000000E+000
       304.66700   1.09230000E+000
       304.66700   0.00000000E+000
       331.16070   0.00000000E+000
       331.16070   1.08210000E+000
       331.16070   0.00000000E+000
       345.25470   0.00000000E+000
       345.25470   1.27010000E+000
       345.25470   0.00000000E+000
       385.06820   0.00000000E+000
       385.06820   1.61010000E+000
       385.06820   0.00000000E+000
       403.02750   0.00000000E+000
       403.02750   5.96700000E-001
       403.02750   0.00000000E+000
       420.41900   0.00000000E+000
       420.41900   1.09700000E-001
       420.41900   0.00000000E+000
       436.43740   0.00000000E+000
       436.43740   1.21530000E+000
       436.43740   0.00000000E+000
       460.45670   0.00000000E+000
       460.45670   2.07010000E+000
       460.45670   0.00000000E+000
       483.46090   0.00000000E+000
       483.46090   4.58800000E-001
       483.46090   0.00000000E+000
       508.55900   0.00000000E+000
       508.55900   2.88900000E-001
       508.55900   0.00000000E+000
       532.67610   0.00000000E+000
       532.67610   1.32160000E+000
       532.67610   0.00000000E+000
       585.63860   0.00000000E+000
       585.63860   2.52940000E+000
       585.63860   0.00000000E+000
       599.84690   0.00000000E+000
       599.84690   5.07140000E+000
       599.84690   0.00000000E+000
       610.75090   0.00000000E+000
       610.75090   6.93000000E-001
       610.75090   0.00000000E+000
       629.04570   0.00000000E+000
       629.04570   3.26850000E+000
       629.04570   0.00000000E+000
       635.96990   0.00000000E+000
       635.96990   1.56510000E+000
       635.96990   0.00000000E+000
       643.08850   0.00000000E+000
       643.08850   5.35500000E-001
       643.08850   0.00000000E+000
       659.71440   0.00000000E+000
       659.71440   3.06610000E+000
       659.71440   0.00000000E+000
       693.47020   0.00000000E+000
       693.47020   2.81250000E+000
       693.47020   0.00000000E+000
       705.39520   0.00000000E+000
       705.39520   7.47400000E-001
       705.39520   0.00000000E+000
       714.08690   0.00000000E+000
       714.08690   6.47900000E-001
       714.08690   0.00000000E+000
       757.74900   0.00000000E+000
       757.74900   1.75990000E+000
       757.74900   0.00000000E+000
       762.04440   0.00000000E+000
       762.04440   1.34940000E+000
       762.04440   0.00000000E+000
       767.40170   0.00000000E+000
       767.40170   1.38850000E+000
       767.40170   0.00000000E+000
       832.93490   0.00000000E+000
       832.93490   9.70270000E+000
       832.93490   0.00000000E+000
       847.53940   0.00000000E+000
       847.53940   5.80550000E+000
       847.53940   0.00000000E+000
       870.87360   0.00000000E+000
       870.87360   2.86500000E-001
       870.87360   0.00000000E+000
       898.14340   0.00000000E+000
       898.14340   1.71030000E+000
       898.14340   0.00000000E+000
       922.00710   0.00000000E+000
       922.00710   2.22310000E+000
       922.00710   0.00000000E+000
       936.83810   0.00000000E+000
       936.83810   1.00250000E+000
       936.83810   0.00000000E+000
       946.07350   0.00000000E+000
       946.07350   5.11360000E+000
       946.07350   0.00000000E+000
       988.81820   0.00000000E+000
       988.81820   9.59000000E-001
       988.81820   0.00000000E+000
      1014.62950   0.00000000E+000
      1014.62950   3.15588000E+001
      1014.62950   0.00000000E+000
      1016.75620   0.00000000E+000
      1016.75620   2.76110000E+000
      1016.75620   0.00000000E+000
      1022.45640   0.00000000E+000
      1022.45640   2.12230000E+000
      1022.45640   0.00000000E+000
      1023.02960   0.00000000E+000
      1023.02960   3.59600000E-001
      1023.02960   0.00000000E+000
      1044.87440   0.00000000E+000
      1044.87440   5.43700000E+000
      1044.87440   0.00000000E+000
      1056.09840   0.00000000E+000
      1056.09840   1.18478000E+001
      1056.09840   0.00000000E+000
      1062.64600   0.00000000E+000
      1062.64600   7.29770000E+000
      1062.64600   0.00000000E+000
      1112.42960   0.00000000E+000
      1112.42960   1.27720000E+000
      1112.42960   0.00000000E+000
      1115.49820   0.00000000E+000
      1115.49820   1.08470000E+000
      1115.49820   0.00000000E+000
      1119.67510   0.00000000E+000
      1119.67510   4.53280000E+000
      1119.67510   0.00000000E+000
      1131.82310   0.00000000E+000
      1131.82310   2.94250000E+000
      1131.82310   0.00000000E+000
      1176.23770   0.00000000E+000
      1176.23770   2.38010000E+000
      1176.23770   0.00000000E+000
      1197.03010   0.00000000E+000
      1197.03010   5.15080000E+000
      1197.03010   0.00000000E+000
      1208.36020   0.00000000E+000
      1208.36020   1.08601000E+001
      1208.36020   0.00000000E+000
      1222.65290   0.00000000E+000
      1222.65290   3.89770000E+000
      1222.65290   0.00000000E+000
      1224.21520   0.00000000E+000
      1224.21520   1.56615000E+001
      1224.21520   0.00000000E+000
      1245.23430   0.00000000E+000
      1245.23430   3.51660000E+000
      1245.23430   0.00000000E+000
      1249.72920   0.00000000E+000
      1249.72920   8.52870000E+000
      1249.72920   0.00000000E+000
      1274.75820   0.00000000E+000
      1274.75820   7.21220000E+000
      1274.75820   0.00000000E+000
      1298.65270   0.00000000E+000
      1298.65270   7.65200000E+000
      1298.65270   0.00000000E+000
      1310.59200   0.00000000E+000
      1310.59200   5.67510000E+000
      1310.59200   0.00000000E+000
      1317.55820   0.00000000E+000
      1317.55820   1.61072000E+001
      1317.55820   0.00000000E+000
      1349.24140   0.00000000E+000
      1349.24140   9.48200000E-001
      1349.24140   0.00000000E+000
      1358.72480   0.00000000E+000
      1358.72480   1.10690000E+000
      1358.72480   0.00000000E+000
      1362.58960   0.00000000E+000
      1362.58960   1.70730000E+000
      1362.58960   0.00000000E+000
      1367.90820   0.00000000E+000
      1367.90820   2.91940000E+000
      1367.90820   0.00000000E+000
      1386.70230   0.00000000E+000
      1386.70230   1.84050000E+000
      1386.70230   0.00000000E+000
      1393.61380   0.00000000E+000
      1393.61380   6.50670000E+000
      1393.61380   0.00000000E+000
      1416.34080   0.00000000E+000
      1416.34080   1.06750000E+000
      1416.34080   0.00000000E+000
      1462.19940   0.00000000E+000
      1462.19940   8.82950000E+000
      1462.19940   0.00000000E+000
      1480.54420   0.00000000E+000
      1480.54420   4.18630000E+000
      1480.54420   0.00000000E+000
      1493.10750   0.00000000E+000
      1493.10750   1.85480000E+000
      1493.10750   0.00000000E+000
      1498.29430   0.00000000E+000
      1498.29430   2.88880000E+000
      1498.29430   0.00000000E+000
      1502.74860   0.00000000E+000
      1502.74860   6.32130000E+000
      1502.74860   0.00000000E+000
      1508.93940   0.00000000E+000
      1508.93940   8.04180000E+000
      1508.93940   0.00000000E+000
      1534.65660   0.00000000E+000
      1534.65660   5.00500000E-001
      1534.65660   0.00000000E+000
      1537.83090   0.00000000E+000
      1537.83090   2.80820000E+000
      1537.83090   0.00000000E+000
      1566.74860   0.00000000E+000
      1566.74860   1.79820000E+000
      1566.74860   0.00000000E+000
      1627.07170   0.00000000E+000
      1627.07170   8.59950000E+000
      1627.07170   0.00000000E+000
      1650.91880   0.00000000E+000
      1650.91880   3.03724000E+001
      1650.91880   0.00000000E+000
      1724.60820   0.00000000E+000
      1724.60820   1.17904000E+001
      1724.60820   0.00000000E+000
      1737.42360   0.00000000E+000
      1737.42360   9.26220000E+000
      1737.42360   0.00000000E+000
      1741.51960   0.00000000E+000
      1741.51960   1.26351000E+001
      1741.51960   0.00000000E+000
      3042.43900   0.00000000E+000
      3042.43900   1.41597600E+002
      3042.43900   0.00000000E+000
      3057.91480   0.00000000E+000
      3057.91480   1.26112900E+002
      3057.91480   0.00000000E+000
      3082.70660   0.00000000E+000
      3082.70660   4.53972000E+001
      3082.70660   0.00000000E+000
      3089.75330   0.00000000E+000
      3089.75330   1.03386500E+002
      3089.75330   0.00000000E+000
      3098.75080   0.00000000E+000
      3098.75080   2.64037000E+001
      3098.75080   0.00000000E+000
      3113.17120   0.00000000E+000
      3113.17120   3.97185000E+001
      3113.17120   0.00000000E+000
      3116.62740   0.00000000E+000
      3116.62740   7.57254000E+001
      3116.62740   0.00000000E+000
      3145.49100   0.00000000E+000
      3145.49100   3.39388000E+001
      3145.49100   0.00000000E+000
      3154.54730   0.00000000E+000
      3154.54730   7.19726000E+001
      3154.54730   0.00000000E+000
      3173.65450   0.00000000E+000
      3173.65450   4.03093000E+001
      3173.65450   0.00000000E+000
      3184.72770   0.00000000E+000
      3184.72770   5.11539000E+001
      3184.72770   0.00000000E+000
      3190.97980   0.00000000E+000
      3190.97980   7.70469000E+001
      3190.97980   0.00000000E+000
      3198.39540   0.00000000E+000
      3198.39540   5.51392000E+001
      3198.39540   0.00000000E+000
      3207.19050   0.00000000E+000
      3207.19050   2.53500400E+002
      3207.19050   0.00000000E+000
      3560.02630   0.00000000E+000
      3560.02630   6.39195000E+001
      3560.02630   0.00000000E+000
      3592.90280   0.00000000E+000
      3592.90280   9.50093000E+001
      3592.90280   0.00000000E+000
      3632.43620   0.00000000E+000
      3632.43620   4.21707000E+001
      3632.43620   0.00000000E+000
 
