        16.66370   0.00000000E+000
        16.66370   6.22400000E-001
        16.66370   0.00000000E+000
        39.07210   0.00000000E+000
        39.07210   9.00000000E-002
        39.07210   0.00000000E+000
        52.69590   0.00000000E+000
        52.69590   2.84640000E+000
        52.69590   0.00000000E+000
        59.64870   0.00000000E+000
        59.64870   8.01600000E-001
        59.64870   0.00000000E+000
        70.23050   0.00000000E+000
        70.23050   1.90360000E+000
        70.23050   0.00000000E+000
        77.64220   0.00000000E+000
        77.64220   9.96300000E-001
        77.64220   0.00000000E+000
        92.79460   0.00000000E+000
        92.79460   6.43600000E-001
        92.79460   0.00000000E+000
        96.14680   0.00000000E+000
        96.14680   1.05720000E+000
        96.14680   0.00000000E+000
       112.76210   0.00000000E+000
       112.76210   1.58790000E+000
       112.76210   0.00000000E+000
       126.06080   0.00000000E+000
       126.06080   3.25000000E-001
       126.06080   0.00000000E+000
       135.46220   0.00000000E+000
       135.46220   1.58060000E+000
       135.46220   0.00000000E+000
       167.21460   0.00000000E+000
       167.21460   1.44870000E+000
       167.21460   0.00000000E+000
       200.95860   0.00000000E+000
       200.95860   1.49260000E+000
       200.95860   0.00000000E+000
       211.50760   0.00000000E+000
       211.50760   3.16380000E+000
       211.50760   0.00000000E+000
       227.39680   0.00000000E+000
       227.39680   8.72900000E-001
       227.39680   0.00000000E+000
       246.24700   0.00000000E+000
       246.24700   3.29200000E-001
       246.24700   0.00000000E+000
       258.16820   0.00000000E+000
       258.16820   1.36530000E+000
       258.16820   0.00000000E+000
       260.20080   0.00000000E+000
       260.20080   1.54500000E-001
       260.20080   0.00000000E+000
       287.34740   0.00000000E+000
       287.34740   1.72800000E-001
       287.34740   0.00000000E+000
       326.02010   0.00000000E+000
       326.02010   1.59360000E+000
       326.02010   0.00000000E+000
       336.35340   0.00000000E+000
       336.35340   6.73300000E-001
       336.35340   0.00000000E+000
       354.53260   0.00000000E+000
       354.53260   1.40800000E+000
       354.53260   0.00000000E+000
       391.37250   0.00000000E+000
       391.37250   7.56300000E-001
       391.37250   0.00000000E+000
       403.46660   0.00000000E+000
       403.46660   6.70900000E-001
       403.46660   0.00000000E+000
       415.50190   0.00000000E+000
       415.50190   8.60000000E-002
       415.50190   0.00000000E+000
       436.34560   0.00000000E+000
       436.34560   9.70000000E-001
       436.34560   0.00000000E+000
       478.69290   0.00000000E+000
       478.69290   2.39330000E+000
       478.69290   0.00000000E+000
       504.01750   0.00000000E+000
       504.01750   9.66600000E-001
       504.01750   0.00000000E+000
       506.95630   0.00000000E+000
       506.95630   5.72600000E-001
       506.95630   0.00000000E+000
       532.37500   0.00000000E+000
       532.37500   1.06200000E-001
       532.37500   0.00000000E+000
       558.49100   0.00000000E+000
       558.49100   9.09700000E-001
       558.49100   0.00000000E+000
       572.44570   0.00000000E+000
       572.44570   9.44800000E-001
       572.44570   0.00000000E+000
       581.72560   0.00000000E+000
       581.72560   3.88900000E-001
       581.72560   0.00000000E+000
       629.19270   0.00000000E+000
       629.19270   3.72660000E+000
       629.19270   0.00000000E+000
       636.43320   0.00000000E+000
       636.43320   1.04870000E+000
       636.43320   0.00000000E+000
       643.68570   0.00000000E+000
       643.68570   8.54900000E-001
       643.68570   0.00000000E+000
       659.30630   0.00000000E+000
       659.30630   1.20110000E+000
       659.30630   0.00000000E+000
       687.66200   0.00000000E+000
       687.66200   1.39030000E+000
       687.66200   0.00000000E+000
       711.42610   0.00000000E+000
       711.42610   1.31800000E-001
       711.42610   0.00000000E+000
       746.53930   0.00000000E+000
       746.53930   8.61200000E-001
       746.53930   0.00000000E+000
       753.70620   0.00000000E+000
       753.70620   2.25360000E+000
       753.70620   0.00000000E+000
       768.44190   0.00000000E+000
       768.44190   2.18060000E+000
       768.44190   0.00000000E+000
       837.23130   0.00000000E+000
       837.23130   3.73290000E+000
       837.23130   0.00000000E+000
       841.77940   0.00000000E+000
       841.77940   4.76470000E+000
       841.77940   0.00000000E+000
       858.88450   0.00000000E+000
       858.88450   1.42462000E+001
       858.88450   0.00000000E+000
       864.41990   0.00000000E+000
       864.41990   1.51300000E-001
       864.41990   0.00000000E+000
       895.92770   0.00000000E+000
       895.92770   4.93190000E+000
       895.92770   0.00000000E+000
       926.14760   0.00000000E+000
       926.14760   1.90580000E+000
       926.14760   0.00000000E+000
       932.61710   0.00000000E+000
       932.61710   2.85900000E-001
       932.61710   0.00000000E+000
       963.59090   0.00000000E+000
       963.59090   4.98200000E+000
       963.59090   0.00000000E+000
       988.26690   0.00000000E+000
       988.26690   7.67900000E-001
       988.26690   0.00000000E+000
      1002.62780   0.00000000E+000
      1002.62780   3.85600000E-001
      1002.62780   0.00000000E+000
      1014.69990   0.00000000E+000
      1014.69990   2.97127000E+001
      1014.69990   0.00000000E+000
      1017.42710   0.00000000E+000
      1017.42710   6.36300000E+000
      1017.42710   0.00000000E+000
      1025.76360   0.00000000E+000
      1025.76360   1.31600000E+000
      1025.76360   0.00000000E+000
      1042.05140   0.00000000E+000
      1042.05140   5.63860000E+000
      1042.05140   0.00000000E+000
      1055.42810   0.00000000E+000
      1055.42810   1.47855000E+001
      1055.42810   0.00000000E+000
      1056.39510   0.00000000E+000
      1056.39510   6.46850000E+000
      1056.39510   0.00000000E+000
      1114.91410   0.00000000E+000
      1114.91410   2.20940000E+000
      1114.91410   0.00000000E+000
      1122.74510   0.00000000E+000
      1122.74510   2.73190000E+000
      1122.74510   0.00000000E+000
      1131.13020   0.00000000E+000
      1131.13020   3.09200000E+000
      1131.13020   0.00000000E+000
      1143.79090   0.00000000E+000
      1143.79090   4.21270000E+000
      1143.79090   0.00000000E+000
      1171.87430   0.00000000E+000
      1171.87430   2.41050000E+000
      1171.87430   0.00000000E+000
      1194.77610   0.00000000E+000
      1194.77610   2.20720000E+000
      1194.77610   0.00000000E+000
      1202.18740   0.00000000E+000
      1202.18740   1.26754000E+001
      1202.18740   0.00000000E+000
      1221.02870   0.00000000E+000
      1221.02870   3.33180000E+000
      1221.02870   0.00000000E+000
      1229.55720   0.00000000E+000
      1229.55720   9.01720000E+000
      1229.55720   0.00000000E+000
      1231.17580   0.00000000E+000
      1231.17580   1.03892000E+001
      1231.17580   0.00000000E+000
      1256.12440   0.00000000E+000
      1256.12440   7.32960000E+000
      1256.12440   0.00000000E+000
      1265.17690   0.00000000E+000
      1265.17690   5.95190000E+000
      1265.17690   0.00000000E+000
      1306.31510   0.00000000E+000
      1306.31510   6.59850000E+000
      1306.31510   0.00000000E+000
      1312.44300   0.00000000E+000
      1312.44300   7.67540000E+000
      1312.44300   0.00000000E+000
      1321.81770   0.00000000E+000
      1321.81770   2.01403000E+001
      1321.81770   0.00000000E+000
      1346.81540   0.00000000E+000
      1346.81540   3.00740000E+000
      1346.81540   0.00000000E+000
      1349.16550   0.00000000E+000
      1349.16550   9.75600000E-001
      1349.16550   0.00000000E+000
      1360.15950   0.00000000E+000
      1360.15950   1.59160000E+000
      1360.15950   0.00000000E+000
      1378.88910   0.00000000E+000
      1378.88910   3.78640000E+000
      1378.88910   0.00000000E+000
      1395.14380   0.00000000E+000
      1395.14380   8.30540000E+000
      1395.14380   0.00000000E+000
      1403.70340   0.00000000E+000
      1403.70340   1.20160000E+000
      1403.70340   0.00000000E+000
      1423.72510   0.00000000E+000
      1423.72510   1.10830000E+000
      1423.72510   0.00000000E+000
      1458.01560   0.00000000E+000
      1458.01560   8.43400000E+000
      1458.01560   0.00000000E+000
      1475.26760   0.00000000E+000
      1475.26760   6.43350000E+000
      1475.26760   0.00000000E+000
      1483.59630   0.00000000E+000
      1483.59630   2.85320000E+000
      1483.59630   0.00000000E+000
      1494.76950   0.00000000E+000
      1494.76950   3.77730000E+000
      1494.76950   0.00000000E+000
      1507.30190   0.00000000E+000
      1507.30190   7.28740000E+000
      1507.30190   0.00000000E+000
      1517.59690   0.00000000E+000
      1517.59690   4.41350000E+000
      1517.59690   0.00000000E+000
      1532.54000   0.00000000E+000
      1532.54000   3.96100000E-001
      1532.54000   0.00000000E+000
      1549.97640   0.00000000E+000
      1549.97640   1.98620000E+000
      1549.97640   0.00000000E+000
      1569.79960   0.00000000E+000
      1569.79960   3.82270000E+000
      1569.79960   0.00000000E+000
      1625.68810   0.00000000E+000
      1625.68810   6.30060000E+000
      1625.68810   0.00000000E+000
      1650.79960   0.00000000E+000
      1650.79960   3.25630000E+001
      1650.79960   0.00000000E+000
      1711.45030   0.00000000E+000
      1711.45030   6.90100000E+000
      1711.45030   0.00000000E+000
      1731.90180   0.00000000E+000
      1731.90180   1.12044000E+001
      1731.90180   0.00000000E+000
      1741.28050   0.00000000E+000
      1741.28050   1.95834000E+001
      1741.28050   0.00000000E+000
      3052.52240   0.00000000E+000
      3052.52240   1.49753900E+002
      3052.52240   0.00000000E+000
      3060.17150   0.00000000E+000
      3060.17150   1.19054600E+002
      3060.17150   0.00000000E+000
      3078.36490   0.00000000E+000
      3078.36490   1.09385900E+002
      3078.36490   0.00000000E+000
      3086.19440   0.00000000E+000
      3086.19440   1.94757000E+001
      3086.19440   0.00000000E+000
      3099.66010   0.00000000E+000
      3099.66010   5.59320000E+001
      3099.66010   0.00000000E+000
      3115.58940   0.00000000E+000
      3115.58940   5.99722000E+001
      3115.58940   0.00000000E+000
      3131.12920   0.00000000E+000
      3131.12920   5.01070000E+001
      3131.12920   0.00000000E+000
      3138.31230   0.00000000E+000
      3138.31230   3.35051000E+001
      3138.31230   0.00000000E+000
      3154.81400   0.00000000E+000
      3154.81400   6.76243000E+001
      3154.81400   0.00000000E+000
      3173.35660   0.00000000E+000
      3173.35660   4.43800000E+001
      3173.35660   0.00000000E+000
      3189.48560   0.00000000E+000
      3189.48560   5.69625000E+001
      3189.48560   0.00000000E+000
      3194.35420   0.00000000E+000
      3194.35420   9.95745000E+001
      3194.35420   0.00000000E+000
      3201.54640   0.00000000E+000
      3201.54640   6.79082000E+001
      3201.54640   0.00000000E+000
      3221.27220   0.00000000E+000
      3221.27220   1.58071600E+002
      3221.27220   0.00000000E+000
      3583.95100   0.00000000E+000
      3583.95100   4.91890000E+001
      3583.95100   0.00000000E+000
      3607.44270   0.00000000E+000
      3607.44270   7.73069000E+001
      3607.44270   0.00000000E+000
      3613.66060   0.00000000E+000
      3613.66060   1.15237600E+002
      3613.66060   0.00000000E+000
 
