        19.05760   0.00000000E+000
        19.05760   3.14759000E+001
        19.05760   0.00000000E+000
        48.25110   0.00000000E+000
        48.25110   2.23708000E+001
        48.25110   0.00000000E+000
        59.19490   0.00000000E+000
        59.19490   3.49650000E+001
        59.19490   0.00000000E+000
        68.23010   0.00000000E+000
        68.23010   5.90281000E+001
        68.23010   0.00000000E+000
        74.88510   0.00000000E+000
        74.88510   1.83435000E+001
        74.88510   0.00000000E+000
        82.44450   0.00000000E+000
        82.44450   3.78417000E+001
        82.44450   0.00000000E+000
        92.63010   0.00000000E+000
        92.63010   4.20219000E+001
        92.63010   0.00000000E+000
       100.03420   0.00000000E+000
       100.03420   4.83250000E+001
       100.03420   0.00000000E+000
       103.33100   0.00000000E+000
       103.33100   2.02130000E+001
       103.33100   0.00000000E+000
       109.98920   0.00000000E+000
       109.98920   7.04690000E+001
       109.98920   0.00000000E+000
       111.62930   0.00000000E+000
       111.62930   1.04754500E+002
       111.62930   0.00000000E+000
       116.71820   0.00000000E+000
       116.71820   2.59852000E+001
       116.71820   0.00000000E+000
       137.32850   0.00000000E+000
       137.32850   4.89251900E+002
       137.32850   0.00000000E+000
       141.85830   0.00000000E+000
       141.85830   3.67381000E+001
       141.85830   0.00000000E+000
       144.12370   0.00000000E+000
       144.12370   5.61966200E+002
       144.12370   0.00000000E+000
       152.10010   0.00000000E+000
       152.10010   1.17075400E+002
       152.10010   0.00000000E+000
       174.25500   0.00000000E+000
       174.25500   1.16177500E+002
       174.25500   0.00000000E+000
       177.93000   0.00000000E+000
       177.93000   8.60630000E+001
       177.93000   0.00000000E+000
       193.42400   0.00000000E+000
       193.42400   4.62108000E+001
       193.42400   0.00000000E+000
       211.79280   0.00000000E+000
       211.79280   1.12271000E+002
       211.79280   0.00000000E+000
       223.27790   0.00000000E+000
       223.27790   2.61611000E+001
       223.27790   0.00000000E+000
       243.78430   0.00000000E+000
       243.78430   1.45661300E+002
       243.78430   0.00000000E+000
       249.55600   0.00000000E+000
       249.55600   1.13434400E+002
       249.55600   0.00000000E+000
       271.70850   0.00000000E+000
       271.70850   1.02890070E+003
       271.70850   0.00000000E+000
       284.96420   0.00000000E+000
       284.96420   1.89786900E+002
       284.96420   0.00000000E+000
       307.05530   0.00000000E+000
       307.05530   2.34480400E+002
       307.05530   0.00000000E+000
       333.01310   0.00000000E+000
       333.01310   2.70786000E+001
       333.01310   0.00000000E+000
       333.83730   0.00000000E+000
       333.83730   2.76205700E+002
       333.83730   0.00000000E+000
       377.03610   0.00000000E+000
       377.03610   4.31536600E+002
       377.03610   0.00000000E+000
       394.67970   0.00000000E+000
       394.67970   9.06435900E+002
       394.67970   0.00000000E+000
       401.37120   0.00000000E+000
       401.37120   7.62225000E+001
       401.37120   0.00000000E+000
       406.74820   0.00000000E+000
       406.74820   7.12673700E+002
       406.74820   0.00000000E+000
       412.78050   0.00000000E+000
       412.78050   6.50262000E+001
       412.78050   0.00000000E+000
       420.99170   0.00000000E+000
       420.99170   1.20380920E+003
       420.99170   0.00000000E+000
       476.45220   0.00000000E+000
       476.45220   9.92006000E+001
       476.45220   0.00000000E+000
       490.58520   0.00000000E+000
       490.58520   2.24259800E+002
       490.58520   0.00000000E+000
       502.98900   0.00000000E+000
       502.98900   6.39221000E+001
       502.98900   0.00000000E+000
       512.85950   0.00000000E+000
       512.85950   4.06884000E+001
       512.85950   0.00000000E+000
       534.77590   0.00000000E+000
       534.77590   2.66097760E+003
       534.77590   0.00000000E+000
       554.87430   0.00000000E+000
       554.87430   9.03336300E+002
       554.87430   0.00000000E+000
       573.92010   0.00000000E+000
       573.92010   2.35886170E+003
       573.92010   0.00000000E+000
       585.49770   0.00000000E+000
       585.49770   4.78746600E+002
       585.49770   0.00000000E+000
       607.08420   0.00000000E+000
       607.08420   8.84146100E+002
       607.08420   0.00000000E+000
       622.56540   0.00000000E+000
       622.56540   1.94573328E+004
       622.56540   0.00000000E+000
       633.29680   0.00000000E+000
       633.29680   2.92792500E+002
       633.29680   0.00000000E+000
       645.55130   0.00000000E+000
       645.55130   2.73911000E+001
       645.55130   0.00000000E+000
       678.39750   0.00000000E+000
       678.39750   6.39051300E+002
       678.39750   0.00000000E+000
       691.40060   0.00000000E+000
       691.40060   7.31564200E+002
       691.40060   0.00000000E+000
       707.58930   0.00000000E+000
       707.58930   2.22470500E+002
       707.58930   0.00000000E+000
       742.89880   0.00000000E+000
       742.89880   5.51193000E+001
       742.89880   0.00000000E+000
       756.96480   0.00000000E+000
       756.96480   6.37309600E+002
       756.96480   0.00000000E+000
       763.55470   0.00000000E+000
       763.55470   1.19095870E+003
       763.55470   0.00000000E+000
       767.00970   0.00000000E+000
       767.00970   2.87517800E+002
       767.00970   0.00000000E+000
       769.94130   0.00000000E+000
       769.94130   6.71446000E+001
       769.94130   0.00000000E+000
       834.03930   0.00000000E+000
       834.03930   2.03962780E+003
       834.03930   0.00000000E+000
       840.74030   0.00000000E+000
       840.74030   1.64568300E+002
       840.74030   0.00000000E+000
       855.80340   0.00000000E+000
       855.80340   7.38650000E+001
       855.80340   0.00000000E+000
       888.73710   0.00000000E+000
       888.73710   8.76735200E+002
       888.73710   0.00000000E+000
       911.60940   0.00000000E+000
       911.60940   1.93053040E+003
       911.60940   0.00000000E+000
       922.23660   0.00000000E+000
       922.23660   5.29449380E+003
       922.23660   0.00000000E+000
       933.64180   0.00000000E+000
       933.64180   2.41088890E+004
       933.64180   0.00000000E+000
       947.56120   0.00000000E+000
       947.56120   3.06517520E+003
       947.56120   0.00000000E+000
       975.83680   0.00000000E+000
       975.83680   5.75203060E+003
       975.83680   0.00000000E+000
       993.89710   0.00000000E+000
       993.89710   8.64027090E+003
       993.89710   0.00000000E+000
       997.74630   0.00000000E+000
       997.74630   1.87853310E+003
       997.74630   0.00000000E+000
      1011.48250   0.00000000E+000
      1011.48250   2.84722750E+003
      1011.48250   0.00000000E+000
      1013.70930   0.00000000E+000
      1013.70930   1.29538550E+003
      1013.70930   0.00000000E+000
      1023.61840   0.00000000E+000
      1023.61840   9.03117800E+002
      1023.61840   0.00000000E+000
      1036.72200   0.00000000E+000
      1036.72200   2.33420500E+002
      1036.72200   0.00000000E+000
      1039.59680   0.00000000E+000
      1039.59680   8.87362500E+002
      1039.59680   0.00000000E+000
      1042.70210   0.00000000E+000
      1042.70210   2.70076340E+003
      1042.70210   0.00000000E+000
      1061.98220   0.00000000E+000
      1061.98220   8.90279900E+002
      1061.98220   0.00000000E+000
      1088.08490   0.00000000E+000
      1088.08490   2.85855800E+002
      1088.08490   0.00000000E+000
      1111.36250   0.00000000E+000
      1111.36250   3.51192800E+003
      1111.36250   0.00000000E+000
      1122.17830   0.00000000E+000
      1122.17830   2.27100860E+003
      1122.17830   0.00000000E+000
      1131.28380   0.00000000E+000
      1131.28380   2.38898250E+003
      1131.28380   0.00000000E+000
      1146.43470   0.00000000E+000
      1146.43470   2.31141404E+004
      1146.43470   0.00000000E+000
      1169.27230   0.00000000E+000
      1169.27230   2.00707000E+002
      1169.27230   0.00000000E+000
      1174.66920   0.00000000E+000
      1174.66920   7.25526400E+002
      1174.66920   0.00000000E+000
      1177.17490   0.00000000E+000
      1177.17490   3.94651200E+002
      1177.17490   0.00000000E+000
      1185.78130   0.00000000E+000
      1185.78130   7.96521100E+002
      1185.78130   0.00000000E+000
      1194.18760   0.00000000E+000
      1194.18760   2.80048560E+003
      1194.18760   0.00000000E+000
      1203.97130   0.00000000E+000
      1203.97130   5.35660300E+002
      1203.97130   0.00000000E+000
      1215.02600   0.00000000E+000
      1215.02600   1.64563313E+004
      1215.02600   0.00000000E+000
      1226.14810   0.00000000E+000
      1226.14810   1.02083484E+004
      1226.14810   0.00000000E+000
      1226.66720   0.00000000E+000
      1226.66720   6.55503740E+003
      1226.66720   0.00000000E+000
      1270.68340   0.00000000E+000
      1270.68340   4.94354320E+003
      1270.68340   0.00000000E+000
      1277.47830   0.00000000E+000
      1277.47830   3.38178670E+003
      1277.47830   0.00000000E+000
      1296.63040   0.00000000E+000
      1296.63040   3.30366300E+002
      1296.63040   0.00000000E+000
      1313.65110   0.00000000E+000
      1313.65110   4.40406470E+003
      1313.65110   0.00000000E+000
      1316.87870   0.00000000E+000
      1316.87870   5.64364900E+002
      1316.87870   0.00000000E+000
      1330.63050   0.00000000E+000
      1330.63050   6.13525100E+002
      1330.63050   0.00000000E+000
      1349.64980   0.00000000E+000
      1349.64980   4.38041600E+002
      1349.64980   0.00000000E+000
      1360.35840   0.00000000E+000
      1360.35840   9.52586000E+001
      1360.35840   0.00000000E+000
      1364.58380   0.00000000E+000
      1364.58380   2.78611800E+002
      1364.58380   0.00000000E+000
      1367.36680   0.00000000E+000
      1367.36680   2.74922500E+002
      1367.36680   0.00000000E+000
      1378.74210   0.00000000E+000
      1378.74210   7.77105600E+002
      1378.74210   0.00000000E+000
      1393.35820   0.00000000E+000
      1393.35820   8.00864000E+001
      1393.35820   0.00000000E+000
      1400.83780   0.00000000E+000
      1400.83780   5.76114100E+002
      1400.83780   0.00000000E+000
      1411.45190   0.00000000E+000
      1411.45190   3.11077000E+001
      1411.45190   0.00000000E+000
      1420.60560   0.00000000E+000
      1420.60560   4.70296000E+001
      1420.60560   0.00000000E+000
      1467.32630   0.00000000E+000
      1467.32630   6.62093000E+001
      1467.32630   0.00000000E+000
      1471.69960   0.00000000E+000
      1471.69960   6.99098500E+002
      1471.69960   0.00000000E+000
      1485.43720   0.00000000E+000
      1485.43720   6.37588000E+002
      1485.43720   0.00000000E+000
      1492.55040   0.00000000E+000
      1492.55040   1.05154891E+004
      1492.55040   0.00000000E+000
      1499.92970   0.00000000E+000
      1499.92970   2.01951000E+002
      1499.92970   0.00000000E+000
      1501.74040   0.00000000E+000
      1501.74040   3.25730000E+001
      1501.74040   0.00000000E+000
      1504.48620   0.00000000E+000
      1504.48620   3.69146600E+002
      1504.48620   0.00000000E+000
      1505.24940   0.00000000E+000
      1505.24940   1.70333630E+003
      1505.24940   0.00000000E+000
      1520.39620   0.00000000E+000
      1520.39620   4.14514120E+003
      1520.39620   0.00000000E+000
      1548.15040   0.00000000E+000
      1548.15040   1.01682750E+003
      1548.15040   0.00000000E+000
      1567.18550   0.00000000E+000
      1567.18550   1.98786380E+003
      1567.18550   0.00000000E+000
      1597.93720   0.00000000E+000
      1597.93720   9.69982000E+002
      1597.93720   0.00000000E+000
      1628.74800   0.00000000E+000
      1628.74800   1.22489175E+005
      1628.74800   0.00000000E+000
      1699.10440   0.00000000E+000
      1699.10440   3.36903100E+002
      1699.10440   0.00000000E+000
      1716.42400   0.00000000E+000
      1716.42400   3.33339600E+002
      1716.42400   0.00000000E+000
      1720.76220   0.00000000E+000
      1720.76220   1.00316470E+003
      1720.76220   0.00000000E+000
      3039.66130   0.00000000E+000
      3039.66130   2.02442300E+002
      3039.66130   0.00000000E+000
      3042.26850   0.00000000E+000
      3042.26850   7.81670800E+002
      3042.26850   0.00000000E+000
      3052.60990   0.00000000E+000
      3052.60990   9.97084000E+001
      3052.60990   0.00000000E+000
      3060.99090   0.00000000E+000
      3060.99090   8.08234000E+001
      3060.99090   0.00000000E+000
      3064.53710   0.00000000E+000
      3064.53710   4.52625000E+001
      3064.53710   0.00000000E+000
      3090.96890   0.00000000E+000
      3090.96890   1.50343300E+002
      3090.96890   0.00000000E+000
      3093.25240   0.00000000E+000
      3093.25240   2.19497000E+001
      3093.25240   0.00000000E+000
      3099.08150   0.00000000E+000
      3099.08150   1.30058180E+003
      3099.08150   0.00000000E+000
      3113.31300   0.00000000E+000
      3113.31300   5.14525000E+001
      3113.31300   0.00000000E+000
      3125.62130   0.00000000E+000
      3125.62130   1.38377700E+002
      3125.62130   0.00000000E+000
      3127.21430   0.00000000E+000
      3127.21430   5.89228000E+001
      3127.21430   0.00000000E+000
      3156.52970   0.00000000E+000
      3156.52970   4.45346000E+001
      3156.52970   0.00000000E+000
      3187.34230   0.00000000E+000
      3187.34230   2.93448500E+002
      3187.34230   0.00000000E+000
      3197.40060   0.00000000E+000
      3197.40060   7.00494600E+002
      3197.40060   0.00000000E+000
      3206.58130   0.00000000E+000
      3206.58130   1.09668990E+003
      3206.58130   0.00000000E+000
      3212.29690   0.00000000E+000
      3212.29690   4.70272750E+003
      3212.29690   0.00000000E+000
      3266.79240   0.00000000E+000
      3266.79240   2.70241900E+002
      3266.79240   0.00000000E+000
      3550.02350   0.00000000E+000
      3550.02350   1.01352920E+003
      3550.02350   0.00000000E+000
      3592.84760   0.00000000E+000
      3592.84760   2.11582607E+004
      3592.84760   0.00000000E+000
      3604.38920   0.00000000E+000
      3604.38920   4.21888780E+003
      3604.38920   0.00000000E+000
      3668.46300   0.00000000E+000
      3668.46300   4.73439800E+002
      3668.46300   0.00000000E+000
 
