        22.06200   0.00000000E+000
        22.06200   7.95200000E-001
        22.06200   0.00000000E+000
        24.29840   0.00000000E+000
        24.29840   5.93500000E-001
        24.29840   0.00000000E+000
        42.98820   0.00000000E+000
        42.98820   7.66000000E-001
        42.98820   0.00000000E+000
        52.45140   0.00000000E+000
        52.45140   2.61560000E+000
        52.45140   0.00000000E+000
        60.02060   0.00000000E+000
        60.02060   4.00680000E+000
        60.02060   0.00000000E+000
        65.84140   0.00000000E+000
        65.84140   5.31130000E+000
        65.84140   0.00000000E+000
        69.10820   0.00000000E+000
        69.10820   5.44840000E+000
        69.10820   0.00000000E+000
        79.02260   0.00000000E+000
        79.02260   1.32280000E+000
        79.02260   0.00000000E+000
        85.19810   0.00000000E+000
        85.19810   4.80750000E+000
        85.19810   0.00000000E+000
        85.65970   0.00000000E+000
        85.65970   5.15770000E+000
        85.65970   0.00000000E+000
        96.75910   0.00000000E+000
        96.75910   5.90600000E-001
        96.75910   0.00000000E+000
       100.30720   0.00000000E+000
       100.30720   7.72670000E+000
       100.30720   0.00000000E+000
       108.76990   0.00000000E+000
       108.76990   6.88840000E+000
       108.76990   0.00000000E+000
       116.59580   0.00000000E+000
       116.59580   2.15890000E+000
       116.59580   0.00000000E+000
       122.99370   0.00000000E+000
       122.99370   5.78800000E+000
       122.99370   0.00000000E+000
       127.90280   0.00000000E+000
       127.90280   2.93180000E+000
       127.90280   0.00000000E+000
       132.76880   0.00000000E+000
       132.76880   1.79630000E+000
       132.76880   0.00000000E+000
       139.76770   0.00000000E+000
       139.76770   2.23740000E+000
       139.76770   0.00000000E+000
       162.48840   0.00000000E+000
       162.48840   3.54470000E+000
       162.48840   0.00000000E+000
       177.31670   0.00000000E+000
       177.31670   6.54100000E-001
       177.31670   0.00000000E+000
       191.47700   0.00000000E+000
       191.47700   2.23310000E+000
       191.47700   0.00000000E+000
       198.36890   0.00000000E+000
       198.36890   1.50985000E+001
       198.36890   0.00000000E+000
       206.84140   0.00000000E+000
       206.84140   1.85300000E+000
       206.84140   0.00000000E+000
       223.81840   0.00000000E+000
       223.81840   7.21670000E+000
       223.81840   0.00000000E+000
       236.50470   0.00000000E+000
       236.50470   1.31780000E+000
       236.50470   0.00000000E+000
       263.92690   0.00000000E+000
       263.92690   1.04710000E+000
       263.92690   0.00000000E+000
       277.49750   0.00000000E+000
       277.49750   5.83700000E-001
       277.49750   0.00000000E+000
       285.54390   0.00000000E+000
       285.54390   1.78060000E+000
       285.54390   0.00000000E+000
       320.47710   0.00000000E+000
       320.47710   5.95480000E+000
       320.47710   0.00000000E+000
       325.67060   0.00000000E+000
       325.67060   8.84210000E+000
       325.67060   0.00000000E+000
       337.33120   0.00000000E+000
       337.33120   3.28420000E+000
       337.33120   0.00000000E+000
       346.69820   0.00000000E+000
       346.69820   7.60350000E+000
       346.69820   0.00000000E+000
       386.20640   0.00000000E+000
       386.20640   4.66597000E+001
       386.20640   0.00000000E+000
       399.89780   0.00000000E+000
       399.89780   6.30920000E+000
       399.89780   0.00000000E+000
       403.61870   0.00000000E+000
       403.61870   3.76700000E+000
       403.61870   0.00000000E+000
       410.08210   0.00000000E+000
       410.08210   1.96161000E+001
       410.08210   0.00000000E+000
       418.65300   0.00000000E+000
       418.65300   5.36200000E-001
       418.65300   0.00000000E+000
       430.81030   0.00000000E+000
       430.81030   1.75700000E+000
       430.81030   0.00000000E+000
       456.37960   0.00000000E+000
       456.37960   1.37674600E+002
       456.37960   0.00000000E+000
       462.53510   0.00000000E+000
       462.53510   1.67320000E+000
       462.53510   0.00000000E+000
       481.75830   0.00000000E+000
       481.75830   5.18634000E+001
       481.75830   0.00000000E+000
       493.95870   0.00000000E+000
       493.95870   3.18704000E+001
       493.95870   0.00000000E+000
       506.73530   0.00000000E+000
       506.73530   6.90120000E+000
       506.73530   0.00000000E+000
       529.14660   0.00000000E+000
       529.14660   1.15616660E+003
       529.14660   0.00000000E+000
       571.52840   0.00000000E+000
       571.52840   7.99449000E+001
       571.52840   0.00000000E+000
       588.04420   0.00000000E+000
       588.04420   3.57080000E+000
       588.04420   0.00000000E+000
       603.04950   0.00000000E+000
       603.04950   4.00495000E+001
       603.04950   0.00000000E+000
       617.65770   0.00000000E+000
       617.65770   2.45640000E+000
       617.65770   0.00000000E+000
       628.11710   0.00000000E+000
       628.11710   1.29440000E+000
       628.11710   0.00000000E+000
       635.21630   0.00000000E+000
       635.21630   9.19690000E+000
       635.21630   0.00000000E+000
       687.51400   0.00000000E+000
       687.51400   2.34208300E+002
       687.51400   0.00000000E+000
       692.08590   0.00000000E+000
       692.08590   1.93691000E+001
       692.08590   0.00000000E+000
       703.72030   0.00000000E+000
       703.72030   1.93922900E+002
       703.72030   0.00000000E+000
       708.63300   0.00000000E+000
       708.63300   1.06008300E+002
       708.63300   0.00000000E+000
       718.12400   0.00000000E+000
       718.12400   4.53950000E+000
       718.12400   0.00000000E+000
       756.45100   0.00000000E+000
       756.45100   2.76653000E+001
       756.45100   0.00000000E+000
       758.59790   0.00000000E+000
       758.59790   9.88200000E-001
       758.59790   0.00000000E+000
       772.10370   0.00000000E+000
       772.10370   2.06069000E+001
       772.10370   0.00000000E+000
       793.44180   0.00000000E+000
       793.44180   3.67799000E+001
       793.44180   0.00000000E+000
       833.49960   0.00000000E+000
       833.49960   1.02642000E+001
       833.49960   0.00000000E+000
       835.02550   0.00000000E+000
       835.02550   1.21630100E+002
       835.02550   0.00000000E+000
       869.37820   0.00000000E+000
       869.37820   4.31590000E+000
       869.37820   0.00000000E+000
       895.25220   0.00000000E+000
       895.25220   1.22451000E+001
       895.25220   0.00000000E+000
       914.28330   0.00000000E+000
       914.28330   3.87530000E+000
       914.28330   0.00000000E+000
       930.87500   0.00000000E+000
       930.87500   3.12750000E+000
       930.87500   0.00000000E+000
       935.16070   0.00000000E+000
       935.16070   1.41661700E+002
       935.16070   0.00000000E+000
       943.22670   0.00000000E+000
       943.22670   2.56800000E+000
       943.22670   0.00000000E+000
       950.82340   0.00000000E+000
       950.82340   3.74260000E+000
       950.82340   0.00000000E+000
       972.70780   0.00000000E+000
       972.70780   2.45780100E+002
       972.70780   0.00000000E+000
       986.67210   0.00000000E+000
       986.67210   5.53700000E-001
       986.67210   0.00000000E+000
      1011.66320   0.00000000E+000
      1011.66320   8.47040000E+000
      1011.66320   0.00000000E+000
      1012.93250   0.00000000E+000
      1012.93250   3.51611000E+001
      1012.93250   0.00000000E+000
      1018.22880   0.00000000E+000
      1018.22880   1.63931000E+001
      1018.22880   0.00000000E+000
      1026.19130   0.00000000E+000
      1026.19130   2.99450000E+000
      1026.19130   0.00000000E+000
      1044.34230   0.00000000E+000
      1044.34230   4.80740000E+000
      1044.34230   0.00000000E+000
      1050.76270   0.00000000E+000
      1050.76270   1.80131000E+001
      1050.76270   0.00000000E+000
      1065.90280   0.00000000E+000
      1065.90280   1.67964000E+001
      1065.90280   0.00000000E+000
      1079.82780   0.00000000E+000
      1079.82780   2.36633000E+001
      1079.82780   0.00000000E+000
      1115.00960   0.00000000E+000
      1115.00960   1.53880000E+000
      1115.00960   0.00000000E+000
      1124.79300   0.00000000E+000
      1124.79300   3.35160000E+000
      1124.79300   0.00000000E+000
      1130.72940   0.00000000E+000
      1130.72940   1.66578000E+001
      1130.72940   0.00000000E+000
      1141.80140   0.00000000E+000
      1141.80140   4.06970000E+000
      1141.80140   0.00000000E+000
      1171.72180   0.00000000E+000
      1171.72180   4.86105500E+002
      1171.72180   0.00000000E+000
      1185.19530   0.00000000E+000
      1185.19530   6.24684000E+001
      1185.19530   0.00000000E+000
      1193.28370   0.00000000E+000
      1193.28370   5.49210000E+000
      1193.28370   0.00000000E+000
      1209.40020   0.00000000E+000
      1209.40020   1.62002000E+001
      1209.40020   0.00000000E+000
      1213.52200   0.00000000E+000
      1213.52200   4.47856000E+001
      1213.52200   0.00000000E+000
      1216.83020   0.00000000E+000
      1216.83020   2.60545000E+001
      1216.83020   0.00000000E+000
      1225.24250   0.00000000E+000
      1225.24250   1.60669000E+001
      1225.24250   0.00000000E+000
      1249.20720   0.00000000E+000
      1249.20720   4.82161200E+002
      1249.20720   0.00000000E+000
      1271.76580   0.00000000E+000
      1271.76580   3.20490000E+000
      1271.76580   0.00000000E+000
      1281.83420   0.00000000E+000
      1281.83420   1.96860000E+001
      1281.83420   0.00000000E+000
      1314.08110   0.00000000E+000
      1314.08110   9.62050000E+000
      1314.08110   0.00000000E+000
      1316.70530   0.00000000E+000
      1316.70530   5.55150000E+000
      1316.70530   0.00000000E+000
      1324.21770   0.00000000E+000
      1324.21770   8.90010000E+000
      1324.21770   0.00000000E+000
      1332.36890   0.00000000E+000
      1332.36890   1.12541800E+002
      1332.36890   0.00000000E+000
      1351.66160   0.00000000E+000
      1351.66160   8.61320000E+000
      1351.66160   0.00000000E+000
      1358.98140   0.00000000E+000
      1358.98140   1.17900000E+000
      1358.98140   0.00000000E+000
      1364.35400   0.00000000E+000
      1364.35400   4.85400000E+000
      1364.35400   0.00000000E+000
      1365.79000   0.00000000E+000
      1365.79000   1.09815000E+001
      1365.79000   0.00000000E+000
      1380.91210   0.00000000E+000
      1380.91210   1.20500000E+001
      1380.91210   0.00000000E+000
      1386.13800   0.00000000E+000
      1386.13800   5.43860000E+000
      1386.13800   0.00000000E+000
      1413.89420   0.00000000E+000
      1413.89420   5.27390000E+000
      1413.89420   0.00000000E+000
      1416.18280   0.00000000E+000
      1416.18280   1.95470000E+000
      1416.18280   0.00000000E+000
      1422.46000   0.00000000E+000
      1422.46000   3.42182000E+001
      1422.46000   0.00000000E+000
      1479.33090   0.00000000E+000
      1479.33090   2.65052000E+001
      1479.33090   0.00000000E+000
      1480.68320   0.00000000E+000
      1480.68320   8.53440000E+000
      1480.68320   0.00000000E+000
      1483.84870   0.00000000E+000
      1483.84870   7.77590000E+000
      1483.84870   0.00000000E+000
      1489.61890   0.00000000E+000
      1489.61890   5.85700000E+000
      1489.61890   0.00000000E+000
      1492.08890   0.00000000E+000
      1492.08890   6.09880000E+000
      1492.08890   0.00000000E+000
      1502.73400   0.00000000E+000
      1502.73400   5.90530000E+000
      1502.73400   0.00000000E+000
      1505.24200   0.00000000E+000
      1505.24200   7.12640000E+000
      1505.24200   0.00000000E+000
      1530.09270   0.00000000E+000
      1530.09270   8.09380000E+000
      1530.09270   0.00000000E+000
      1547.67980   0.00000000E+000
      1547.67980   3.49350000E+000
      1547.67980   0.00000000E+000
      1562.24210   0.00000000E+000
      1562.24210   2.94720000E+000
      1562.24210   0.00000000E+000
      1594.20320   0.00000000E+000
      1594.20320   6.54190100E+002
      1594.20320   0.00000000E+000
      1623.18190   0.00000000E+000
      1623.18190   7.75512000E+001
      1623.18190   0.00000000E+000
      1644.85730   0.00000000E+000
      1644.85730   1.18237000E+001
      1644.85730   0.00000000E+000
      1647.62840   0.00000000E+000
      1647.62840   6.28391000E+001
      1647.62840   0.00000000E+000
      1722.19990   0.00000000E+000
      1722.19990   4.34350000E+000
      1722.19990   0.00000000E+000
      1730.01030   0.00000000E+000
      1730.01030   5.97340000E+000
      1730.01030   0.00000000E+000
      1738.87400   0.00000000E+000
      1738.87400   4.79150000E+000
      1738.87400   0.00000000E+000
      3043.75860   0.00000000E+000
      3043.75860   1.41876800E+002
      3043.75860   0.00000000E+000
      3071.80770   0.00000000E+000
      3071.80770   6.73501000E+001
      3071.80770   0.00000000E+000
      3076.70590   0.00000000E+000
      3076.70590   1.63411400E+002
      3076.70590   0.00000000E+000
      3077.46950   0.00000000E+000
      3077.46950   2.53618000E+001
      3077.46950   0.00000000E+000
      3078.11090   0.00000000E+000
      3078.11090   6.08890000E+001
      3078.11090   0.00000000E+000
      3084.68920   0.00000000E+000
      3084.68920   1.51652000E+001
      3084.68920   0.00000000E+000
      3087.81490   0.00000000E+000
      3087.81490   1.66042400E+002
      3087.81490   0.00000000E+000
      3119.61340   0.00000000E+000
      3119.61340   8.61758000E+001
      3119.61340   0.00000000E+000
      3128.08420   0.00000000E+000
      3128.08420   6.55477000E+001
      3128.08420   0.00000000E+000
      3152.79080   0.00000000E+000
      3152.79080   2.88568200E+002
      3152.79080   0.00000000E+000
      3156.06370   0.00000000E+000
      3156.06370   5.69389000E+001
      3156.06370   0.00000000E+000
      3166.50210   0.00000000E+000
      3166.50210   4.38604000E+001
      3166.50210   0.00000000E+000
      3182.88390   0.00000000E+000
      3182.88390   7.41660000E+001
      3182.88390   0.00000000E+000
      3183.26500   0.00000000E+000
      3183.26500   6.42863000E+001
      3183.26500   0.00000000E+000
      3195.13860   0.00000000E+000
      3195.13860   8.07790000E+001
      3195.13860   0.00000000E+000
      3206.75630   0.00000000E+000
      3206.75630   1.34633800E+002
      3206.75630   0.00000000E+000
      3225.80190   0.00000000E+000
      3225.80190   7.40225000E+001
      3225.80190   0.00000000E+000
      3501.76790   0.00000000E+000
      3501.76790   1.07356600E+002
      3501.76790   0.00000000E+000
      3601.51720   0.00000000E+000
      3601.51720   7.48600000E+001
      3601.51720   0.00000000E+000
      3620.44850   0.00000000E+000
      3620.44850   6.88866000E+001
      3620.44850   0.00000000E+000
      3755.09490   0.00000000E+000
      3755.09490   7.35468000E+001
      3755.09490   0.00000000E+000
      3852.14070   0.00000000E+000
      3852.14070   1.55242000E+001
      3852.14070   0.00000000E+000
 
