        22.47370   0.00000000E+000
        22.47370   2.85400000E-001
        22.47370   0.00000000E+000
        41.56700   0.00000000E+000
        41.56700   4.55000000E-001
        41.56700   0.00000000E+000
        49.91150   0.00000000E+000
        49.91150   6.94000000E-002
        49.91150   0.00000000E+000
        58.28790   0.00000000E+000
        58.28790   4.51980000E+000
        58.28790   0.00000000E+000
        70.77240   0.00000000E+000
        70.77240   1.07350000E+000
        70.77240   0.00000000E+000
        73.42560   0.00000000E+000
        73.42560   7.48300000E-001
        73.42560   0.00000000E+000
        85.81880   0.00000000E+000
        85.81880   1.04260000E+000
        85.81880   0.00000000E+000
        98.75800   0.00000000E+000
        98.75800   1.38130000E+000
        98.75800   0.00000000E+000
       104.26880   0.00000000E+000
       104.26880   1.67040000E+000
       104.26880   0.00000000E+000
       110.98270   0.00000000E+000
       110.98270   1.12690000E+000
       110.98270   0.00000000E+000
       130.80960   0.00000000E+000
       130.80960   8.64700000E-001
       130.80960   0.00000000E+000
       145.80430   0.00000000E+000
       145.80430   5.23100000E-001
       145.80430   0.00000000E+000
       157.68770   0.00000000E+000
       157.68770   2.73200000E-001
       157.68770   0.00000000E+000
       194.71360   0.00000000E+000
       194.71360   1.77150000E+000
       194.71360   0.00000000E+000
       207.80540   0.00000000E+000
       207.80540   2.48300000E+000
       207.80540   0.00000000E+000
       239.66650   0.00000000E+000
       239.66650   1.05900000E-001
       239.66650   0.00000000E+000
       247.12600   0.00000000E+000
       247.12600   1.21810000E+000
       247.12600   0.00000000E+000
       261.87080   0.00000000E+000
       261.87080   1.67690000E+000
       261.87080   0.00000000E+000
       291.27460   0.00000000E+000
       291.27460   3.49700000E-001
       291.27460   0.00000000E+000
       314.89250   0.00000000E+000
       314.89250   3.62800000E-001
       314.89250   0.00000000E+000
       344.74350   0.00000000E+000
       344.74350   9.30700000E-001
       344.74350   0.00000000E+000
       353.91070   0.00000000E+000
       353.91070   1.40630000E+000
       353.91070   0.00000000E+000
       386.29000   0.00000000E+000
       386.29000   1.01900000E+000
       386.29000   0.00000000E+000
       400.68920   0.00000000E+000
       400.68920   6.84900000E-001
       400.68920   0.00000000E+000
       416.20780   0.00000000E+000
       416.20780   6.67000000E-002
       416.20780   0.00000000E+000
       428.16510   0.00000000E+000
       428.16510   1.04260000E+000
       428.16510   0.00000000E+000
       466.22100   0.00000000E+000
       466.22100   3.08280000E+000
       466.22100   0.00000000E+000
       510.97880   0.00000000E+000
       510.97880   3.69900000E-001
       510.97880   0.00000000E+000
       522.36450   0.00000000E+000
       522.36450   7.63500000E-001
       522.36450   0.00000000E+000
       551.18810   0.00000000E+000
       551.18810   2.18000000E-001
       551.18810   0.00000000E+000
       554.65740   0.00000000E+000
       554.65740   9.01300000E-001
       554.65740   0.00000000E+000
       559.20800   0.00000000E+000
       559.20800   5.94000000E-001
       559.20800   0.00000000E+000
       583.45870   0.00000000E+000
       583.45870   1.07560000E+000
       583.45870   0.00000000E+000
       621.95120   0.00000000E+000
       621.95120   1.45430000E+000
       621.95120   0.00000000E+000
       634.32150   0.00000000E+000
       634.32150   2.37590000E+000
       634.32150   0.00000000E+000
       639.82520   0.00000000E+000
       639.82520   1.37750000E+000
       639.82520   0.00000000E+000
       666.63670   0.00000000E+000
       666.63670   1.79750000E+000
       666.63670   0.00000000E+000
       698.33780   0.00000000E+000
       698.33780   1.33020000E+000
       698.33780   0.00000000E+000
       714.77870   0.00000000E+000
       714.77870   2.78900000E-001
       714.77870   0.00000000E+000
       745.03220   0.00000000E+000
       745.03220   5.61400000E-001
       745.03220   0.00000000E+000
       760.41150   0.00000000E+000
       760.41150   1.98700000E+000
       760.41150   0.00000000E+000
       762.09670   0.00000000E+000
       762.09670   3.55650000E+000
       762.09670   0.00000000E+000
       816.37890   0.00000000E+000
       816.37890   2.54600000E+000
       816.37890   0.00000000E+000
       840.72340   0.00000000E+000
       840.72340   7.53740000E+000
       840.72340   0.00000000E+000
       866.85940   0.00000000E+000
       866.85940   3.62800000E-001
       866.85940   0.00000000E+000
       885.35740   0.00000000E+000
       885.35740   4.77490000E+000
       885.35740   0.00000000E+000
       903.25420   0.00000000E+000
       903.25420   9.37600000E+000
       903.25420   0.00000000E+000
       928.45090   0.00000000E+000
       928.45090   3.70090000E+000
       928.45090   0.00000000E+000
       942.86070   0.00000000E+000
       942.86070   1.55890000E+000
       942.86070   0.00000000E+000
       950.00010   0.00000000E+000
       950.00010   3.94640000E+000
       950.00010   0.00000000E+000
       989.97910   0.00000000E+000
       989.97910   1.47250000E+000
       989.97910   0.00000000E+000
      1010.23300   0.00000000E+000
      1010.23300   6.27000000E-001
      1010.23300   0.00000000E+000
      1012.37310   0.00000000E+000
      1012.37310   2.86142000E+001
      1012.37310   0.00000000E+000
      1016.18670   0.00000000E+000
      1016.18670   8.89360000E+000
      1016.18670   0.00000000E+000
      1024.75480   0.00000000E+000
      1024.75480   2.59090000E+000
      1024.75480   0.00000000E+000
      1046.39670   0.00000000E+000
      1046.39670   3.72480000E+000
      1046.39670   0.00000000E+000
      1053.53310   0.00000000E+000
      1053.53310   1.37545000E+001
      1053.53310   0.00000000E+000
      1063.19690   0.00000000E+000
      1063.19690   5.76690000E+000
      1063.19690   0.00000000E+000
      1112.48530   0.00000000E+000
      1112.48530   3.33880000E+000
      1112.48530   0.00000000E+000
      1117.79640   0.00000000E+000
      1117.79640   4.70630000E+000
      1117.79640   0.00000000E+000
      1126.93110   0.00000000E+000
      1126.93110   1.97940000E+000
      1126.93110   0.00000000E+000
      1146.71810   0.00000000E+000
      1146.71810   7.39200000E-001
      1146.71810   0.00000000E+000
      1176.00050   0.00000000E+000
      1176.00050   2.62710000E+000
      1176.00050   0.00000000E+000
      1192.27830   0.00000000E+000
      1192.27830   3.19440000E+000
      1192.27830   0.00000000E+000
      1208.78660   0.00000000E+000
      1208.78660   9.94170000E+000
      1208.78660   0.00000000E+000
      1216.12880   0.00000000E+000
      1216.12880   6.47060000E+000
      1216.12880   0.00000000E+000
      1219.09320   0.00000000E+000
      1219.09320   4.62970000E+000
      1219.09320   0.00000000E+000
      1231.35580   0.00000000E+000
      1231.35580   1.42495000E+001
      1231.35580   0.00000000E+000
      1258.18440   0.00000000E+000
      1258.18440   7.57860000E+000
      1258.18440   0.00000000E+000
      1266.43160   0.00000000E+000
      1266.43160   6.41150000E+000
      1266.43160   0.00000000E+000
      1298.17230   0.00000000E+000
      1298.17230   1.85943000E+001
      1298.17230   0.00000000E+000
      1309.61720   0.00000000E+000
      1309.61720   2.69120000E+000
      1309.61720   0.00000000E+000
      1321.67240   0.00000000E+000
      1321.67240   2.08137000E+001
      1321.67240   0.00000000E+000
      1347.03290   0.00000000E+000
      1347.03290   1.00990000E+000
      1347.03290   0.00000000E+000
      1358.43010   0.00000000E+000
      1358.43010   1.56820000E+000
      1358.43010   0.00000000E+000
      1361.84760   0.00000000E+000
      1361.84760   2.21460000E+000
      1361.84760   0.00000000E+000
      1387.39150   0.00000000E+000
      1387.39150   6.60370000E+000
      1387.39150   0.00000000E+000
      1390.86980   0.00000000E+000
      1390.86980   2.11700000E-001
      1390.86980   0.00000000E+000
      1391.73020   0.00000000E+000
      1391.73020   6.59750000E+000
      1391.73020   0.00000000E+000
      1424.89130   0.00000000E+000
      1424.89130   1.33640000E+000
      1424.89130   0.00000000E+000
      1480.90730   0.00000000E+000
      1480.90730   5.12950000E+000
      1480.90730   0.00000000E+000
      1481.24500   0.00000000E+000
      1481.24500   7.73140000E+000
      1481.24500   0.00000000E+000
      1485.91120   0.00000000E+000
      1485.91120   3.88750000E+000
      1485.91120   0.00000000E+000
      1498.26080   0.00000000E+000
      1498.26080   5.52010000E+000
      1498.26080   0.00000000E+000
      1498.88550   0.00000000E+000
      1498.88550   6.95140000E+000
      1498.88550   0.00000000E+000
      1508.56790   0.00000000E+000
      1508.56790   5.13930000E+000
      1508.56790   0.00000000E+000
      1533.19460   0.00000000E+000
      1533.19460   2.82600000E-001
      1533.19460   0.00000000E+000
      1572.00030   0.00000000E+000
      1572.00030   2.17010000E+000
      1572.00030   0.00000000E+000
      1588.50900   0.00000000E+000
      1588.50900   2.62770000E+000
      1588.50900   0.00000000E+000
      1627.95820   0.00000000E+000
      1627.95820   7.90500000E+000
      1627.95820   0.00000000E+000
      1651.01190   0.00000000E+000
      1651.01190   3.27687000E+001
      1651.01190   0.00000000E+000
      1712.22930   0.00000000E+000
      1712.22930   1.37017000E+001
      1712.22930   0.00000000E+000
      1716.16180   0.00000000E+000
      1716.16180   6.45550000E+000
      1716.16180   0.00000000E+000
      1734.90010   0.00000000E+000
      1734.90010   1.41253000E+001
      1734.90010   0.00000000E+000
      3058.55300   0.00000000E+000
      3058.55300   1.37041600E+002
      3058.55300   0.00000000E+000
      3070.44460   0.00000000E+000
      3070.44460   1.16524700E+002
      3070.44460   0.00000000E+000
      3076.98860   0.00000000E+000
      3076.98860   1.30083100E+002
      3076.98860   0.00000000E+000
      3090.99360   0.00000000E+000
      3090.99360   2.03982000E+001
      3090.99360   0.00000000E+000
      3104.83720   0.00000000E+000
      3104.83720   5.03905000E+001
      3104.83720   0.00000000E+000
      3122.98030   0.00000000E+000
      3122.98030   3.58805000E+001
      3122.98030   0.00000000E+000
      3124.37800   0.00000000E+000
      3124.37800   4.69712000E+001
      3124.37800   0.00000000E+000
      3137.71560   0.00000000E+000
      3137.71560   5.57889000E+001
      3137.71560   0.00000000E+000
      3156.66240   0.00000000E+000
      3156.66240   6.75212000E+001
      3156.66240   0.00000000E+000
      3169.91600   0.00000000E+000
      3169.91600   2.66490000E+001
      3169.91600   0.00000000E+000
      3178.20790   0.00000000E+000
      3178.20790   7.28788000E+001
      3178.20790   0.00000000E+000
      3189.88030   0.00000000E+000
      3189.88030   7.85622000E+001
      3189.88030   0.00000000E+000
      3195.71930   0.00000000E+000
      3195.71930   3.70560000E+001
      3195.71930   0.00000000E+000
      3208.10510   0.00000000E+000
      3208.10510   1.99281200E+002
      3208.10510   0.00000000E+000
      3538.26210   0.00000000E+000
      3538.26210   6.19915000E+001
      3538.26210   0.00000000E+000
      3595.63540   0.00000000E+000
      3595.63540   6.14176000E+001
      3595.63540   0.00000000E+000
      3614.77210   0.00000000E+000
      3614.77210   7.62648000E+001
      3614.77210   0.00000000E+000
 
