         9.10010   0.00000000E+000
         9.10010   1.14560000E+000
         9.10010   0.00000000E+000
        16.47040   0.00000000E+000
        16.47040   1.78640000E+000
        16.47040   0.00000000E+000
        37.65000   0.00000000E+000
        37.65000   1.22700000E-001
        37.65000   0.00000000E+000
        52.78070   0.00000000E+000
        52.78070   4.99700000E-001
        52.78070   0.00000000E+000
        78.15030   0.00000000E+000
        78.15030   3.53850000E+000
        78.15030   0.00000000E+000
        80.39040   0.00000000E+000
        80.39040   1.10910000E+000
        80.39040   0.00000000E+000
        87.84630   0.00000000E+000
        87.84630   1.98950000E+000
        87.84630   0.00000000E+000
        93.70440   0.00000000E+000
        93.70440   3.14300000E-001
        93.70440   0.00000000E+000
       104.89620   0.00000000E+000
       104.89620   1.90810000E+000
       104.89620   0.00000000E+000
       118.19000   0.00000000E+000
       118.19000   9.23400000E-001
       118.19000   0.00000000E+000
       141.79890   0.00000000E+000
       141.79890   1.23640000E+000
       141.79890   0.00000000E+000
       151.97890   0.00000000E+000
       151.97890   3.94800000E-001
       151.97890   0.00000000E+000
       159.19210   0.00000000E+000
       159.19210   1.67380000E+000
       159.19210   0.00000000E+000
       190.95320   0.00000000E+000
       190.95320   2.17420000E+000
       190.95320   0.00000000E+000
       199.29950   0.00000000E+000
       199.29950   1.12730000E+000
       199.29950   0.00000000E+000
       224.95250   0.00000000E+000
       224.95250   9.54300000E-001
       224.95250   0.00000000E+000
       249.36440   0.00000000E+000
       249.36440   4.02100000E-001
       249.36440   0.00000000E+000
       269.23620   0.00000000E+000
       269.23620   6.91500000E-001
       269.23620   0.00000000E+000
       282.24610   0.00000000E+000
       282.24610   1.74200000E-001
       282.24610   0.00000000E+000
       305.78950   0.00000000E+000
       305.78950   6.58600000E-001
       305.78950   0.00000000E+000
       333.37720   0.00000000E+000
       333.37720   7.17500000E-001
       333.37720   0.00000000E+000
       355.04200   0.00000000E+000
       355.04200   1.59160000E+000
       355.04200   0.00000000E+000
       378.34110   0.00000000E+000
       378.34110   1.21450000E+000
       378.34110   0.00000000E+000
       379.42480   0.00000000E+000
       379.42480   8.13400000E-001
       379.42480   0.00000000E+000
       417.17720   0.00000000E+000
       417.17720   6.27500000E-001
       417.17720   0.00000000E+000
       418.77780   0.00000000E+000
       418.77780   2.07000000E-001
       418.77780   0.00000000E+000
       423.67360   0.00000000E+000
       423.67360   1.16020000E+000
       423.67360   0.00000000E+000
       480.26720   0.00000000E+000
       480.26720   3.13550000E+000
       480.26720   0.00000000E+000
       514.37020   0.00000000E+000
       514.37020   8.05300000E-001
       514.37020   0.00000000E+000
       525.63740   0.00000000E+000
       525.63740   1.56680000E+000
       525.63740   0.00000000E+000
       574.91090   0.00000000E+000
       574.91090   1.11860000E+000
       574.91090   0.00000000E+000
       600.25010   0.00000000E+000
       600.25010   2.01860000E+000
       600.25010   0.00000000E+000
       614.72430   0.00000000E+000
       614.72430   3.67130000E+000
       614.72430   0.00000000E+000
       622.71640   0.00000000E+000
       622.71640   2.33290000E+000
       622.71640   0.00000000E+000
       634.34790   0.00000000E+000
       634.34790   3.15500000E+000
       634.34790   0.00000000E+000
       644.41200   0.00000000E+000
       644.41200   3.07100000E-001
       644.41200   0.00000000E+000
       683.73060   0.00000000E+000
       683.73060   3.49670000E+000
       683.73060   0.00000000E+000
       708.60040   0.00000000E+000
       708.60040   7.83800000E-001
       708.60040   0.00000000E+000
       714.07910   0.00000000E+000
       714.07910   5.58500000E-001
       714.07910   0.00000000E+000
       720.21590   0.00000000E+000
       720.21590   9.77600000E-001
       720.21590   0.00000000E+000
       760.80380   0.00000000E+000
       760.80380   6.81620000E+000
       760.80380   0.00000000E+000
       765.94800   0.00000000E+000
       765.94800   1.41440000E+000
       765.94800   0.00000000E+000
       770.80430   0.00000000E+000
       770.80430   1.53100000E+000
       770.80430   0.00000000E+000
       840.57640   0.00000000E+000
       840.57640   6.79040000E+000
       840.57640   0.00000000E+000
       852.78890   0.00000000E+000
       852.78890   6.51150000E+000
       852.78890   0.00000000E+000
       869.23640   0.00000000E+000
       869.23640   8.54600000E-001
       869.23640   0.00000000E+000
       899.90030   0.00000000E+000
       899.90030   4.35110000E+000
       899.90030   0.00000000E+000
       928.46520   0.00000000E+000
       928.46520   1.92740000E+000
       928.46520   0.00000000E+000
       936.81900   0.00000000E+000
       936.81900   5.93900000E-001
       936.81900   0.00000000E+000
       954.14220   0.00000000E+000
       954.14220   6.22060000E+000
       954.14220   0.00000000E+000
       990.59650   0.00000000E+000
       990.59650   1.53450000E+000
       990.59650   0.00000000E+000
      1004.46650   0.00000000E+000
      1004.46650   1.94040000E+000
      1004.46650   0.00000000E+000
      1013.41860   0.00000000E+000
      1013.41860   3.67526000E+001
      1013.41860   0.00000000E+000
      1013.93800   0.00000000E+000
      1013.93800   1.27240000E+000
      1013.93800   0.00000000E+000
      1017.18940   0.00000000E+000
      1017.18940   3.61990000E+000
      1017.18940   0.00000000E+000
      1038.77090   0.00000000E+000
      1038.77090   1.56180000E+000
      1038.77090   0.00000000E+000
      1050.64400   0.00000000E+000
      1050.64400   7.20550000E+000
      1050.64400   0.00000000E+000
      1054.01230   0.00000000E+000
      1054.01230   1.47636000E+001
      1054.01230   0.00000000E+000
      1103.90250   0.00000000E+000
      1103.90250   1.48030000E+000
      1103.90250   0.00000000E+000
      1109.96600   0.00000000E+000
      1109.96600   2.71640000E+000
      1109.96600   0.00000000E+000
      1124.04370   0.00000000E+000
      1124.04370   1.83590000E+000
      1124.04370   0.00000000E+000
      1136.70270   0.00000000E+000
      1136.70270   2.18600000E+000
      1136.70270   0.00000000E+000
      1175.84210   0.00000000E+000
      1175.84210   1.99190000E+000
      1175.84210   0.00000000E+000
      1191.37400   0.00000000E+000
      1191.37400   3.16730000E+000
      1191.37400   0.00000000E+000
      1201.61570   0.00000000E+000
      1201.61570   1.61218000E+001
      1201.61570   0.00000000E+000
      1215.21440   0.00000000E+000
      1215.21440   4.90780000E+000
      1215.21440   0.00000000E+000
      1230.35330   0.00000000E+000
      1230.35330   1.77489000E+001
      1230.35330   0.00000000E+000
      1236.35460   0.00000000E+000
      1236.35460   2.97010000E+000
      1236.35460   0.00000000E+000
      1261.43070   0.00000000E+000
      1261.43070   7.35110000E+000
      1261.43070   0.00000000E+000
      1274.65820   0.00000000E+000
      1274.65820   6.78300000E+000
      1274.65820   0.00000000E+000
      1317.16120   0.00000000E+000
      1317.16120   7.00350000E+000
      1317.16120   0.00000000E+000
      1323.66620   0.00000000E+000
      1323.66620   1.93898000E+001
      1323.66620   0.00000000E+000
      1334.27250   0.00000000E+000
      1334.27250   5.34270000E+000
      1334.27250   0.00000000E+000
      1352.62170   0.00000000E+000
      1352.62170   4.93200000E-001
      1352.62170   0.00000000E+000
      1360.19530   0.00000000E+000
      1360.19530   1.71800000E+000
      1360.19530   0.00000000E+000
      1360.71330   0.00000000E+000
      1360.71330   3.41720000E+000
      1360.71330   0.00000000E+000
      1377.04520   0.00000000E+000
      1377.04520   5.75160000E+000
      1377.04520   0.00000000E+000
      1387.32750   0.00000000E+000
      1387.32750   9.40620000E+000
      1387.32750   0.00000000E+000
      1396.63360   0.00000000E+000
      1396.63360   4.35360000E+000
      1396.63360   0.00000000E+000
      1414.59060   0.00000000E+000
      1414.59060   7.69900000E-001
      1414.59060   0.00000000E+000
      1470.50080   0.00000000E+000
      1470.50080   5.00860000E+000
      1470.50080   0.00000000E+000
      1484.77380   0.00000000E+000
      1484.77380   1.45860000E+000
      1484.77380   0.00000000E+000
      1493.51640   0.00000000E+000
      1493.51640   3.80900000E+000
      1493.51640   0.00000000E+000
      1500.76520   0.00000000E+000
      1500.76520   4.48320000E+000
      1500.76520   0.00000000E+000
      1504.43360   0.00000000E+000
      1504.43360   7.28740000E+000
      1504.43360   0.00000000E+000
      1509.95960   0.00000000E+000
      1509.95960   5.16590000E+000
      1509.95960   0.00000000E+000
      1528.19330   0.00000000E+000
      1528.19330   2.13390000E+000
      1528.19330   0.00000000E+000
      1532.15550   0.00000000E+000
      1532.15550   4.03300000E-001
      1532.15550   0.00000000E+000
      1568.79550   0.00000000E+000
      1568.79550   1.71340000E+000
      1568.79550   0.00000000E+000
      1627.90510   0.00000000E+000
      1627.90510   8.44570000E+000
      1627.90510   0.00000000E+000
      1651.55400   0.00000000E+000
      1651.55400   3.65982000E+001
      1651.55400   0.00000000E+000
      1715.42470   0.00000000E+000
      1715.42470   1.05544000E+001
      1715.42470   0.00000000E+000
      1717.34180   0.00000000E+000
      1717.34180   4.33790000E+000
      1717.34180   0.00000000E+000
      1752.08410   0.00000000E+000
      1752.08410   1.52598000E+001
      1752.08410   0.00000000E+000
      3036.19120   0.00000000E+000
      3036.19120   1.28971700E+002
      3036.19120   0.00000000E+000
      3066.44110   0.00000000E+000
      3066.44110   7.27896000E+001
      3066.44110   0.00000000E+000
      3079.68470   0.00000000E+000
      3079.68470   7.64178000E+001
      3079.68470   0.00000000E+000
      3079.99010   0.00000000E+000
      3079.99010   7.76161000E+001
      3079.99010   0.00000000E+000
      3086.48410   0.00000000E+000
      3086.48410   4.45472000E+001
      3086.48410   0.00000000E+000
      3113.55870   0.00000000E+000
      3113.55870   6.73640000E+001
      3113.55870   0.00000000E+000
      3134.44820   0.00000000E+000
      3134.44820   5.68127000E+001
      3134.44820   0.00000000E+000
      3139.81780   0.00000000E+000
      3139.81780   7.31006000E+001
      3139.81780   0.00000000E+000
      3140.39040   0.00000000E+000
      3140.39040   6.42662000E+001
      3140.39040   0.00000000E+000
      3172.43850   0.00000000E+000
      3172.43850   1.69294000E+001
      3172.43850   0.00000000E+000
      3177.36060   0.00000000E+000
      3177.36060   8.63183000E+001
      3177.36060   0.00000000E+000
      3187.11600   0.00000000E+000
      3187.11600   8.17774000E+001
      3187.11600   0.00000000E+000
      3193.26480   0.00000000E+000
      3193.26480   1.70385000E+001
      3193.26480   0.00000000E+000
      3203.71460   0.00000000E+000
      3203.71460   2.72697500E+002
      3203.71460   0.00000000E+000
      3538.80370   0.00000000E+000
      3538.80370   1.00870600E+002
      3538.80370   0.00000000E+000
      3587.40250   0.00000000E+000
      3587.40250   1.27300500E+002
      3587.40250   0.00000000E+000
      3601.60640   0.00000000E+000
      3601.60640   1.00417000E+002
      3601.60640   0.00000000E+000
 
