        19.03460   0.00000000E+000
        19.03460   2.07900000E-001
        19.03460   0.00000000E+000
        34.51750   0.00000000E+000
        34.51750   8.33800000E-001
        34.51750   0.00000000E+000
        36.56290   0.00000000E+000
        36.56290   1.64800000E-001
        36.56290   0.00000000E+000
        50.32550   0.00000000E+000
        50.32550   4.80880000E+000
        50.32550   0.00000000E+000
        65.84750   0.00000000E+000
        65.84750   1.20350000E+000
        65.84750   0.00000000E+000
        78.91160   0.00000000E+000
        78.91160   5.94700000E-001
        78.91160   0.00000000E+000
        82.69590   0.00000000E+000
        82.69590   3.29900000E-001
        82.69590   0.00000000E+000
       101.85210   0.00000000E+000
       101.85210   2.09830000E+000
       101.85210   0.00000000E+000
       111.74490   0.00000000E+000
       111.74490   1.51100000E+000
       111.74490   0.00000000E+000
       121.94800   0.00000000E+000
       121.94800   9.08600000E-001
       121.94800   0.00000000E+000
       123.78630   0.00000000E+000
       123.78630   6.97300000E-001
       123.78630   0.00000000E+000
       148.40970   0.00000000E+000
       148.40970   9.51800000E-001
       148.40970   0.00000000E+000
       170.57250   0.00000000E+000
       170.57250   1.46720000E+000
       170.57250   0.00000000E+000
       180.84530   0.00000000E+000
       180.84530   9.69600000E-001
       180.84530   0.00000000E+000
       199.33720   0.00000000E+000
       199.33720   3.40210000E+000
       199.33720   0.00000000E+000
       205.88770   0.00000000E+000
       205.88770   4.53400000E-001
       205.88770   0.00000000E+000
       246.52320   0.00000000E+000
       246.52320   1.82300000E-001
       246.52320   0.00000000E+000
       248.27600   0.00000000E+000
       248.27600   1.00640000E+000
       248.27600   0.00000000E+000
       284.86810   0.00000000E+000
       284.86810   3.05400000E-001
       284.86810   0.00000000E+000
       302.26990   0.00000000E+000
       302.26990   2.52200000E-001
       302.26990   0.00000000E+000
       341.29740   0.00000000E+000
       341.29740   6.70900000E-001
       341.29740   0.00000000E+000
       353.61600   0.00000000E+000
       353.61600   8.99400000E-001
       353.61600   0.00000000E+000
       371.94500   0.00000000E+000
       371.94500   3.92400000E-001
       371.94500   0.00000000E+000
       375.94540   0.00000000E+000
       375.94540   3.11300000E-001
       375.94540   0.00000000E+000
       413.42380   0.00000000E+000
       413.42380   3.73000000E-002
       413.42380   0.00000000E+000
       456.58730   0.00000000E+000
       456.58730   2.74270000E+000
       456.58730   0.00000000E+000
       473.12260   0.00000000E+000
       473.12260   2.37030000E+000
       473.12260   0.00000000E+000
       494.70460   0.00000000E+000
       494.70460   5.85100000E-001
       494.70460   0.00000000E+000
       502.47380   0.00000000E+000
       502.47380   3.14000000E-002
       502.47380   0.00000000E+000
       512.78980   0.00000000E+000
       512.78980   1.00860000E+000
       512.78980   0.00000000E+000
       544.68530   0.00000000E+000
       544.68530   2.37800000E-001
       544.68530   0.00000000E+000
       556.52910   0.00000000E+000
       556.52910   1.10570000E+000
       556.52910   0.00000000E+000
       573.40560   0.00000000E+000
       573.40560   4.04800000E-001
       573.40560   0.00000000E+000
       621.18430   0.00000000E+000
       621.18430   9.70600000E-001
       621.18430   0.00000000E+000
       630.83670   0.00000000E+000
       630.83670   2.30790000E+000
       630.83670   0.00000000E+000
       636.50080   0.00000000E+000
       636.50080   1.67680000E+000
       636.50080   0.00000000E+000
       697.29540   0.00000000E+000
       697.29540   1.24580000E+000
       697.29540   0.00000000E+000
       712.24430   0.00000000E+000
       712.24430   1.63300000E-001
       712.24430   0.00000000E+000
       738.81070   0.00000000E+000
       738.81070   3.03100000E+000
       738.81070   0.00000000E+000
       754.32110   0.00000000E+000
       754.32110   1.32340000E+000
       754.32110   0.00000000E+000
       759.79980   0.00000000E+000
       759.79980   3.50750000E+000
       759.79980   0.00000000E+000
       810.97370   0.00000000E+000
       810.97370   1.39710000E+000
       810.97370   0.00000000E+000
       821.21370   0.00000000E+000
       821.21370   1.80690000E+000
       821.21370   0.00000000E+000
       838.79650   0.00000000E+000
       838.79650   6.89180000E+000
       838.79650   0.00000000E+000
       862.71970   0.00000000E+000
       862.71970   2.65600000E-001
       862.71970   0.00000000E+000
       890.07390   0.00000000E+000
       890.07390   1.39260000E+000
       890.07390   0.00000000E+000
       908.80930   0.00000000E+000
       908.80930   1.43121000E+001
       908.80930   0.00000000E+000
       924.59150   0.00000000E+000
       924.59150   2.90450000E+000
       924.59150   0.00000000E+000
       940.84500   0.00000000E+000
       940.84500   3.43090000E+000
       940.84500   0.00000000E+000
       950.97720   0.00000000E+000
       950.97720   3.99210000E+000
       950.97720   0.00000000E+000
       986.38590   0.00000000E+000
       986.38590   1.67100000E-001
       986.38590   0.00000000E+000
       999.48390   0.00000000E+000
       999.48390   2.05190000E+000
       999.48390   0.00000000E+000
      1008.79270   0.00000000E+000
      1008.79270   2.32141000E+001
      1008.79270   0.00000000E+000
      1014.53640   0.00000000E+000
      1014.53640   5.69050000E+000
      1014.53640   0.00000000E+000
      1015.45780   0.00000000E+000
      1015.45780   1.84279000E+001
      1015.45780   0.00000000E+000
      1038.70900   0.00000000E+000
      1038.70900   5.88260000E+000
      1038.70900   0.00000000E+000
      1053.78850   0.00000000E+000
      1053.78850   1.46079000E+001
      1053.78850   0.00000000E+000
      1068.32700   0.00000000E+000
      1068.32700   4.38880000E+000
      1068.32700   0.00000000E+000
      1106.28070   0.00000000E+000
      1106.28070   5.26740000E+000
      1106.28070   0.00000000E+000
      1108.12390   0.00000000E+000
      1108.12390   6.26730000E+000
      1108.12390   0.00000000E+000
      1129.06400   0.00000000E+000
      1129.06400   4.67000000E-001
      1129.06400   0.00000000E+000
      1135.05850   0.00000000E+000
      1135.05850   2.87670000E+000
      1135.05850   0.00000000E+000
      1167.91480   0.00000000E+000
      1167.91480   2.14500000E+000
      1167.91480   0.00000000E+000
      1190.92320   0.00000000E+000
      1190.92320   2.93270000E+000
      1190.92320   0.00000000E+000
      1194.90840   0.00000000E+000
      1194.90840   1.47652000E+001
      1194.90840   0.00000000E+000
      1211.37410   0.00000000E+000
      1211.37410   3.55410000E+000
      1211.37410   0.00000000E+000
      1216.34340   0.00000000E+000
      1216.34340   3.39680000E+000
      1216.34340   0.00000000E+000
      1229.05690   0.00000000E+000
      1229.05690   1.70667000E+001
      1229.05690   0.00000000E+000
      1259.92090   0.00000000E+000
      1259.92090   7.57780000E+000
      1259.92090   0.00000000E+000
      1265.96110   0.00000000E+000
      1265.96110   8.42350000E+000
      1265.96110   0.00000000E+000
      1296.50570   0.00000000E+000
      1296.50570   9.30400000E+000
      1296.50570   0.00000000E+000
      1318.33380   0.00000000E+000
      1318.33380   2.72221000E+001
      1318.33380   0.00000000E+000
      1319.82920   0.00000000E+000
      1319.82920   9.92620000E+000
      1319.82920   0.00000000E+000
      1346.36970   0.00000000E+000
      1346.36970   2.56610000E+000
      1346.36970   0.00000000E+000
      1353.30780   0.00000000E+000
      1353.30780   1.36650000E+000
      1353.30780   0.00000000E+000
      1360.72570   0.00000000E+000
      1360.72570   2.09250000E+000
      1360.72570   0.00000000E+000
      1381.26680   0.00000000E+000
      1381.26680   7.21440000E+000
      1381.26680   0.00000000E+000
      1389.35790   0.00000000E+000
      1389.35790   4.87540000E+000
      1389.35790   0.00000000E+000
      1408.32160   0.00000000E+000
      1408.32160   2.13540000E+000
      1408.32160   0.00000000E+000
      1414.38320   0.00000000E+000
      1414.38320   9.85700000E-001
      1414.38320   0.00000000E+000
      1468.73050   0.00000000E+000
      1468.73050   7.32710000E+000
      1468.73050   0.00000000E+000
      1477.96670   0.00000000E+000
      1477.96670   4.06880000E+000
      1477.96670   0.00000000E+000
      1486.92360   0.00000000E+000
      1486.92360   1.15580000E+000
      1486.92360   0.00000000E+000
      1497.37870   0.00000000E+000
      1497.37870   4.90030000E+000
      1497.37870   0.00000000E+000
      1502.61810   0.00000000E+000
      1502.61810   7.09210000E+000
      1502.61810   0.00000000E+000
      1503.89270   0.00000000E+000
      1503.89270   4.78000000E+000
      1503.89270   0.00000000E+000
      1532.53190   0.00000000E+000
      1532.53190   6.72000000E-001
      1532.53190   0.00000000E+000
      1560.59640   0.00000000E+000
      1560.59640   1.07910000E+000
      1560.59640   0.00000000E+000
      1597.08810   0.00000000E+000
      1597.08810   1.85180000E+000
      1597.08810   0.00000000E+000
      1628.29380   0.00000000E+000
      1628.29380   7.54450000E+000
      1628.29380   0.00000000E+000
      1651.17370   0.00000000E+000
      1651.17370   3.71982000E+001
      1651.17370   0.00000000E+000
      1684.58410   0.00000000E+000
      1684.58410   1.38788000E+001
      1684.58410   0.00000000E+000
      1717.26320   0.00000000E+000
      1717.26320   1.93176000E+001
      1717.26320   0.00000000E+000
      1727.12930   0.00000000E+000
      1727.12930   1.18116000E+001
      1727.12930   0.00000000E+000
      3050.29510   0.00000000E+000
      3050.29510   1.23484300E+002
      3050.29510   0.00000000E+000
      3062.57920   0.00000000E+000
      3062.57920   1.01309700E+002
      3062.57920   0.00000000E+000
      3069.74890   0.00000000E+000
      3069.74890   1.17861900E+002
      3069.74890   0.00000000E+000
      3085.44850   0.00000000E+000
      3085.44850   1.01737000E+001
      3085.44850   0.00000000E+000
      3088.88360   0.00000000E+000
      3088.88360   3.31426000E+001
      3088.88360   0.00000000E+000
      3117.09530   0.00000000E+000
      3117.09530   4.09863000E+001
      3117.09530   0.00000000E+000
      3129.98500   0.00000000E+000
      3129.98500   5.64464000E+001
      3129.98500   0.00000000E+000
      3133.09460   0.00000000E+000
      3133.09460   6.71798000E+001
      3133.09460   0.00000000E+000
      3157.48850   0.00000000E+000
      3157.48850   7.12363000E+001
      3157.48850   0.00000000E+000
      3172.30780   0.00000000E+000
      3172.30780   2.95770000E+001
      3172.30780   0.00000000E+000
      3180.49060   0.00000000E+000
      3180.49060   7.49531000E+001
      3180.49060   0.00000000E+000
      3186.21260   0.00000000E+000
      3186.21260   4.91571000E+001
      3186.21260   0.00000000E+000
      3195.94320   0.00000000E+000
      3195.94320   4.01893000E+001
      3195.94320   0.00000000E+000
      3204.97360   0.00000000E+000
      3204.97360   2.26218300E+002
      3204.97360   0.00000000E+000
      3475.98820   0.00000000E+000
      3475.98820   7.47135000E+001
      3475.98820   0.00000000E+000
      3611.13550   0.00000000E+000
      3611.13550   7.57803000E+001
      3611.13550   0.00000000E+000
      3633.61980   0.00000000E+000
      3633.61980   9.05104000E+001
      3633.61980   0.00000000E+000
 
