   4000.00000   2.87514836E-001
   3998.66622   2.89022788E-001
   3997.33244   2.90544993E-001
   3995.99867   2.92081640E-001
   3994.66489   2.93632920E-001
   3993.33111   2.95199026E-001
   3991.99733   2.96780158E-001
   3990.66355   2.98376515E-001
   3989.32978   2.99988302E-001
   3987.99600   3.01615726E-001
   3986.66222   3.03259000E-001
   3985.32844   3.04918338E-001
   3983.99466   3.06593959E-001
   3982.66089   3.08286086E-001
   3981.32711   3.09994944E-001
   3979.99333   3.11720765E-001
   3978.65955   3.13463782E-001
   3977.32578   3.15224234E-001
   3975.99200   3.17002363E-001
   3974.65822   3.18798417E-001
   3973.32444   3.20612647E-001
   3971.99066   3.22445308E-001
   3970.65689   3.24296662E-001
   3969.32311   3.26166972E-001
   3967.98933   3.28056509E-001
   3966.65555   3.29965548E-001
   3965.32177   3.31894367E-001
   3963.98800   3.33843253E-001
   3962.65422   3.35812494E-001
   3961.32044   3.37802386E-001
   3959.98666   3.39813230E-001
   3958.65288   3.41845332E-001
   3957.31911   3.43899004E-001
   3955.98533   3.45974563E-001
   3954.65155   3.48072334E-001
   3953.31777   3.50192645E-001
   3951.98399   3.52335834E-001
   3950.65022   3.54502242E-001
   3949.31644   3.56692218E-001
   3947.98266   3.58906118E-001
   3946.64888   3.61144303E-001
   3945.31511   3.63407144E-001
   3943.98133   3.65695017E-001
   3942.64755   3.68008304E-001
   3941.31377   3.70347398E-001
   3939.97999   3.72712697E-001
   3938.64622   3.75104608E-001
   3937.31244   3.77523544E-001
   3935.97866   3.79969930E-001
   3934.64488   3.82444196E-001
   3933.31110   3.84946782E-001
   3931.97733   3.87478137E-001
   3930.64355   3.90038717E-001
   3929.30977   3.92628991E-001
   3927.97599   3.95249434E-001
   3926.64221   3.97900532E-001
   3925.30844   4.00582781E-001
   3923.97466   4.03296688E-001
   3922.64088   4.06042769E-001
   3921.30710   4.08821550E-001
   3919.97332   4.11633571E-001
   3918.63955   4.14479381E-001
   3917.30577   4.17359541E-001
   3915.97199   4.20274623E-001
   3914.63821   4.23225213E-001
   3913.30443   4.26211908E-001
   3911.97066   4.29235318E-001
   3910.63688   4.32296066E-001
   3909.30310   4.35394789E-001
   3907.96932   4.38532138E-001
   3906.63555   4.41708776E-001
   3905.30177   4.44925384E-001
   3903.96799   4.48182655E-001
   3902.63421   4.51481298E-001
   3901.30043   4.54822039E-001
   3899.96666   4.58205619E-001
   3898.63288   4.61632795E-001
   3897.29910   4.65104342E-001
   3895.96532   4.68621052E-001
   3894.63154   4.72183737E-001
   3893.29777   4.75793223E-001
   3891.96399   4.79450360E-001
   3890.63021   4.83156013E-001
   3889.29643   4.86911071E-001
   3887.96265   4.90716442E-001
   3886.62888   4.94573053E-001
   3885.29510   4.98481857E-001
   3883.96132   5.02443826E-001
   3882.62754   5.06459956E-001
   3881.29376   5.10531268E-001
   3879.95999   5.14658807E-001
   3878.62621   5.18843641E-001
   3877.29243   5.23086866E-001
   3875.95865   5.27389605E-001
   3874.62487   5.31753006E-001
   3873.29110   5.36178249E-001
   3871.95732   5.40666538E-001
   3870.62354   5.45219113E-001
   3869.28976   5.49837239E-001
   3867.95599   5.54522216E-001
   3866.62221   5.59275378E-001
   3865.28843   5.64098089E-001
   3863.95465   5.68991751E-001
   3862.62087   5.73957800E-001
   3861.28710   5.78997711E-001
   3859.95332   5.84112996E-001
   3858.61954   5.89305205E-001
   3857.28576   5.94575932E-001
   3855.95198   5.99926810E-001
   3854.61821   6.05359517E-001
   3853.28443   6.10875775E-001
   3851.95065   6.16477353E-001
   3850.61687   6.22166066E-001
   3849.28309   6.27943781E-001
   3847.94932   6.33812413E-001
   3846.61554   6.39773932E-001
   3845.28176   6.45830360E-001
   3843.94798   6.51983779E-001
   3842.61420   6.58236325E-001
   3841.28043   6.64590196E-001
   3839.94665   6.71047653E-001
   3838.61287   6.77611021E-001
   3837.27909   6.84282690E-001
   3835.94532   6.91065122E-001
   3834.61154   6.97960847E-001
   3833.27776   7.04972471E-001
   3831.94398   7.12102678E-001
   3830.61020   7.19354228E-001
   3829.27643   7.26729966E-001
   3827.94265   7.34232821E-001
   3826.60887   7.41865811E-001
   3825.27509   7.49632046E-001
   3823.94131   7.57534731E-001
   3822.60754   7.65577170E-001
   3821.27376   7.73762769E-001
   3819.93998   7.82095041E-001
   3818.60620   7.90577610E-001
   3817.27242   7.99214215E-001
   3815.93865   8.08008712E-001
   3814.60487   8.16965085E-001
   3813.27109   8.26087445E-001
   3811.93731   8.35380038E-001
   3810.60353   8.44847248E-001
   3809.26976   8.54493607E-001
   3807.93598   8.64323798E-001
   3806.60220   8.74342661E-001
   3805.26842   8.84555199E-001
   3803.93464   8.94966590E-001
   3802.60087   9.05582189E-001
   3801.26709   9.16407535E-001
   3799.93331   9.27448365E-001
   3798.59953   9.38710617E-001
   3797.26576   9.50200442E-001
   3795.93198   9.61924211E-001
   3794.59820   9.73888529E-001
   3793.26442   9.86100240E-001
   3791.93064   9.98566444E-001
   3790.59687   1.01129450E+000
   3789.26309   1.02429206E+000
   3787.92931   1.03756705E+000
   3786.59553   1.05112770E+000
   3785.26175   1.06498257E+000
   3783.92798   1.07914055E+000
   3782.59420   1.09361088E+000
   3781.26042   1.10840318E+000
   3779.92664   1.12352744E+000
   3778.59286   1.13899408E+000
   3777.25909   1.15481392E+000
   3775.92531   1.17099826E+000
   3774.59153   1.18755887E+000
   3773.25775   1.20450800E+000
   3771.92397   1.22185846E+000
   3770.59020   1.23962360E+000
   3769.25642   1.25781736E+000
   3767.92264   1.27645432E+000
   3766.58886   1.29554971E+000
   3765.25509   1.31511945E+000
   3763.92131   1.33518022E+000
   3762.58753   1.35574946E+000
   3761.25375   1.37684548E+000
   3759.91997   1.39848745E+000
   3758.58620   1.42069548E+000
   3757.25242   1.44349071E+000
   3755.91864   1.46689534E+000
   3754.58486   1.49093269E+000
   3753.25108   1.51562734E+000
   3751.91731   1.54100515E+000
   3750.58353   1.56709338E+000
   3749.24975   1.59392082E+000
   3747.91597   1.62151783E+000
   3746.58219   1.64991653E+000
   3745.24842   1.67915092E+000
   3743.91464   1.70925699E+000
   3742.58086   1.74027292E+000
   3741.24708   1.77223927E+000
   3739.91330   1.80519912E+000
   3738.57953   1.83919837E+000
   3737.24575   1.87428595E+000
   3735.91197   1.91051407E+000
   3734.57819   1.94793859E+000
   3733.24441   1.98661932E+000
   3731.91064   2.02662046E+000
   3730.57686   2.06801098E+000
   3729.24308   2.11086521E+000
   3727.90930   2.15526334E+000
   3726.57553   2.20129213E+000
   3725.24175   2.24904562E+000
   3723.90797   2.29862605E+000
   3722.57419   2.35014484E+000
   3721.24041   2.40372373E+000
   3719.90664   2.45949621E+000
   3718.57286   2.51760905E+000
   3717.23908   2.57822419E+000
   3715.90530   2.64152102E+000
   3714.57152   2.70769892E+000
   3713.23775   2.77698053E+000
   3711.90397   2.84961547E+000
   3710.57019   2.92588498E+000
   3709.23641   3.00610750E+000
   3707.90263   3.09064555E+000
   3706.56886   3.17991422E+000
   3705.23508   3.27439166E+000
   3703.90130   3.37463233E+000
   3702.56752   3.48128367E+000
   3701.23374   3.59510735E+000
   3699.89997   3.71700664E+000
   3698.56619   3.84806188E+000
   3697.23241   3.98957715E+000
   3695.89863   4.14314205E+000
   3694.56485   4.31071482E+000
   3693.23108   4.49473527E+000
   3691.89730   4.69828059E+000
   3690.56352   4.92528331E+000
   3689.22974   5.18084128E+000
   3687.89597   5.47166605E+000
   3686.56219   5.80674346E+000
   3685.22841   6.19832658E+000
   3683.89463   6.66346008E+000
   3682.56085   7.22637318E+000
   3681.22708   7.92232256E+000
   3679.89330   8.80390034E+000
   3678.55952   9.95157422E+000
   3677.22574   1.14914131E+001
   3675.89196   1.36241967E+001
   3674.55819   1.66680398E+001
   3673.22441   2.10937153E+001
   3671.89063   2.74178031E+001
   3670.55685   3.54646438E+001
   3669.22307   4.24641813E+001
   3667.88930   4.32387135E+001
   3666.55552   3.72514481E+001
   3665.22174   2.95458664E+001
   3663.88796   2.33876096E+001
   3662.55418   1.91822159E+001
   3661.22041   1.64429156E+001
   3659.88663   1.46812837E+001
   3658.55285   1.35612406E+001
   3657.21907   1.28707029E+001
   3655.88530   1.24776588E+001
   3654.55152   1.22991748E+001
   3653.21774   1.22823861E+001
   3651.88396   1.23932042E+001
   3650.55018   1.26095952E+001
   3649.21641   1.29175234E+001
   3647.88263   1.33084658E+001
   3646.54885   1.37778706E+001
   3645.21507   1.43241997E+001
   3643.88129   1.49483458E+001
   3642.54752   1.56532979E+001
   3641.21374   1.64439857E+001
   3639.87996   1.73272589E+001
   3638.54618   1.83119820E+001
   3637.21240   1.94092381E+001
   3635.87863   2.06326459E+001
   3634.54485   2.19988090E+001
   3633.21107   2.35279238E+001
   3631.87729   2.52445928E+001
   3630.54351   2.71789081E+001
   3629.20974   2.93679016E+001
   3627.87596   3.18575030E+001
   3626.54218   3.47052132E+001
   3625.20840   3.79838080E+001
   3623.87462   4.17865501E+001
   3622.54085   4.62346602E+001
   3621.20707   5.14882385E+001
   3619.87329   5.77625831E+001
   3618.53951   6.53531449E+001
   3617.20574   7.46746261E+001
   3615.87196   8.63237219E+001
   3614.53818   1.01181906E+002
   3613.20440   1.20585615E+002
   3611.87062   1.46603376E+002
   3610.53685   1.82445084E+002
   3609.20307   2.32840836E+002
   3607.86929   3.03269519E+002
   3606.53551   3.93861744E+002
   3605.20173   4.82911352E+002
   3603.86796   5.26862578E+002
   3602.53418   5.22348123E+002
   3601.20040   5.20144662E+002
   3599.86662   5.60917697E+002
   3598.53284   6.65124883E+002
   3597.19907   8.51327308E+002
   3595.86529   1.13448459E+003
   3594.53151   1.47862873E+003
   3593.19773   1.70990089E+003
   3591.86395   1.61977362E+003
   3590.53018   1.28745321E+003
   3589.19640   9.41311432E+002
   3587.86262   6.79199897E+002
   3586.52884   4.98938864E+002
   3585.19507   3.76561646E+002
   3583.86129   2.92075223E+002
   3582.52751   2.32232332E+002
   3581.19373   1.88699946E+002
   3579.85995   1.56236171E+002
   3578.52618   1.31484134E+002
   3577.19240   1.12242929E+002
   3575.85862   9.70340514E+001
   3574.52484   8.48412310E+001
   3573.19106   7.49514446E+001
   3571.85729   6.68557290E+001
   3570.52351   6.01860936E+001
   3569.18973   5.46748089E+001
   3567.85595   5.01280455E+001
   3566.52217   4.64091792E+001
   3565.18840   4.34291691E+001
   3563.85462   4.11428733E+001
   3562.52084   3.95514484E+001
   3561.18706   3.87124454E+001
   3559.85328   3.87612733E+001
   3558.51951   3.99505806E+001
   3557.18573   4.27164651E+001
   3555.85195   4.77719996E+001
   3554.51817   5.61586141E+001
   3553.18439   6.88651271E+001
   3551.85062   8.47694749E+001
   3550.51684   9.64138842E+001
   3549.18306   9.32358302E+001
   3547.84928   7.73578670E+001
   3546.51551   5.98688027E+001
   3545.18173   4.62430938E+001
   3543.84795   3.66682857E+001
   3542.51417   3.00168664E+001
   3541.18039   2.52961053E+001
   3539.84662   2.18394712E+001
   3538.51284   1.92260449E+001
   3537.17906   1.71906329E+001
   3535.84528   1.55631211E+001
   3534.51150   1.42316422E+001
   3533.17773   1.31206668E+001
   3531.84395   1.21778698E+001
   3530.51017   1.13661119E+001
   3529.17639   1.06584322E+001
   3527.84261   1.00348500E+001
   3526.50884   9.48027334E+000
   3525.17506   8.98310332E+000
   3523.84128   8.53428229E+000
   3522.50750   8.12663332E+000
   3521.17372   7.75439313E+000
   3519.83995   7.41287660E+000
   3518.50617   7.09823201E+000
   3517.17239   6.80725997E+000
   3515.83861   6.53727759E+000
   3514.50483   6.28601542E+000
   3513.17106   6.05153830E+000
   3511.83728   5.83218391E+000
   3510.50350   5.62651452E+000
   3509.16972   5.43327889E+000
   3507.83595   5.25138170E+000
   3506.50217   5.07985905E+000
   3505.16839   4.91785844E+000
   3503.83461   4.76462246E+000
   3502.50083   4.61947531E+000
   3501.16706   4.48181164E+000
   3499.83328   4.35108723E+000
   3498.49950   4.22681109E+000
   3497.16572   4.10853891E+000
   3495.83194   3.99586740E+000
   3494.49817   3.88842947E+000
   3493.16439   3.78589014E+000
   3491.83061   3.68794296E+000
   3490.49683   3.59430697E+000
   3489.16305   3.50472399E+000
   3487.82928   3.41895631E+000
   3486.49550   3.33678466E+000
   3485.16172   3.25800640E+000
   3483.82794   3.18243391E+000
   3482.49416   3.10989327E+000
   3481.16039   3.04022293E+000
   3479.82661   2.97327267E+000
   3478.49283   2.90890259E+000
   3477.15905   2.84698223E+000
   3475.82528   2.78738977E+000
   3474.49150   2.73001137E+000
   3473.15772   2.67474045E+000
   3471.82394   2.62147718E+000
   3470.49016   2.57012793E+000
   3469.15639   2.52060481E+000
   3467.82261   2.47282523E+000
   3466.48883   2.42671149E+000
   3465.15505   2.38219048E+000
   3463.82127   2.33919330E+000
   3462.48750   2.29765500E+000
   3461.15372   2.25751429E+000
   3459.81994   2.21871328E+000
   3458.48616   2.18119728E+000
   3457.15238   2.14491457E+000
   3455.81861   2.10981623E+000
   3454.48483   2.07585591E+000
   3453.15105   2.04298974E+000
   3451.81727   2.01117610E+000
   3450.48349   1.98037554E+000
   3449.14972   1.95055063E+000
   3447.81594   1.92166583E+000
   3446.48216   1.89368737E+000
   3445.14838   1.86658320E+000
   3443.81460   1.84032282E+000
   3442.48083   1.81487724E+000
   3441.14705   1.79021888E+000
   3439.81327   1.76632151E+000
   3438.47949   1.74316015E+000
   3437.14572   1.72071100E+000
   3435.81194   1.69895143E+000
   3434.47816   1.67785986E+000
   3433.14438   1.65741572E+000
   3431.81060   1.63759944E+000
   3430.47683   1.61839233E+000
   3429.14305   1.59977662E+000
   3427.80927   1.58173533E+000
   3426.47549   1.56425231E+000
   3425.14171   1.54731214E+000
   3423.80794   1.53090014E+000
   3422.47416   1.51500231E+000
   3421.14038   1.49960533E+000
   3419.80660   1.48469648E+000
   3418.47282   1.47026368E+000
   3417.13905   1.45629540E+000
   3415.80527   1.44278069E+000
   3414.47149   1.42970914E+000
   3413.13771   1.41707083E+000
   3411.80393   1.40485635E+000
   3410.47016   1.39305679E+000
   3409.13638   1.38166367E+000
   3407.80260   1.37066899E+000
   3406.46882   1.36006514E+000
   3405.13505   1.34984499E+000
   3403.80127   1.34000176E+000
   3402.46749   1.33052910E+000
   3401.13371   1.32142105E+000
   3399.79993   1.31267201E+000
   3398.46616   1.30427677E+000
   3397.13238   1.29623045E+000
   3395.79860   1.28852856E+000
   3394.46482   1.28116693E+000
   3393.13104   1.27414177E+000
   3391.79727   1.26744958E+000
   3390.46349   1.26108725E+000
   3389.12971   1.25505196E+000
   3387.79593   1.24934125E+000
   3386.46215   1.24395296E+000
   3385.12838   1.23888530E+000
   3383.79460   1.23413677E+000
   3382.46082   1.22970622E+000
   3381.12704   1.22559284E+000
   3379.79326   1.22179613E+000
   3378.45949   1.21831597E+000
   3377.12571   1.21515254E+000
   3375.79193   1.21230641E+000
   3374.45815   1.20977847E+000
   3373.12437   1.20757000E+000
   3371.79060   1.20568264E+000
   3370.45682   1.20411843E+000
   3369.12304   1.20287978E+000
   3367.78926   1.20196954E+000
   3366.45549   1.20139094E+000
   3365.12171   1.20114768E+000
   3363.78793   1.20124390E+000
   3362.45415   1.20168422E+000
   3361.12037   1.20247376E+000
   3359.78660   1.20361813E+000
   3358.45282   1.20512353E+000
   3357.11904   1.20699668E+000
   3355.78526   1.20924495E+000
   3354.45148   1.21187632E+000
   3353.11771   1.21489945E+000
   3351.78393   1.21832370E+000
   3350.45015   1.22215923E+000
   3349.11637   1.22641697E+000
   3347.78259   1.23110873E+000
   3346.44882   1.23624726E+000
   3345.11504   1.24184628E+000
   3343.78126   1.24792058E+000
   3342.44748   1.25448611E+000
   3341.11370   1.26156006E+000
   3339.77993   1.26916094E+000
   3338.44615   1.27730873E+000
   3337.11237   1.28602498E+000
   3335.77859   1.29533297E+000
   3334.44481   1.30525783E+000
   3333.11104   1.31582678E+000
   3331.77726   1.32706925E+000
   3330.44348   1.33901717E+000
   3329.10970   1.35170520E+000
   3327.77593   1.36517101E+000
   3326.44215   1.37945562E+000
   3325.10837   1.39460378E+000
   3323.77459   1.41066439E+000
   3322.44081   1.42769101E+000
   3321.10704   1.44574242E+000
   3319.77326   1.46488332E+000
   3318.43948   1.48518504E+000
   3317.10570   1.50672654E+000
   3315.77192   1.52959542E+000
   3314.43815   1.55388917E+000
   3313.10437   1.57971673E+000
   3311.77059   1.60720024E+000
   3310.43681   1.63647722E+000
   3309.10303   1.66770311E+000
   3307.76926   1.70105451E+000
   3306.43548   1.73673299E+000
   3305.10170   1.77496984E+000
   3303.76792   1.81603201E+000
   3302.43414   1.86022944E+000
   3301.10037   1.90792441E+000
   3299.76659   1.95954330E+000
   3298.43281   2.01559177E+000
   3297.09903   2.07667441E+000
   3295.76526   2.14352041E+000
   3294.43148   2.21701757E+000
   3293.09770   2.29825789E+000
   3291.76392   2.38859926E+000
   3290.43014   2.48975044E+000
   3289.09637   2.60388954E+000
   3287.76259   2.73383193E+000
   3286.42881   2.88327243E+000
   3285.09503   3.05714092E+000
   3283.76125   3.26213487E+000
   3282.42748   3.50753412E+000
   3281.09370   3.80647499E+000
   3279.75992   4.17798913E+000
   3278.42614   4.65033885E+000
   3277.09236   5.26657729E+000
   3275.75859   6.09390082E+000
   3274.42481   7.23911597E+000
   3273.09103   8.87195797E+000
   3271.75725   1.12481503E+001
   3270.42347   1.46718036E+001
   3269.08970   1.91584004E+001
   3267.75592   2.34258745E+001
   3266.42214   2.45436091E+001
   3265.08836   2.15530918E+001
   3263.75458   1.71301054E+001
   3262.42081   1.34423539E+001
   3261.08703   1.08927054E+001
   3259.75325   9.23164676E+000
   3258.41947   8.17024023E+000
   3257.08570   7.50445920E+000
   3255.75192   7.10519126E+000
   3254.41814   6.89264432E+000
   3253.08436   6.81747194E+000
   3251.75058   6.84909610E+000
   3250.41681   6.96879388E+000
   3249.08303   7.16563343E+000
   3247.74925   7.43408544E+000
   3246.41547   7.77263666E+000
   3245.08169   8.18302669E+000
   3243.74792   8.66989884E+000
   3242.41414   9.24075486E+000
   3241.08036   9.90616485E+000
   3239.74658   1.06802276E+001
   3238.41280   1.15813134E+001
   3237.07903   1.26331611E+001
   3235.74525   1.38664503E+001
   3234.41147   1.53210423E+001
   3233.07769   1.70491912E+001
   3231.74391   1.91201995E+001
   3230.41014   2.16272736E+001
   3229.07636   2.46978052E+001
   3227.74258   2.85091079E+001
   3226.40880   3.33130370E+001
   3225.07503   3.94753868E+001
   3223.74125   4.75403374E+001
   3222.40747   5.83378119E+001
   3221.07369   7.31636204E+001
   3219.73991   9.40751912E+001
   3218.40614   1.24326827E+002
   3217.07236   1.68746363E+002
   3215.73858   2.32741292E+002
   3214.40480   3.15135312E+002
   3213.07102   3.89440613E+002
   3211.73725   4.05205333E+002
   3210.40347   3.57578913E+002
   3209.06969   2.96958653E+002
   3207.73591   2.52117228E+002
   3206.40213   2.15997467E+002
   3205.06836   1.77871995E+002
   3203.73458   1.42917631E+002
   3202.40080   1.18301557E+002
   3201.06702   1.05092540E+002
   3199.73324   1.01198175E+002
   3198.39947   1.01398445E+002
   3197.06569   9.67513736E+001
   3195.73191   8.36402892E+001
   3194.39813   6.84081821E+001
   3193.06435   5.66255722E+001
   3191.73058   4.94633683E+001
   3190.39680   4.63757984E+001
   3189.06302   4.60537792E+001
   3187.72924   4.55361473E+001
   3186.39547   4.14806410E+001
   3185.06169   3.46044279E+001
   3183.72791   2.79205555E+001
   3182.39413   2.27286715E+001
   3181.06035   1.89392047E+001
   3179.72658   1.61642765E+001
   3178.39280   1.40828551E+001
   3177.05902   1.24784838E+001
   3175.72524   1.12112446E+001
   3174.39146   1.01902414E+001
   3173.05769   9.35532798E+000
   3171.72391   8.66601217E+000
   3170.39013   8.09489346E+000
   3169.05635   7.62388517E+000
   3167.72257   7.24225021E+000
   3166.38880   6.94601022E+000
   3165.05502   6.73866764E+000
   3163.72124   6.63342993E+000
   3162.38746   6.65685990E+000
   3161.05368   6.85096388E+000
   3159.71991   7.25706852E+000
   3158.38613   7.82767714E+000
   3157.05235   8.24074285E+000
   3155.71857   8.02667207E+000
   3154.38479   7.26228041E+000
   3153.05102   6.43454086E+000
   3151.71724   5.79112980E+000
   3150.38346   5.34350547E+000
   3149.04968   5.04319301E+000
   3147.71591   4.84763158E+000
   3146.38213   4.72930617E+000
   3145.04835   4.67249691E+000
   3143.71457   4.66963432E+000
   3142.38079   4.71911020E+000
   3141.04702   4.82442438E+000
   3139.71324   4.99445545E+000
   3138.37946   5.24489547E+000
   3137.04568   5.60123020E+000
   3135.71190   6.10409427E+000
   3134.37813   6.81834986E+000
   3133.04435   7.84713313E+000
   3131.71057   9.34745274E+000
   3130.37679   1.15185573E+001
   3129.04301   1.44510895E+001
   3127.70924   1.76647821E+001
   3126.37546   1.97389137E+001
   3125.04168   1.92934074E+001
   3123.70790   1.68405341E+001
   3122.37412   1.41959844E+001
   3121.04035   1.23511633E+001
   3119.70657   1.14020710E+001
   3118.37279   1.12144657E+001
   3117.03901   1.16903564E+001
   3115.70524   1.27533019E+001
   3114.37146   1.41556638E+001
   3113.03768   1.53690603E+001
   3111.70390   1.62266626E+001
   3110.37012   1.73435421E+001
   3109.03635   1.93782748E+001
   3107.70257   2.27824809E+001
   3106.36879   2.80903243E+001
   3105.03501   3.61650452E+001
   3103.70123   4.83106201E+001
   3102.36746   6.58834815E+001
   3101.03368   8.79497406E+001
   3099.69990   1.05909167E+002
   3098.36612   1.05852043E+002
   3097.03234   8.86698001E+001
   3095.69857   6.86964689E+001
   3094.36479   5.39404717E+001
   3093.03101   4.47254690E+001
   3091.69723   3.86274794E+001
   3090.36345   3.28986038E+001
   3089.02968   2.67335336E+001
   3087.69590   2.12306065E+001
   3086.36212   1.70318423E+001
   3085.02834   1.40060358E+001
   3083.69456   1.18348702E+001
   3082.36079   1.02574705E+001
   3081.02701   9.09698989E+000
   3079.69323   8.23910722E+000
   3078.35945   7.61087927E+000
   3077.02568   7.16681356E+000
   3075.69190   6.88084125E+000
   3074.35812   6.74245193E+000
   3073.02434   6.75606162E+000
   3071.69056   6.94343642E+000
   3070.35679   7.34912927E+000
   3069.02301   8.04617153E+000
   3067.68923   9.12500133E+000
   3066.35545   1.06088379E+001
   3065.02167   1.22642166E+001
   3063.68790   1.36903342E+001
   3062.35412   1.47873389E+001
   3061.02034   1.53104441E+001
   3059.68656   1.49527338E+001
   3058.35278   1.43953636E+001
   3057.01901   1.45324581E+001
   3055.68523   1.57156379E+001
   3054.35145   1.78118154E+001
   3053.01767   2.00509274E+001
   3051.68389   2.15314572E+001
   3050.35012   2.28021510E+001
   3049.01634   2.53792123E+001
   3047.68256   3.04548747E+001
   3046.34878   3.90009600E+001
   3045.01501   5.16093912E+001
   3043.68123   6.63773167E+001
   3042.34745   7.59651556E+001
   3041.01367   7.34857311E+001
   3039.67989   6.21269189E+001
   3038.34612   4.82460014E+001
   3037.01234   3.58619445E+001
   3035.67856   2.65661221E+001
   3034.34478   2.00813587E+001
   3033.01100   1.56032507E+001
   3031.67723   1.24575756E+001
   3030.34345   1.01907045E+001
   3029.00967   8.51343149E+000
   3027.67589   7.24151726E+000
   3026.34211   6.25548999E+000
   3025.00834   5.47602772E+000
   3023.67456   4.84915914E+000
   3022.34078   4.33728897E+000
   3021.00700   3.91365228E+000
   3019.67322   3.55881107E+000
   3018.33945   3.25839053E+000
   3017.00567   3.00158393E+000
   3015.67189   2.78014475E+000
   3014.33811   2.58769403E+000
   3013.00433   2.41923586E+000
   3011.67056   2.27081289E+000
   3010.33678   2.13925764E+000
   3009.00300   2.02201045E+000
   3007.66922   1.91698450E+000
   3006.33545   1.82246449E+000
   3005.00167   1.73702978E+000
   3003.66789   1.65949544E+000
   3002.33411   1.58886664E+000
   3001.00033   1.52430299E+000
   2999.66656   1.46509049E+000
   2998.33278   1.41061925E+000
   2996.99900   1.36036564E+000
   2995.66522   1.31387798E+000
   2994.33144   1.27076484E+000
   2992.99767   1.23068563E+000
   2991.66389   1.19334275E+000
   2990.33011   1.15847521E+000
   2988.99633   1.12585325E+000
   2987.66255   1.09527398E+000
   2986.32878   1.06655759E+000
   2984.99500   1.03954425E+000
   2983.66122   1.01409147E+000
   2982.32744   9.90071870E-001
   2980.99366   9.67371258E-001
   2979.65989   9.45886996E-001
   2978.32611   9.25526616E-001
   2976.99233   9.06206606E-001
   2975.65855   8.87851374E-001
   2974.32477   8.70392350E-001
   2972.99100   8.53767201E-001
   2971.65722   8.37919151E-001
   2970.32344   8.22796384E-001
   2968.98966   8.08351528E-001
   2967.65589   7.94541189E-001
   2966.32211   7.81325553E-001
   2964.98833   7.68668031E-001
   2963.65455   7.56534939E-001
   2962.32077   7.44895223E-001
   2960.98700   7.33720211E-001
   2959.65322   7.22983390E-001
   2958.31944   7.12660211E-001
   2956.98566   7.02727910E-001
   2955.65188   6.93165354E-001
   2954.31811   6.83952897E-001
   2952.98433   6.75072255E-001
   2951.65055   6.66506389E-001
   2950.31677   6.58239403E-001
   2948.98299   6.50256450E-001
   2947.64922   6.42543649E-001
   2946.31544   6.35088009E-001
   2944.98166   6.27877356E-001
   2943.64788   6.20900274E-001
   2942.31410   6.14146045E-001
   2940.98033   6.07604601E-001
   2939.64655   6.01266468E-001
   2938.31277   5.95122731E-001
   2936.97899   5.89164990E-001
   2935.64522   5.83385324E-001
   2934.31144   5.77776258E-001
   2932.97766   5.72330732E-001
   2931.64388   5.67042071E-001
   2930.31010   5.61903964E-001
   2928.97633   5.56910435E-001
   2927.64255   5.52055822E-001
   2926.30877   5.47334759E-001
   2924.97499   5.42742155E-001
   2923.64121   5.38273178E-001
   2922.30744   5.33923236E-001
   2920.97366   5.29687967E-001
   2919.63988   5.25563220E-001
   2918.30610   5.21545047E-001
   2916.97232   5.17629685E-001
   2915.63855   5.13813553E-001
   2914.30477   5.10093233E-001
   2912.97099   5.06465467E-001
   2911.63721   5.02927145E-001
   2910.30343   4.99475298E-001
   2908.96966   4.96107088E-001
   2907.63588   4.92819804E-001
   2906.30210   4.89610851E-001
   2904.96832   4.86477747E-001
   2903.63454   4.83418117E-001
   2902.30077   4.80429686E-001
   2900.96699   4.77510274E-001
   2899.63321   4.74657790E-001
   2898.29943   4.71870230E-001
   2896.96566   4.69145671E-001
   2895.63188   4.66482268E-001
   2894.29810   4.63878247E-001
   2892.96432   4.61331907E-001
   2891.63054   4.58841611E-001
   2890.29677   4.56405786E-001
   2888.96299   4.54022919E-001
   2887.62921   4.51691555E-001
   2886.29543   4.49410292E-001
   2884.96165   4.47177781E-001
   2883.62788   4.44992724E-001
   2882.29410   4.42853869E-001
   2880.96032   4.40760008E-001
   2879.62654   4.38709979E-001
   2878.29276   4.36702660E-001
   2876.95899   4.34736968E-001
   2875.62521   4.32811858E-001
   2874.29143   4.30926323E-001
   2872.95765   4.29079389E-001
   2871.62387   4.27270113E-001
   2870.29010   4.25497589E-001
   2868.95632   4.23760936E-001
   2867.62254   4.22059306E-001
   2866.28876   4.20391877E-001
   2864.95498   4.18757855E-001
   2863.62121   4.17156469E-001
   2862.28743   4.15586978E-001
   2860.95365   4.14048659E-001
   2859.61987   4.12540814E-001
   2858.28610   4.11062770E-001
   2856.95232   4.09613869E-001
   2855.61854   4.08193479E-001
   2854.28476   4.06800983E-001
   2852.95098   4.05435786E-001
   2851.61721   4.04097309E-001
   2850.28343   4.02784991E-001
   2848.94965   4.01498288E-001
   2847.61587   4.00236671E-001
   2846.28209   3.98999629E-001
   2844.94832   3.97786663E-001
   2843.61454   3.96597289E-001
   2842.28076   3.95431039E-001
   2840.94698   3.94287456E-001
   2839.61320   3.93166098E-001
   2838.27943   3.92066533E-001
   2836.94565   3.90988343E-001
   2835.61187   3.89931120E-001
   2834.27809   3.88894470E-001
   2832.94431   3.87878008E-001
   2831.61054   3.86881358E-001
   2830.27676   3.85904156E-001
   2828.94298   3.84946049E-001
   2827.60920   3.84006690E-001
   2826.27543   3.83085745E-001
   2824.94165   3.82182886E-001
   2823.60787   3.81297795E-001
   2822.27409   3.80430162E-001
   2820.94031   3.79579684E-001
   2819.60654   3.78746067E-001
   2818.27276   3.77929025E-001
   2816.93898   3.77128278E-001
   2815.60520   3.76343554E-001
   2814.27142   3.75574587E-001
   2812.93765   3.74821119E-001
   2811.60387   3.74082896E-001
   2810.27009   3.73359674E-001
   2808.93631   3.72651211E-001
   2807.60253   3.71957273E-001
   2806.26876   3.71277633E-001
   2804.93498   3.70612066E-001
   2803.60120   3.69960356E-001
   2802.26742   3.69322290E-001
   2800.93364   3.68697661E-001
   2799.59987   3.68086266E-001
   2798.26609   3.67487907E-001
   2796.93231   3.66902393E-001
   2795.59853   3.66329533E-001
   2794.26475   3.65769145E-001
   2792.93098   3.65221048E-001
   2791.59720   3.64685068E-001
   2790.26342   3.64161031E-001
   2788.92964   3.63648771E-001
   2787.59587   3.63148123E-001
   2786.26209   3.62658928E-001
   2784.92831   3.62181029E-001
   2783.59453   3.61714272E-001
   2782.26075   3.61258509E-001
   2780.92698   3.60813593E-001
   2779.59320   3.60379381E-001
   2778.25942   3.59955733E-001
   2776.92564   3.59542512E-001
   2775.59186   3.59139585E-001
   2774.25809   3.58746820E-001
   2772.92431   3.58364090E-001
   2771.59053   3.57991269E-001
   2770.25675   3.57628235E-001
   2768.92297   3.57274868E-001
   2767.58920   3.56931051E-001
   2766.25542   3.56596668E-001
   2764.92164   3.56271607E-001
   2763.58786   3.55955759E-001
   2762.25408   3.55649015E-001
   2760.92031   3.55351271E-001
   2759.58653   3.55062422E-001
   2758.25275   3.54782369E-001
   2756.91897   3.54511012E-001
   2755.58520   3.54248254E-001
   2754.25142   3.53994000E-001
   2752.91764   3.53748158E-001
   2751.58386   3.53510637E-001
   2750.25008   3.53281347E-001
   2748.91631   3.53060202E-001
   2747.58253   3.52847115E-001
   2746.24875   3.52642004E-001
   2744.91497   3.52444786E-001
   2743.58119   3.52255380E-001
   2742.24742   3.52073709E-001
   2740.91364   3.51899695E-001
   2739.57986   3.51733262E-001
   2738.24608   3.51574338E-001
   2736.91230   3.51422848E-001
   2735.57853   3.51278722E-001
   2734.24475   3.51141891E-001
   2732.91097   3.51012286E-001
   2731.57719   3.50889841E-001
   2730.24341   3.50774490E-001
   2728.90964   3.50666168E-001
   2727.57586   3.50564813E-001
   2726.24208   3.50470364E-001
   2724.90830   3.50382760E-001
   2723.57452   3.50301941E-001
   2722.24075   3.50227850E-001
   2720.90697   3.50160430E-001
   2719.57319   3.50099625E-001
   2718.23941   3.50045381E-001
   2716.90564   3.49997644E-001
   2715.57186   3.49956361E-001
   2714.23808   3.49921482E-001
   2712.90430   3.49892956E-001
   2711.57052   3.49870733E-001
   2710.23675   3.49854765E-001
   2708.90297   3.49845005E-001
   2707.56919   3.49841406E-001
   2706.23541   3.49843924E-001
   2704.90163   3.49852512E-001
   2703.56786   3.49867128E-001
   2702.23408   3.49887728E-001
   2700.90030   3.49914271E-001
   2699.56652   3.49946715E-001
   2698.23274   3.49985021E-001
   2696.89897   3.50029149E-001
   2695.56519   3.50079059E-001
   2694.23141   3.50134715E-001
   2692.89763   3.50196079E-001
   2691.56385   3.50263115E-001
   2690.23008   3.50335786E-001
   2688.89630   3.50414059E-001
   2687.56252   3.50497900E-001
   2686.22874   3.50587273E-001
   2684.89496   3.50682148E-001
   2683.56119   3.50782492E-001
   2682.22741   3.50888273E-001
   2680.89363   3.50999460E-001
   2679.55985   3.51116025E-001
   2678.22608   3.51237936E-001
   2676.89230   3.51365166E-001
   2675.55852   3.51497686E-001
   2674.22474   3.51635468E-001
   2672.89096   3.51778487E-001
   2671.55719   3.51926714E-001
   2670.22341   3.52080125E-001
   2668.88963   3.52238694E-001
   2667.55585   3.52402396E-001
   2666.22207   3.52571207E-001
   2664.88830   3.52745104E-001
   2663.55452   3.52924064E-001
   2662.22074   3.53108064E-001
   2660.88696   3.53297082E-001
   2659.55318   3.53491097E-001
   2658.21941   3.53690087E-001
   2656.88563   3.53894032E-001
   2655.55185   3.54102912E-001
   2654.21807   3.54316708E-001
   2652.88429   3.54535400E-001
   2651.55052   3.54758971E-001
   2650.21674   3.54987401E-001
   2648.88296   3.55220673E-001
   2647.54918   3.55458770E-001
   2646.21541   3.55701675E-001
   2644.88163   3.55949372E-001
   2643.54785   3.56201845E-001
   2642.21407   3.56459079E-001
   2640.88029   3.56721058E-001
   2639.54652   3.56987768E-001
   2638.21274   3.57259194E-001
   2636.87896   3.57535323E-001
   2635.54518   3.57816142E-001
   2634.21140   3.58101636E-001
   2632.87763   3.58391795E-001
   2631.54385   3.58686605E-001
   2630.21007   3.58986054E-001
   2628.87629   3.59290132E-001
   2627.54251   3.59598826E-001
   2626.20874   3.59912127E-001
   2624.87496   3.60230023E-001
   2623.54118   3.60552506E-001
   2622.20740   3.60879564E-001
   2620.87362   3.61211189E-001
   2619.53985   3.61547372E-001
   2618.20607   3.61888104E-001
   2616.87229   3.62233377E-001
   2615.53851   3.62583183E-001
   2614.20473   3.62937514E-001
   2612.87096   3.63296364E-001
   2611.53718   3.63659724E-001
   2610.20340   3.64027588E-001
   2608.86962   3.64399951E-001
   2607.53585   3.64776806E-001
   2606.20207   3.65158147E-001
   2604.86829   3.65543969E-001
   2603.53451   3.65934267E-001
   2602.20073   3.66329036E-001
   2600.86696   3.66728271E-001
   2599.53318   3.67131969E-001
   2598.19940   3.67540126E-001
   2596.86562   3.67952738E-001
   2595.53184   3.68369801E-001
   2594.19807   3.68791314E-001
   2592.86429   3.69217272E-001
   2591.53051   3.69647674E-001
   2590.19673   3.70082517E-001
   2588.86295   3.70521800E-001
   2587.52918   3.70965520E-001
   2586.19540   3.71413678E-001
   2584.86162   3.71866271E-001
   2583.52784   3.72323299E-001
   2582.19406   3.72784762E-001
   2580.86029   3.73250659E-001
   2579.52651   3.73720990E-001
   2578.19273   3.74195755E-001
   2576.85895   3.74674956E-001
   2575.52518   3.75158593E-001
   2574.19140   3.75646667E-001
   2572.85762   3.76139179E-001
   2571.52384   3.76636132E-001
   2570.19006   3.77137526E-001
   2568.85629   3.77643365E-001
   2567.52251   3.78153649E-001
   2566.18873   3.78668383E-001
   2564.85495   3.79187570E-001
   2563.52117   3.79711211E-001
   2562.18740   3.80239310E-001
   2560.85362   3.80771872E-001
   2559.51984   3.81308900E-001
   2558.18606   3.81850398E-001
   2556.85228   3.82396371E-001
   2555.51851   3.82946823E-001
   2554.18473   3.83501759E-001
   2552.85095   3.84061184E-001
   2551.51717   3.84625103E-001
   2550.18339   3.85193523E-001
   2548.84962   3.85766448E-001
   2547.51584   3.86343886E-001
   2546.18206   3.86925842E-001
   2544.84828   3.87512322E-001
   2543.51450   3.88103334E-001
   2542.18073   3.88698885E-001
   2540.84695   3.89298982E-001
   2539.51317   3.89903632E-001
   2538.17939   3.90512843E-001
   2536.84562   3.91126623E-001
   2535.51184   3.91744980E-001
   2534.17806   3.92367923E-001
   2532.84428   3.92995460E-001
   2531.51050   3.93627600E-001
   2530.17673   3.94264353E-001
   2528.84295   3.94905727E-001
   2527.50917   3.95551733E-001
   2526.17539   3.96202380E-001
   2524.84161   3.96857678E-001
   2523.50784   3.97517638E-001
   2522.17406   3.98182269E-001
   2520.84028   3.98851583E-001
   2519.50650   3.99525591E-001
   2518.17272   4.00204304E-001
   2516.83895   4.00887734E-001
   2515.50517   4.01575891E-001
   2514.17139   4.02268789E-001
   2512.83761   4.02966439E-001
   2511.50383   4.03668853E-001
   2510.17006   4.04376045E-001
   2508.83628   4.05088027E-001
   2507.50250   4.05804812E-001
   2506.16872   4.06526413E-001
   2504.83494   4.07252844E-001
   2503.50117   4.07984120E-001
   2502.16739   4.08720253E-001
   2500.83361   4.09461258E-001
   2499.49983   4.10207150E-001
   2498.16606   4.10957943E-001
   2496.83228   4.11713653E-001
   2495.49850   4.12474295E-001
   2494.16472   4.13239883E-001
   2492.83094   4.14010434E-001
   2491.49717   4.14785964E-001
   2490.16339   4.15566489E-001
   2488.82961   4.16352025E-001
   2487.49583   4.17142589E-001
   2486.16205   4.17938197E-001
   2484.82828   4.18738868E-001
   2483.49450   4.19544618E-001
   2482.16072   4.20355465E-001
   2480.82694   4.21171427E-001
   2479.49316   4.21992522E-001
   2478.15939   4.22818769E-001
   2476.82561   4.23650185E-001
   2475.49183   4.24486791E-001
   2474.15805   4.25328604E-001
   2472.82427   4.26175645E-001
   2471.49050   4.27027933E-001
   2470.15672   4.27885487E-001
   2468.82294   4.28748329E-001
   2467.48916   4.29616478E-001
   2466.15539   4.30489956E-001
   2464.82161   4.31368782E-001
   2463.48783   4.32252979E-001
   2462.15405   4.33142567E-001
   2460.82027   4.34037568E-001
   2459.48650   4.34938005E-001
   2458.15272   4.35843899E-001
   2456.81894   4.36755274E-001
   2455.48516   4.37672151E-001
   2454.15138   4.38594554E-001
   2452.81761   4.39522506E-001
   2451.48383   4.40456030E-001
   2450.15005   4.41395152E-001
   2448.81627   4.42339893E-001
   2447.48249   4.43290280E-001
   2446.14872   4.44246337E-001
   2444.81494   4.45208088E-001
   2443.48116   4.46175559E-001
   2442.14738   4.47148776E-001
   2440.81360   4.48127764E-001
   2439.47983   4.49112549E-001
   2438.14605   4.50103158E-001
   2436.81227   4.51099618E-001
   2435.47849   4.52101955E-001
   2434.14471   4.53110197E-001
   2432.81094   4.54124370E-001
   2431.47716   4.55144504E-001
   2430.14338   4.56170627E-001
   2428.80960   4.57202766E-001
   2427.47583   4.58240950E-001
   2426.14205   4.59285210E-001
   2424.80827   4.60335573E-001
   2423.47449   4.61392070E-001
   2422.14071   4.62454731E-001
   2420.80694   4.63523585E-001
   2419.47316   4.64598665E-001
   2418.13938   4.65680000E-001
   2416.80560   4.66767622E-001
   2415.47182   4.67861563E-001
   2414.13805   4.68961855E-001
   2412.80427   4.70068529E-001
   2411.47049   4.71181619E-001
   2410.13671   4.72301157E-001
   2408.80293   4.73427178E-001
   2407.46916   4.74559713E-001
   2406.13538   4.75698798E-001
   2404.80160   4.76844466E-001
   2403.46782   4.77996753E-001
   2402.13404   4.79155694E-001
   2400.80027   4.80321323E-001
   2399.46649   4.81493676E-001
   2398.13271   4.82672791E-001
   2396.79893   4.83858702E-001
   2395.46516   4.85051447E-001
   2394.13138   4.86251064E-001
   2392.79760   4.87457589E-001
   2391.46382   4.88671061E-001
   2390.13004   4.89891518E-001
   2388.79627   4.91118998E-001
   2387.46249   4.92353542E-001
   2386.12871   4.93595188E-001
   2384.79493   4.94843976E-001
   2383.46115   4.96099946E-001
   2382.12738   4.97363140E-001
   2380.79360   4.98633598E-001
   2379.45982   4.99911362E-001
   2378.12604   5.01196474E-001
   2376.79226   5.02488976E-001
   2375.45849   5.03788910E-001
   2374.12471   5.05096321E-001
   2372.79093   5.06411251E-001
   2371.45715   5.07733744E-001
   2370.12337   5.09063846E-001
   2368.78960   5.10401601E-001
   2367.45582   5.11747053E-001
   2366.12204   5.13100250E-001
   2364.78826   5.14461238E-001
   2363.45448   5.15830062E-001
   2362.12071   5.17206770E-001
   2360.78693   5.18591411E-001
   2359.45315   5.19984031E-001
   2358.11937   5.21384679E-001
   2356.78560   5.22793405E-001
   2355.45182   5.24210258E-001
   2354.11804   5.25635288E-001
   2352.78426   5.27068545E-001
   2351.45048   5.28510081E-001
   2350.11671   5.29959947E-001
   2348.78293   5.31418195E-001
   2347.44915   5.32884878E-001
   2346.11537   5.34360048E-001
   2344.78159   5.35843759E-001
   2343.44782   5.37336065E-001
   2342.11404   5.38837021E-001
   2340.78026   5.40346682E-001
   2339.44648   5.41865103E-001
   2338.11270   5.43392342E-001
   2336.77893   5.44928454E-001
   2335.44515   5.46473497E-001
   2334.11137   5.48027529E-001
   2332.77759   5.49590608E-001
   2331.44381   5.51162795E-001
   2330.11004   5.52744147E-001
   2328.77626   5.54334726E-001
   2327.44248   5.55934592E-001
   2326.10870   5.57543807E-001
   2324.77492   5.59162432E-001
   2323.44115   5.60790531E-001
   2322.10737   5.62428167E-001
   2320.77359   5.64075404E-001
   2319.43981   5.65732305E-001
   2318.10604   5.67398938E-001
   2316.77226   5.69075366E-001
   2315.43848   5.70761658E-001
   2314.10470   5.72457879E-001
   2312.77092   5.74164099E-001
   2311.43715   5.75880384E-001
   2310.10337   5.77606806E-001
   2308.76959   5.79343432E-001
   2307.43581   5.81090335E-001
   2306.10203   5.82847585E-001
   2304.76826   5.84615255E-001
   2303.43448   5.86393417E-001
   2302.10070   5.88182144E-001
   2300.76692   5.89981511E-001
   2299.43314   5.91791594E-001
   2298.09937   5.93612466E-001
   2296.76559   5.95444206E-001
   2295.43181   5.97286890E-001
   2294.09803   5.99140597E-001
   2292.76425   6.01005405E-001
   2291.43048   6.02881393E-001
   2290.09670   6.04768643E-001
   2288.76292   6.06667236E-001
   2287.42914   6.08577253E-001
   2286.09537   6.10498778E-001
   2284.76159   6.12431895E-001
   2283.42781   6.14376688E-001
   2282.09403   6.16333242E-001
   2280.76025   6.18301645E-001
   2279.42648   6.20281982E-001
   2278.09270   6.22274344E-001
   2276.75892   6.24278818E-001
   2275.42514   6.26295495E-001
   2274.09136   6.28324465E-001
   2272.75759   6.30365821E-001
   2271.42381   6.32419655E-001
   2270.09003   6.34486062E-001
   2268.75625   6.36565135E-001
   2267.42247   6.38656971E-001
   2266.08870   6.40761667E-001
   2264.75492   6.42879320E-001
   2263.42114   6.45010029E-001
   2262.08736   6.47153895E-001
   2260.75358   6.49311017E-001
   2259.41981   6.51481498E-001
   2258.08603   6.53665442E-001
   2256.75225   6.55862951E-001
   2255.41847   6.58074132E-001
   2254.08469   6.60299090E-001
   2252.75092   6.62537934E-001
   2251.41714   6.64790771E-001
   2250.08336   6.67057713E-001
   2248.74958   6.69338868E-001
   2247.41581   6.71634351E-001
   2246.08203   6.73944273E-001
   2244.74825   6.76268751E-001
   2243.41447   6.78607898E-001
   2242.08069   6.80961834E-001
   2240.74692   6.83330675E-001
   2239.41314   6.85714541E-001
   2238.07936   6.88113554E-001
   2236.74558   6.90527836E-001
   2235.41180   6.92957509E-001
   2234.07803   6.95402700E-001
   2232.74425   6.97863533E-001
   2231.41047   7.00340138E-001
   2230.07669   7.02832642E-001
   2228.74291   7.05341177E-001
   2227.40914   7.07865874E-001
   2226.07536   7.10406867E-001
   2224.74158   7.12964290E-001
   2223.40780   7.15538279E-001
   2222.07402   7.18128973E-001
   2220.74025   7.20736511E-001
   2219.40647   7.23361034E-001
   2218.07269   7.26002684E-001
   2216.73891   7.28661605E-001
   2215.40514   7.31337944E-001
   2214.07136   7.34031846E-001
   2212.73758   7.36743462E-001
   2211.40380   7.39472942E-001
   2210.07002   7.42220438E-001
   2208.73625   7.44986105E-001
   2207.40247   7.47770098E-001
   2206.06869   7.50572575E-001
   2204.73491   7.53393696E-001
   2203.40113   7.56233620E-001
   2202.06736   7.59092513E-001
   2200.73358   7.61970538E-001
   2199.39980   7.64867863E-001
   2198.06602   7.67784656E-001
   2196.73224   7.70721089E-001
   2195.39847   7.73677333E-001
   2194.06469   7.76653563E-001
   2192.73091   7.79649957E-001
   2191.39713   7.82666693E-001
   2190.06335   7.85703951E-001
   2188.72958   7.88761916E-001
   2187.39580   7.91840772E-001
   2186.06202   7.94940707E-001
   2184.72824   7.98061909E-001
   2183.39446   8.01204572E-001
   2182.06069   8.04368889E-001
   2180.72691   8.07555056E-001
   2179.39313   8.10763272E-001
   2178.05935   8.13993738E-001
   2176.72558   8.17246659E-001
   2175.39180   8.20522238E-001
   2174.05802   8.23820686E-001
   2172.72424   8.27142214E-001
   2171.39046   8.30487033E-001
   2170.05669   8.33855362E-001
   2168.72291   8.37247417E-001
   2167.38913   8.40663422E-001
   2166.05535   8.44103599E-001
   2164.72157   8.47568175E-001
   2163.38780   8.51057381E-001
   2162.05402   8.54571449E-001
   2160.72024   8.58110613E-001
   2159.38646   8.61675112E-001
   2158.05268   8.65265187E-001
   2156.71891   8.68881083E-001
   2155.38513   8.72523046E-001
   2154.05135   8.76191326E-001
   2152.71757   8.79886178E-001
   2151.38379   8.83607857E-001
   2150.05002   8.87356624E-001
   2148.71624   8.91132740E-001
   2147.38246   8.94936474E-001
   2146.04868   8.98768094E-001
   2144.71490   9.02627874E-001
   2143.38113   9.06516090E-001
   2142.04735   9.10433022E-001
   2140.71357   9.14378955E-001
   2139.37979   9.18354176E-001
   2138.04602   9.22358975E-001
   2136.71224   9.26393648E-001
   2135.37846   9.30458494E-001
   2134.04468   9.34553814E-001
   2132.71090   9.38679916E-001
   2131.37713   9.42837110E-001
   2130.04335   9.47025710E-001
   2128.70957   9.51246036E-001
   2127.37579   9.55498410E-001
   2126.04201   9.59783159E-001
   2124.70824   9.64100615E-001
   2123.37446   9.68451114E-001
   2122.04068   9.72834995E-001
   2120.70690   9.77252604E-001
   2119.37312   9.81704291E-001
   2118.03935   9.86190409E-001
   2116.70557   9.90711317E-001
   2115.37179   9.95267380E-001
   2114.03801   9.99858965E-001
   2112.70423   1.00448645E+000
   2111.37046   1.00915020E+000
   2110.03668   1.01385062E+000
   2108.70290   1.01858809E+000
   2107.36912   1.02336299E+000
   2106.03535   1.02817574E+000
   2104.70157   1.03302674E+000
   2103.36779   1.03791640E+000
   2102.03401   1.04284514E+000
   2100.70023   1.04781337E+000
   2099.36646   1.05282153E+000
   2098.03268   1.05787005E+000
   2096.69890   1.06295938E+000
   2095.36512   1.06808995E+000
   2094.03134   1.07326223E+000
   2092.69757   1.07847667E+000
   2091.36379   1.08373373E+000
   2090.03001   1.08903390E+000
   2088.69623   1.09437764E+000
   2087.36245   1.09976545E+000
   2086.02868   1.10519782E+000
   2084.69490   1.11067526E+000
   2083.36112   1.11619825E+000
   2082.02734   1.12176733E+000
   2080.69356   1.12738302E+000
   2079.35979   1.13304584E+000
   2078.02601   1.13875633E+000
   2076.69223   1.14451505E+000
   2075.35845   1.15032253E+000
   2074.02467   1.15617935E+000
   2072.69090   1.16208608E+000
   2071.35712   1.16804328E+000
   2070.02334   1.17405156E+000
   2068.68956   1.18011151E+000
   2067.35579   1.18622373E+000
   2066.02201   1.19238884E+000
   2064.68823   1.19860746E+000
   2063.35445   1.20488022E+000
   2062.02067   1.21120776E+000
   2060.68690   1.21759075E+000
   2059.35312   1.22402984E+000
   2058.01934   1.23052570E+000
   2056.68556   1.23707902E+000
   2055.35178   1.24369049E+000
   2054.01801   1.25036081E+000
   2052.68423   1.25709071E+000
   2051.35045   1.26388090E+000
   2050.01667   1.27073213E+000
   2048.68289   1.27764514E+000
   2047.34912   1.28462070E+000
   2046.01534   1.29165957E+000
   2044.68156   1.29876255E+000
   2043.34778   1.30593043E+000
   2042.01400   1.31316402E+000
   2040.68023   1.32046415E+000
   2039.34645   1.32783166E+000
   2038.01267   1.33526739E+000
   2036.67889   1.34277221E+000
   2035.34512   1.35034699E+000
   2034.01134   1.35799264E+000
   2032.67756   1.36571005E+000
   2031.34378   1.37350015E+000
   2030.01000   1.38136388E+000
   2028.67623   1.38930219E+000
   2027.34245   1.39731605E+000
   2026.00867   1.40540645E+000
   2024.67489   1.41357438E+000
   2023.34111   1.42182086E+000
   2022.00734   1.43014693E+000
   2020.67356   1.43855364E+000
   2019.33978   1.44704207E+000
   2018.00600   1.45561330E+000
   2016.67222   1.46426843E+000
   2015.33845   1.47300860E+000
   2014.00467   1.48183496E+000
   2012.67089   1.49074866E+000
   2011.33711   1.49975089E+000
   2010.00333   1.50884287E+000
   2008.66956   1.51802581E+000
   2007.33578   1.52730096E+000
   2006.00200   1.53666961E+000
   2004.66822   1.54613303E+000
   2003.33444   1.55569256E+000
   2002.00067   1.56534952E+000
   2000.66689   1.57510528E+000
   1999.33311   1.58496123E+000
   1997.99933   1.59491879E+000
   1996.66556   1.60497939E+000
   1995.33178   1.61514449E+000
   1993.99800   1.62541560E+000
   1992.66422   1.63579422E+000
   1991.33044   1.64628191E+000
   1989.99667   1.65688023E+000
   1988.66289   1.66759080E+000
   1987.32911   1.67841525E+000
   1985.99533   1.68935525E+000
   1984.66155   1.70041248E+000
   1983.32778   1.71158868E+000
   1981.99400   1.72288561E+000
   1980.66022   1.73430506E+000
   1979.32644   1.74584885E+000
   1977.99266   1.75751887E+000
   1976.65889   1.76931699E+000
   1975.32511   1.78124516E+000
   1973.99133   1.79330534E+000
   1972.65755   1.80549956E+000
   1971.32377   1.81782986E+000
   1969.99000   1.83029833E+000
   1968.65622   1.84290710E+000
   1967.32244   1.85565834E+000
   1965.98866   1.86855428E+000
   1964.65488   1.88159718E+000
   1963.32111   1.89478933E+000
   1961.98733   1.90813309E+000
   1960.65355   1.92163087E+000
   1959.31977   1.93528511E+000
   1957.98600   1.94909831E+000
   1956.65222   1.96307301E+000
   1955.31844   1.97721183E+000
   1953.98466   1.99151742E+000
   1952.65088   2.00599249E+000
   1951.31711   2.02063980E+000
   1949.98333   2.03546218E+000
   1948.64955   2.05046252E+000
   1947.31577   2.06564376E+000
   1945.98199   2.08100891E+000
   1944.64822   2.09656104E+000
   1943.31444   2.11230329E+000
   1941.98066   2.12823887E+000
   1940.64688   2.14437104E+000
   1939.31310   2.16070317E+000
   1937.97933   2.17723865E+000
   1936.64555   2.19398100E+000
   1935.31177   2.21093377E+000
   1933.97799   2.22810062E+000
   1932.64421   2.24548529E+000
   1931.31044   2.26309157E+000
   1929.97666   2.28092339E+000
   1928.64288   2.29898471E+000
   1927.30910   2.31727962E+000
   1925.97533   2.33581230E+000
   1924.64155   2.35458701E+000
   1923.30777   2.37360811E+000
   1921.97399   2.39288007E+000
   1920.64021   2.41240747E+000
   1919.30644   2.43219497E+000
   1917.97266   2.45224737E+000
   1916.63888   2.47256957E+000
   1915.30510   2.49316658E+000
   1913.97132   2.51404354E+000
   1912.63755   2.53520571E+000
   1911.30377   2.55665848E+000
   1909.96999   2.57840736E+000
   1908.63621   2.60045802E+000
   1907.30243   2.62281623E+000
   1905.96866   2.64548793E+000
   1904.63488   2.66847920E+000
   1903.30110   2.69179629E+000
   1901.96732   2.71544557E+000
   1900.63354   2.73943360E+000
   1899.29977   2.76376709E+000
   1897.96599   2.78845294E+000
   1896.63221   2.81349820E+000
   1895.29843   2.83891013E+000
   1893.96465   2.86469616E+000
   1892.63088   2.89086393E+000
   1891.29710   2.91742126E+000
   1889.96332   2.94437619E+000
   1888.62954   2.97173698E+000
   1887.29577   2.99951210E+000
   1885.96199   3.02771025E+000
   1884.62821   3.05634037E+000
   1883.29443   3.08541164E+000
   1881.96065   3.11493350E+000
   1880.62688   3.14491564E+000
   1879.29310   3.17536802E+000
   1877.95932   3.20630088E+000
   1876.62554   3.23772478E+000
   1875.29176   3.26965052E+000
   1873.95799   3.30208926E+000
   1872.62421   3.33505245E+000
   1871.29043   3.36855189E+000
   1869.95665   3.40259973E+000
   1868.62287   3.43720844E+000
   1867.28910   3.47239090E+000
   1865.95532   3.50816036E+000
   1864.62154   3.54453046E+000
   1863.28776   3.58151527E+000
   1861.95398   3.61912926E+000
   1860.62021   3.65738737E+000
   1859.28643   3.69630499E+000
   1857.95265   3.73589801E+000
   1856.61887   3.77618279E+000
   1855.28510   3.81717622E+000
   1853.95132   3.85889574E+000
   1852.61754   3.90135935E+000
   1851.28376   3.94458561E+000
   1849.94998   3.98859372E+000
   1848.61621   4.03340350E+000
   1847.28243   4.07903543E+000
   1845.94865   4.12551067E+000
   1844.61487   4.17285111E+000
   1843.28109   4.22107940E+000
   1841.94732   4.27021894E+000
   1840.61354   4.32029397E+000
   1839.27976   4.37132959E+000
   1837.94598   4.42335177E+000
   1836.61220   4.47638742E+000
   1835.27843   4.53046443E+000
   1833.94465   4.58561172E+000
   1832.61087   4.64185926E+000
   1831.27709   4.69923816E+000
   1829.94331   4.75778070E+000
   1828.60954   4.81752038E+000
   1827.27576   4.87849203E+000
   1825.94198   4.94073182E+000
   1824.60820   5.00427734E+000
   1823.27442   5.06916773E+000
   1821.94065   5.13544367E+000
   1820.60687   5.20314754E+000
   1819.27309   5.27232348E+000
   1817.93931   5.34301750E+000
   1816.60554   5.41527755E+000
   1815.27176   5.48915369E+000
   1813.93798   5.56469817E+000
   1812.60420   5.64196557E+000
   1811.27042   5.72101296E+000
   1809.93665   5.80190000E+000
   1808.60287   5.88468918E+000
   1807.26909   5.96944595E+000
   1805.93531   6.05623890E+000
   1804.60153   6.14514003E+000
   1803.26776   6.23622491E+000
   1801.93398   6.32957300E+000
   1800.60020   6.42526786E+000
   1799.26642   6.52339749E+000
   1797.93264   6.62405465E+000
   1796.59887   6.72733722E+000
   1795.26509   6.83334859E+000
   1793.93131   6.94219812E+000
   1792.59753   7.05400163E+000
   1791.26375   7.16888192E+000
   1789.92998   7.28696938E+000
   1788.59620   7.40840270E+000
   1787.26242   7.53332958E+000
   1785.92864   7.66190760E+000
   1784.59486   7.79430518E+000
   1783.26109   7.93070266E+000
   1781.92731   8.07129350E+000
   1780.59353   8.21628572E+000
   1779.25975   8.36590342E+000
   1777.92598   8.52038868E+000
   1776.59220   8.68000361E+000
   1775.25842   8.84503274E+000
   1773.92464   9.01578591E+000
   1772.59086   9.19260142E+000
   1771.25709   9.37584993E+000
   1769.92331   9.56593893E+000
   1768.58953   9.76331797E+000
   1767.25575   9.96848502E+000
   1765.92197   1.01819939E+001
   1764.58820   1.04044633E+001
   1763.25442   1.06365875E+001
   1761.92064   1.08791497E+001
   1760.58686   1.11330379E+001
   1759.25308   1.13992648E+001
   1757.91931   1.16789919E+001
   1756.58553   1.19735605E+001
   1755.25175   1.22845295E+001
   1753.91797   1.26137241E+001
   1752.58419   1.29632981E+001
   1751.25042   1.33358137E+001
   1749.91664   1.37343461E+001
   1748.58286   1.41626211E+001
   1747.24908   1.46251987E+001
   1745.91531   1.51277204E+001
   1744.58153   1.56772477E+001
   1743.24775   1.62827310E+001
   1741.91397   1.69556712E+001
   1740.58019   1.77110649E+001
   1739.24642   1.85687841E+001
   1737.91264   1.95556256E+001
   1736.57886   2.07084204E+001
   1735.24508   2.20788564E+001
   1733.91130   2.37411306E+001
   1732.57753   2.58043669E+001
   1731.24375   2.84331764E+001
   1729.90997   3.18821045E+001
   1728.57619   3.65528004E+001
   1727.24241   4.30824538E+001
   1725.90864   5.24447506E+001
   1724.57486   6.58871311E+001
   1723.24108   8.39475429E+001
   1721.90730   1.03070067E+002
   1720.57352   1.13139040E+002
   1719.23975   1.08854356E+002
   1717.90597   9.83136576E+001
   1716.57219   8.74579203E+001
   1715.23841   7.56060112E+001
   1713.90463   6.39610132E+001
   1712.57086   5.48829735E+001
   1711.23708   4.88031581E+001
   1709.90330   4.51112824E+001
   1708.56952   4.31781701E+001
   1707.23575   4.26160525E+001
   1705.90197   4.32795120E+001
   1704.56819   4.52390250E+001
   1703.23441   4.87365920E+001
   1701.90063   5.39353532E+001
   1700.56686   5.99730318E+001
   1699.23308   6.36983775E+001
   1697.89930   6.22550151E+001
   1696.56552   5.76978056E+001
   1695.23174   5.34770016E+001
   1693.89797   5.07755272E+001
   1692.56419   4.94410696E+001
   1691.23041   4.90930474E+001
   1689.89663   4.94363787E+001
   1688.56285   5.02818137E+001
   1687.22908   5.15146173E+001
   1685.89530   5.30671478E+001
   1684.56152   5.49012240E+001
   1683.22774   5.69976116E+001
   1681.89396   5.93498751E+001
   1680.56019   6.19608088E+001
   1679.22641   6.48404042E+001
   1677.89263   6.80047614E+001
   1676.55885   7.14756134E+001
   1675.22508   7.52802774E+001
   1673.89130   7.94519366E+001
   1672.55752   8.40302067E+001
   1671.22374   8.90619807E+001
   1669.88996   9.46025697E+001
   1668.55619   1.00717185E+002
   1667.22241   1.07482829E+002
   1665.88863   1.14990698E+002
   1664.55485   1.23349232E+002
   1663.22107   1.32687999E+002
   1661.88730   1.43162674E+002
   1660.55352   1.54961468E+002
   1659.21974   1.68313487E+002
   1657.88596   1.83499723E+002
   1656.55218   2.00867633E+002
   1655.21841   2.20850705E+002
   1653.88463   2.43995032E+002
   1652.55085   2.70995883E+002
   1651.21707   3.02748746E+002
   1649.88329   3.40421656E+002
   1648.54952   3.85559424E+002
   1647.21574   4.40236530E+002
   1645.88196   5.07285772E+002
   1644.54818   5.90647387E+002
   1643.21440   6.95913877E+002
   1641.88063   8.31199748E+002
   1640.54685   1.00856115E+003
   1639.21307   1.24635834E+003
   1637.87929   1.57322950E+003
   1636.54552   2.03469345E+003
   1635.21174   2.70330115E+003
   1633.87796   3.68975511E+003
   1632.54418   5.13270826E+003
   1631.21040   7.07312176E+003
   1629.87663   9.03324148E+003
   1628.54285   9.72662012E+003
   1627.20907   8.49560378E+003
   1625.87529   6.43581123E+003
   1624.54151   4.63401731E+003
   1623.20774   3.34565174E+003
   1621.87396   2.47162367E+003
   1620.54018   1.87702470E+003
   1619.20640   1.46367708E+003
   1617.87262   1.16863980E+003
   1616.53885   9.52512718E+002
   1615.20507   7.90400109E+002
   1613.87129   6.66243815E+002
   1612.53751   5.69441739E+002
   1611.20373   4.92838008E+002
   1609.86996   4.31515452E+002
   1608.53618   3.82062023E+002
   1607.20240   3.42126718E+002
   1605.86862   3.10163588E+002
   1604.53484   2.85307763E+002
   1603.20107   2.67330598E+002
   1601.86729   2.56502140E+002
   1600.53351   2.52685742E+002
   1599.19973   2.52215086E+002
   1597.86596   2.44917640E+002
   1596.53218   2.23969340E+002
   1595.19840   1.96827729E+002
   1593.86462   1.72498594E+002
   1592.53084   1.53362058E+002
   1591.19707   1.38617969E+002
   1589.86329   1.27073382E+002
   1588.52951   1.17833996E+002
   1587.19573   1.10314865E+002
   1585.86195   1.04147649E+002
   1584.52818   9.91073248E+001
   1583.19440   9.50684569E+001
   1581.86062   9.19837360E+001
   1580.52684   8.98791073E+001
   1579.19306   8.88640187E+001
   1577.85929   8.91598214E+001
   1576.52551   9.11547329E+001
   1575.19173   9.55001277E+001
   1573.85795   1.03264302E+002
   1572.52417   1.16119089E+002
   1571.19040   1.36283624E+002
   1569.85662   1.64962821E+002
   1568.52284   1.96345904E+002
   1567.18906   2.10981337E+002
   1565.85529   1.94198682E+002
   1564.52151   1.60572029E+002
   1563.18773   1.29643840E+002
   1561.85395   1.07334047E+002
   1560.52017   9.25230883E+001
   1559.18640   8.30983958E+001
   1557.85262   7.75569401E+001
   1556.51884   7.51083193E+001
   1555.18506   7.55584714E+001
   1553.85128   7.92502906E+001
   1552.51751   8.70014635E+001
   1551.18373   9.95740205E+001
   1549.84995   1.15323935E+002
   1548.51617   1.25998185E+002
   1547.18239   1.21506823E+002
   1545.84862   1.05485307E+002
   1544.51484   8.89472534E+001
   1543.18106   7.67005329E+001
   1541.84728   6.87012194E+001
   1540.51350   6.38440105E+001
   1539.17973   6.12275446E+001
   1537.84595   6.03005766E+001
   1536.51217   6.07853349E+001
   1535.17839   6.26062783E+001
   1533.84461   6.58583102E+001
   1532.51084   7.08145437E+001
   1531.17706   7.79765614E+001
   1529.84328   8.81813692E+001
   1528.50950   1.02793416E+002
   1527.17573   1.24015766E+002
   1525.84195   1.55283835E+002
   1524.50817   2.01244561E+002
   1523.17439   2.64947191E+002
   1521.84061   3.36252471E+002
   1520.50684   3.76615965E+002
   1519.17306   3.51918953E+002
   1517.83928   2.88589044E+002
   1516.50550   2.29252989E+002
   1515.17172   1.88622541E+002
   1513.83795   1.65421282E+002
   1512.50417   1.56004056E+002
   1511.17039   1.58338655E+002
   1509.83661   1.72403280E+002
   1508.50283   1.99289862E+002
   1507.16906   2.37477885E+002
   1505.83528   2.74530677E+002
   1504.50150   2.89493156E+002
   1503.16772   2.82655797E+002
   1501.83394   2.76989036E+002
   1500.50017   2.88155997E+002
   1499.16639   3.21865694E+002
   1497.83261   3.85706778E+002
   1496.49883   4.91777979E+002
   1495.16506   6.45585830E+002
   1493.83128   8.13020616E+002
   1492.49750   8.88318953E+002
   1491.16372   7.99059389E+002
   1489.82994   6.27602455E+002
   1488.49617   4.75033487E+002
   1487.16239   3.68752636E+002
   1485.82861   2.96637952E+002
   1484.49483   2.40507370E+002
   1483.16105   1.93659938E+002
   1481.82728   1.57405843E+002
   1480.49350   1.31427906E+002
   1479.15972   1.13737745E+002
   1477.82594   1.02624378E+002
   1476.49216   9.72144019E+001
   1475.15839   9.72371886E+001
   1473.82461   1.01810549E+002
   1472.49083   1.06539172E+002
   1471.15705   1.03505854E+002
   1469.82327   9.14384748E+001
   1468.48950   7.73019310E+001
   1467.15572   6.52202903E+001
   1465.82194   5.53761272E+001
   1464.48816   4.75592036E+001
   1463.15438   4.15818100E+001
   1461.82061   3.70412861E+001
   1460.48683   3.35301369E+001
   1459.15305   3.07456500E+001
   1457.81927   2.84832289E+001
   1456.48550   2.66063284E+001
   1455.15172   2.50222918E+001
   1453.81794   2.36666130E+001
   1452.48416   2.24931628E+001
   1451.15038   2.14681176E+001
   1449.81661   2.05661201E+001
   1448.48283   1.97677961E+001
   1447.14905   1.90581110E+001
   1445.81527   1.84252577E+001
   1444.48149   1.78598926E+001
   1443.14772   1.73546044E+001
   1441.81394   1.69035458E+001
   1440.48016   1.65021863E+001
   1439.14638   1.61471604E+001
   1437.81260   1.58362009E+001
   1436.47883   1.55681629E+001
   1435.14505   1.53431551E+001
   1433.81127   1.51628243E+001
   1432.47749   1.50308743E+001
   1431.14371   1.49539673E+001
   1429.80994   1.49432622E+001
   1428.47616   1.50169845E+001
   1427.14238   1.52044160E+001
   1425.80860   1.55504995E+001
   1424.47482   1.61133162E+001
   1423.14105   1.69206545E+001
   1421.80727   1.78160476E+001
   1420.47349   1.83308765E+001
   1419.13971   1.81998333E+001
   1417.80594   1.78526467E+001
   1416.47216   1.77720430E+001
   1415.13838   1.81332979E+001
   1413.80460   1.89476487E+001
   1412.47082   2.00857724E+001
   1411.13705   2.12682269E+001
   1409.80327   2.24862727E+001
   1408.46949   2.42550655E+001
   1407.13571   2.71909391E+001
   1405.80193   3.18932276E+001
   1404.46816   3.89903379E+001
   1403.13438   4.84961067E+001
   1401.80060   5.76770547E+001
   1400.46682   6.03117970E+001
   1399.13304   5.44184074E+001
   1397.79927   4.57920286E+001
   1396.46549   3.91393588E+001
   1395.13171   3.52346891E+001
   1393.79793   3.29612734E+001
   1392.46415   3.09269225E+001
   1391.13038   2.89785521E+001
   1389.79660   2.78108985E+001
   1388.46282   2.78119889E+001
   1387.12904   2.91181264E+001
   1385.79527   3.19513004E+001
   1384.46149   3.67867034E+001
   1383.12771   4.43886094E+001
   1381.79393   5.54507268E+001
   1380.46015   6.88476498E+001
   1379.12638   7.84256030E+001
   1377.79260   7.64870982E+001
   1376.45882   6.57498701E+001
   1375.12504   5.47996948E+001
   1373.79126   4.76135545E+001
   1372.45749   4.45283909E+001
   1371.12371   4.51579857E+001
   1369.78993   4.91105109E+001
   1368.45615   5.51232412E+001
   1367.12237   6.01568102E+001
   1365.78860   6.17649842E+001
   1364.45482   5.96158980E+001
   1363.12104   5.43963154E+001
   1361.78726   4.87253852E+001
   1360.45348   4.40747018E+001
   1359.11971   4.01002430E+001
   1357.78593   3.71238805E+001
   1356.45215   3.58856566E+001
   1355.11837   3.67447494E+001
   1353.78459   3.99377713E+001
   1352.45082   4.55584233E+001
   1351.11704   5.24095347E+001
   1349.78326   5.63557138E+001
   1348.44948   5.36456886E+001
   1347.11571   4.69272809E+001
   1345.78193   4.07056005E+001
   1344.44815   3.65567417E+001
   1343.11437   3.43333869E+001
   1341.78059   3.36167475E+001
   1340.44682   3.41422910E+001
   1339.11304   3.58529385E+001
   1337.77926   3.89010331E+001
   1336.44548   4.36721358E+001
   1335.11170   5.07958010E+001
   1333.77793   6.09006803E+001
   1332.44415   7.33517621E+001
   1331.11037   8.36992457E+001
   1329.77659   8.57426810E+001
   1328.44281   8.11065435E+001
   1327.10904   7.68570495E+001
   1325.77526   7.67994007E+001
   1324.44148   8.18536484E+001
   1323.10770   9.26227677E+001
   1321.77392   1.10514271E+002
   1320.44015   1.38092017E+002
   1319.10637   1.78685646E+002
   1317.77259   2.34153150E+002
   1316.43881   3.01465125E+002
   1315.10504   3.68344217E+002
   1313.77126   3.99654412E+002
   1312.43748   3.62972598E+002
   1311.10370   2.86461451E+002
   1309.76992   2.14706187E+002
   1308.43615   1.62501035E+002
   1307.10237   1.27466764E+002
   1305.76859   1.04440053E+002
   1304.43481   8.95016035E+001
   1303.10103   8.02244821E+001
   1301.76726   7.52730503E+001
   1300.43348   7.40064098E+001
   1299.09970   7.59059021E+001
   1297.76592   7.93036690E+001
   1296.43214   8.05069207E+001
   1295.09837   7.76050241E+001
   1293.76459   7.35193276E+001
   1292.43081   7.12638852E+001
   1291.09703   7.17090719E+001
   1289.76325   7.48925672E+001
   1288.42948   8.09397027E+001
   1287.09570   9.03595812E+001
   1285.76192   1.04208743E+002
   1284.42814   1.24329718E+002
   1283.09436   1.53693343E+002
   1281.76059   1.96540475E+002
   1280.42681   2.56710104E+002
   1279.09303   3.29570125E+002
   1277.75925   3.88763320E+002
   1276.42548   4.06142327E+002
   1275.09170   4.02381969E+002
   1273.75792   4.18320015E+002
   1272.42414   4.61693521E+002
   1271.09036   4.93128839E+002
   1269.75659   4.59034369E+002
   1268.42281   3.71745317E+002
   1267.08903   2.83060638E+002
   1265.75525   2.16129020E+002
   1264.42147   1.70224946E+002
   1263.08770   1.39310257E+002
   1261.75392   1.18349134E+002
   1260.42014   1.03999091E+002
   1259.08636   9.41575431E+001
   1257.75258   8.75081606E+001
   1256.41881   8.32202297E+001
   1255.08503   8.07671239E+001
   1253.75125   7.98191521E+001
   1252.41747   8.01806751E+001
   1251.08369   8.17538185E+001
   1249.74992   8.45189111E+001
   1248.41614   8.85264104E+001
   1247.08236   9.38979466E+001
   1245.74858   1.00836140E+002
   1244.41480   1.09644677E+002
   1243.08103   1.20762314E+002
   1241.74725   1.34817663E+002
   1240.41347   1.52716882E+002
   1239.07969   1.75785431E+002
   1237.74592   2.06001010E+002
   1236.41214   2.46382185E+002
   1235.07836   3.01639956E+002
   1233.74458   3.79241778E+002
   1232.41080   4.90947721E+002
   1231.07703   6.53984252E+002
   1229.74325   8.86715950E+002
   1228.40947   1.18111631E+003
   1227.07569   1.43708697E+003
   1225.74191   1.47968127E+003
   1224.40814   1.30081528E+003
   1223.07436   1.08026019E+003
   1221.74058   9.39283260E+002
   1220.40680   9.05816996E+002
   1219.07302   9.81302924E+002
   1217.73925   1.15945523E+003
   1216.40547   1.38345537E+003
   1215.07169   1.48774094E+003
   1213.73791   1.34030175E+003
   1212.40413   1.05261138E+003
   1211.07036   7.87277249E+002
   1209.73658   5.95212076E+002
   1208.40280   4.67147270E+002
   1207.06902   3.84635505E+002
   1205.73525   3.32640161E+002
   1204.40147   2.97966596E+002
   1203.06769   2.69885913E+002
   1201.73391   2.47272969E+002
   1200.40013   2.35345624E+002
   1199.06636   2.37934606E+002
   1197.73258   2.57152909E+002
   1196.39880   2.91429095E+002
   1195.06502   3.25303190E+002
   1193.73124   3.27712914E+002
   1192.39747   2.91497811E+002
   1191.06369   2.45805501E+002
   1189.72991   2.12482556E+002
   1188.39613   1.95244373E+002
   1187.06235   1.88828662E+002
   1185.72858   1.82411730E+002
   1184.39480   1.68696629E+002
   1183.06102   1.53044657E+002
   1181.72724   1.43005105E+002
   1180.39346   1.41169641E+002
   1179.05969   1.47117183E+002
   1177.72591   1.57709012E+002
   1176.39213   1.67028745E+002
   1175.05835   1.69538148E+002
   1173.72457   1.62232739E+002
   1172.39080   1.49835693E+002
   1171.05702   1.40067271E+002
   1169.72324   1.34523331E+002
   1168.38946   1.30849873E+002
   1167.05569   1.28682222E+002
   1165.72191   1.29644398E+002
   1164.38813   1.34624606E+002
   1163.05435   1.43873505E+002
   1161.72057   1.57777500E+002
   1160.38680   1.77203993E+002
   1159.05302   2.03702299E+002
   1157.71924   2.39794167E+002
   1156.38546   2.89489776E+002
   1155.05168   3.59184892E+002
   1153.71791   4.59144246E+002
   1152.38413   6.05628925E+002
   1151.05035   8.22363728E+002
   1149.71657   1.13356337E+003
   1148.38279   1.52214189E+003
   1147.04902   1.83405973E+003
   1145.71524   1.82106249E+003
   1144.38146   1.49815393E+003
   1143.04768   1.11770061E+003
   1141.71390   8.20599180E+002
   1140.38013   6.18318304E+002
   1139.04635   4.86867724E+002
   1137.71257   4.04594937E+002
   1136.37879   3.58088954E+002
   1135.04502   3.40313586E+002
   1133.71124   3.45984815E+002
   1132.37746   3.61810731E+002
   1131.04368   3.60527502E+002
   1129.70990   3.29457056E+002
   1128.37613   2.90885067E+002
   1127.04235   2.67080337E+002
   1125.70857   2.64802383E+002
   1124.37479   2.81533186E+002
   1123.04101   3.02685032E+002
   1121.70724   3.01821912E+002
   1120.37346   2.73020179E+002
   1119.03968   2.40198720E+002
   1117.70590   2.21892128E+002
   1116.37212   2.23613134E+002
   1115.03835   2.46809500E+002
   1113.70457   2.89368317E+002
   1112.37079   3.33629081E+002
   1111.03701   3.40580003E+002
   1109.70323   2.95222040E+002
   1108.36946   2.31032359E+002
   1107.03568   1.76687349E+002
   1105.70190   1.37735526E+002
   1104.36812   1.10871392E+002
   1103.03434   9.21926581E+001
   1101.70057   7.89218140E+001
   1100.36679   6.92910418E+001
   1099.03301   6.22066916E+001
   1097.69923   5.70033931E+001
   1096.36546   5.32988903E+001
   1095.03168   5.09201558E+001
   1093.69790   4.98741154E+001
   1092.36412   5.03201571E+001
   1091.03034   5.23969626E+001
   1089.69657   5.55077552E+001
   1088.36279   5.71638731E+001
   1087.02901   5.46358118E+001
   1085.69523   4.92051217E+001
   1084.36145   4.39047399E+001
   1083.02768   3.99419461E+001
   1081.69390   3.72496609E+001
   1080.36012   3.55079955E+001
   1079.02634   3.44653813E+001
   1077.69256   3.39711483E+001
   1076.35879   3.39539572E+001
   1075.02501   3.44040352E+001
   1073.69123   3.53679812E+001
   1072.35745   3.69570767E+001
   1071.02367   3.93717242E+001
   1069.68990   4.29479684E+001
   1068.35612   4.82313992E+001
   1067.02234   5.60550761E+001
   1065.68856   6.74399020E+001
   1064.35478   8.25783847E+001
   1063.02101   9.76281804E+001
   1061.68723   1.03094631E+002
   1060.35345   9.51255776E+001
   1059.01967   8.22695945E+001
   1057.68590   7.21462501E+001
   1056.35212   6.64949434E+001
   1055.01834   6.47990565E+001
   1053.68456   6.64869059E+001
   1052.35078   7.14721714E+001
   1051.01701   8.02634237E+001
   1049.68323   9.40938534E+001
   1048.34945   1.15151114E+002
   1047.01567   1.46676075E+002
   1045.68189   1.91666669E+002
   1044.34812   2.46505434E+002
   1043.01434   2.89803878E+002
   1041.68056   2.95513434E+002
   1040.34678   2.70035725E+002
   1039.01300   2.32753648E+002
   1037.67923   1.93709536E+002
   1036.34545   1.59498296E+002
   1035.01167   1.32459521E+002
   1033.67789   1.13325287E+002
   1032.34411   1.01678606E+002
   1031.01034   9.63636692E+001
   1029.67656   9.65906820E+001
   1028.34278   1.02333656E+002
   1027.00900   1.14060864E+002
   1025.67523   1.31179106E+002
   1024.34145   1.48326854E+002
   1023.00767   1.56067484E+002
   1021.67389   1.54598700E+002
   1020.34011   1.55020280E+002
   1019.00634   1.65640518E+002
   1017.67256   1.90470489E+002
   1016.33878   2.32116879E+002
   1015.00500   2.88883538E+002
   1013.67122   3.46935761E+002
   1012.33745   3.81828683E+002
   1011.00367   3.72409241E+002
   1009.66989   3.24976211E+002
   1008.33611   2.73172167E+002
   1007.00233   2.38225778E+002
   1005.66856   2.23400475E+002
   1004.33478   2.27139807E+002
   1003.00100   2.49406403E+002
   1001.66722   2.93031169E+002
   1000.33344   3.62542753E+002
    998.99967   4.58620652E+002
    997.66589   5.71448235E+002
    996.33211   6.90750523E+002
    994.99833   7.96525941E+002
    993.66455   8.15091615E+002
    992.33078   7.07444243E+002
    990.99700   5.51231810E+002
    989.66322   4.20079202E+002
    988.32944   3.29943830E+002
    986.99567   2.73288816E+002
    985.66189   2.41038153E+002
    984.32811   2.27583907E+002
    982.99433   2.30936104E+002
    981.66055   2.52381970E+002
    980.32678   2.96115973E+002
    978.99300   3.66649661E+002
    977.65922   4.56835072E+002
    976.32544   5.23744892E+002
    974.99166   5.07233314E+002
    973.65789   4.19479038E+002
    972.32411   3.23288107E+002
    970.99033   2.49515262E+002
    969.65655   1.99140237E+002
    968.32277   1.65765737E+002
    966.98900   1.43801213E+002
    965.65522   1.29538642E+002
    964.32144   1.20698725E+002
    962.98766   1.15931130E+002
    961.65388   1.14487689E+002
    960.32011   1.16041338E+002
    958.98633   1.20607223E+002
    957.65255   1.28543080E+002
    956.31877   1.40628063E+002
    954.98499   1.58236568E+002
    953.65122   1.83615743E+002
    952.31744   2.20129829E+002
    950.98366   2.71595437E+002
    949.64988   3.37536687E+002
    948.31611   4.00949853E+002
    946.98233   4.29817884E+002
    945.64855   4.23088951E+002
    944.31477   4.16852697E+002
    942.98099   4.37449073E+002
    941.64722   4.95842441E+002
    940.31344   6.02251556E+002
    938.97966   7.74175979E+002
    937.64588   1.03672291E+003
    936.31210   1.40349370E+003
    934.97833   1.80351494E+003
    933.64455   2.00082478E+003
    932.31077   1.81812013E+003
    930.97699   1.43330200E+003
    929.64321   1.08504425E+003
    928.30944   8.47952632E+002
    926.97566   7.12739436E+002
    925.64188   6.58071938E+002
    924.30810   6.61227947E+002
    922.97432   6.77428395E+002
    921.64055   6.40804873E+002
    920.30677   5.42026062E+002
    918.97299   4.35206581E+002
    917.63921   3.55272452E+002
    916.30544   3.06845642E+002
    914.97166   2.85444952E+002
    913.63788   2.83852384E+002
    912.30410   2.85785099E+002
    910.97032   2.67478511E+002
    909.63655   2.26503765E+002
    908.30277   1.82541952E+002
    906.96899   1.47425810E+002
    905.63521   1.21935705E+002
    904.30143   1.03679297E+002
    902.96766   9.04493967E+001
    901.63388   8.07532184E+001
    900.30010   7.36750001E+001
    898.96632   6.87026125E+001
    897.63254   6.56251606E+001
    896.29877   6.45018668E+001
    894.96499   6.56890202E+001
    893.63121   6.98815745E+001
    892.29743   7.79479208E+001
    890.96365   8.97336590E+001
    889.62988   1.00682991E+002
    888.29610   1.01170040E+002
    886.96232   8.87658922E+001
    885.62854   7.23936399E+001
    884.29476   5.87203997E+001
    882.96099   4.88248972E+001
    881.62721   4.18409878E+001
    880.29343   3.68243280E+001
    878.95965   3.31111215E+001
    877.62588   3.02774424E+001
    876.29210   2.80562872E+001
    874.95832   2.62773800E+001
    873.62454   2.48300047E+001
    872.29076   2.36409480E+001
    870.95699   2.26614925E+001
    869.62321   2.18597925E+001
    868.28943   2.12165852E+001
    866.95565   2.07231891E+001
    865.62187   2.03813925E+001
    864.28810   2.02053337E+001
    862.95432   2.02258045E+001
    861.62054   2.04968845E+001
    860.28676   2.10997061E+001
    858.95298   2.21145635E+001
    857.61921   2.34701091E+001
    856.28543   2.46367994E+001
    854.95165   2.48739838E+001
    853.61787   2.43831632E+001
    852.28409   2.40244532E+001
    850.95032   2.42674286E+001
    849.61654   2.52341870E+001
    848.28276   2.70071608E+001
    846.94898   2.97636394E+001
    845.61521   3.38284071E+001
    844.28143   3.96819349E+001
    842.94765   4.77989463E+001
    841.61387   5.81258090E+001
    840.28009   7.01572346E+001
    838.94632   8.54311859E+001
    837.61254   1.07914271E+002
    836.27876   1.38726746E+002
    834.94498   1.67752122E+002
    833.61120   1.72569238E+002
    832.27743   1.47132360E+002
    830.94365   1.12040604E+002
    829.60987   8.29283817E+001
    828.27609   6.23878118E+001
    826.94231   4.84255145E+001
    825.60854   3.88507758E+001
    824.27476   3.21253142E+001
    822.94098   2.72701850E+001
    821.60720   2.36716811E+001
    820.27342   2.09401539E+001
    818.93965   1.88226814E+001
    817.60587   1.71510142E+001
    816.27209   1.58105000E+001
    814.93831   1.47212328E+001
    813.60453   1.38263749E+001
    812.27076   1.30847567E+001
    810.93698   1.24660830E+001
    809.60320   1.19477633E+001
    808.26942   1.15127756E+001
    806.93565   1.11482017E+001
    805.60187   1.08442107E+001
    804.26809   1.05933447E+001
    802.93431   1.03900156E+001
    801.60053   1.02301518E+001
    800.26676   1.01109556E+001
    798.93298   1.00307453E+001
    797.59920   9.98886609E+000
    796.26542   9.98566188E+000
    794.93164   1.00225054E+001
    793.59787   1.01018903E+001
    792.26409   1.02275953E+001
    790.93031   1.04049400E+001
    789.59653   1.06411603E+001
    788.26275   1.09459540E+001
    786.92898   1.13322673E+001
    785.59520   1.18174400E+001
    784.26142   1.24248957E+001
    782.92764   1.31866783E+001
    781.59386   1.41473360E+001
    780.26009   1.53699976E+001
    778.92631   1.69460703E+001
    777.59253   1.90109217E+001
    776.25875   2.17690540E+001
    774.92497   2.55318766E+001
    773.59120   3.07604558E+001
    772.25742   3.80581571E+001
    770.92364   4.79857928E+001
    769.58986   6.08247075E+001
    768.25609   7.66361831E+001
    766.92231   9.45576305E+001
    765.58853   1.12811589E+002
    764.25475   1.26741351E+002
    762.92097   1.26479338E+002
    761.58720   1.12860719E+002
    760.25342   9.91457349E+001
    758.91964   9.23327782E+001
    757.58586   8.87602754E+001
    756.25208   8.01533520E+001
    754.91831   6.55519614E+001
    753.58453   5.10113166E+001
    752.25075   3.98717193E+001
    750.91697   3.21035730E+001
    749.58319   2.68211487E+001
    748.24942   2.32814159E+001
    746.91564   2.10115192E+001
    745.58186   1.97027981E+001
    744.24808   1.89769373E+001
    742.91430   1.81532416E+001
    741.58053   1.67225522E+001
    740.24675   1.50165203E+001
    738.91297   1.35324408E+001
    737.57919   1.24029234E+001
    736.24542   1.15715501E+001
    734.91164   1.09587757E+001
    733.57786   1.05045740E+001
    732.24408   1.01690587E+001
    730.91030   9.92652248E+000
    729.57653   9.76061595E+000
    728.24275   9.66131388E+000
    726.90897   9.62318013E+000
    725.57519   9.64449656E+000
    724.24141   9.72701307E+000
    722.90764   9.87623894E+000
    721.57386   1.01023401E+001
    720.24008   1.04218715E+001
    718.90630   1.08608136E+001
    717.57252   1.14597701E+001
    716.23875   1.22827687E+001
    714.90497   1.34316712E+001
    713.57119   1.50669021E+001
    712.23741   1.74226575E+001
    710.90363   2.07444730E+001
    709.56986   2.49007270E+001
    708.23608   2.84678138E+001
    706.90230   2.90681164E+001
    705.56852   2.67944276E+001
    704.23474   2.41203243E+001
    702.90097   2.25207106E+001
    701.56719   2.22431897E+001
    700.23341   2.32446411E+001
    698.89963   2.56095860E+001
    697.56586   2.96741400E+001
    696.23208   3.60692071E+001
    694.89830   4.55601013E+001
    693.56452   5.79764279E+001
    692.23074   6.93300118E+001
    690.89697   7.16437368E+001
    689.56319   6.35339916E+001
    688.22941   5.27523293E+001
    686.89563   4.48106190E+001
    685.56185   4.07773119E+001
    684.22808   4.03862489E+001
    682.89430   4.35406105E+001
    681.56052   5.03434498E+001
    680.22674   5.97640600E+001
    678.89296   6.69058056E+001
    677.55919   6.49788598E+001
    676.22541   5.52266605E+001
    674.89163   4.45914587E+001
    673.55785   3.65009058E+001
    672.22407   3.10565518E+001
    670.89030   2.75361387E+001
    669.55652   2.53074793E+001
    668.22274   2.39482666E+001
    666.88896   2.31944405E+001
    665.55519   2.28829791E+001
    664.22141   2.29133962E+001
    662.88763   2.32244767E+001
    661.55385   2.37806170E+001
    660.22007   2.45638914E+001
    658.88630   2.55695673E+001
    657.55252   2.68038053E+001
    656.21874   2.82829037E+001
    654.88496   3.00338415E+001
    653.55118   3.20961608E+001
    652.21741   3.45253892E+001
    650.88363   3.73977493E+001
    649.54985   4.08125476E+001
    648.21607   4.48751309E+001
    646.88229   4.96205797E+001
    645.54852   5.49329301E+001
    644.21474   6.08158532E+001
    642.88096   6.77497516E+001
    641.54718   7.63891956E+001
    640.21340   8.73611865E+001
    638.87963   1.01431330E+002
    637.54585   1.19664960E+002
    636.21207   1.43400994E+002
    634.87829   1.73702751E+002
    633.54451   2.10501190E+002
    632.21074   2.54917573E+002
    630.87696   3.14431084E+002
    629.54318   4.01797387E+002
    628.20940   5.33331169E+002
    626.87563   7.30083548E+002
    625.54185   1.00901595E+003
    624.20807   1.33680421E+003
    622.87429   1.55095909E+003
    621.54051   1.46502620E+003
    620.20674   1.16159027E+003
    618.87296   8.49764616E+002
    617.53918   6.15764304E+002
    616.20540   4.56555728E+002
    614.87162   3.50502770E+002
    613.53785   2.80038547E+002
    612.20407   2.34020979E+002
    610.87029   2.05950460E+002
    609.53651   1.91396736E+002
    608.20273   1.83853712E+002
    606.86896   1.72039981E+002
    605.53518   1.49982287E+002
    604.20140   1.24745591E+002
    602.86762   1.03502761E+002
    601.53384   8.76227088E+001
    600.20007   7.60742248E+001
    598.86629   6.76742077E+001
    597.53251   6.15843670E+001
    596.19873   5.72913250E+001
    594.86495   5.45260048E+001
    593.53118   5.32160445E+001
    592.19740   5.34794013E+001
    590.86362   5.56457400E+001
    589.52984   6.02354947E+001
    588.19607   6.75975031E+001
    586.86229   7.65013536E+001
    585.52851   8.25203989E+001
    584.19473   8.23509596E+001
    582.86095   7.99457547E+001
    581.52718   8.09735431E+001
    580.19340   8.83829653E+001
    578.85962   1.04133786E+002
    577.52584   1.30324839E+002
    576.19206   1.66559808E+002
    574.85829   2.01061214E+002
    573.52451   2.08006625E+002
    572.19073   1.79621886E+002
    570.85695   1.39492850E+002
    569.52317   1.06201419E+002
    568.18940   8.30788608E+001
    566.85562   6.79630008E+001
    565.52184   5.84437834E+001
    564.18806   5.29303113E+001
    562.85428   5.05999895E+001
    561.52051   5.12459240E+001
    560.18673   5.51980254E+001
    558.85295   6.31909925E+001
    557.51917   7.55698625E+001
    556.18540   8.94790851E+001
    554.85162   9.59209647E+001
    553.51784   8.84095611E+001
    552.18406   7.37733617E+001
    550.85028   6.08245910E+001
    549.51651   5.22109847E+001
    548.18273   4.75027687E+001
    546.84895   4.59103919E+001
    545.51517   4.70209635E+001
    544.18139   5.08962835E+001
    542.84762   5.81163067E+001
    541.51384   6.99128360E+001
    540.18006   8.83773808E+001
    538.84628   1.16397924E+002
    537.51250   1.55730533E+002
    536.17873   1.99316370E+002
    534.84495   2.21822104E+002
    533.51117   2.02107163E+002
    532.17739   1.58051994E+002
    530.84361   1.16430976E+002
    529.50984   8.58815892E+001
    528.17606   6.50042984E+001
    526.84228   5.07918316E+001
    525.50850   4.09286743E+001
    524.17472   3.39123216E+001
    522.84095   2.88051409E+001
    521.50717   2.50232176E+001
    520.17339   2.22025320E+001
    518.83961   2.01209479E+001
    517.50584   1.86524618E+001
    516.17206   1.77267506E+001
    514.83828   1.72405581E+001
    513.50450   1.68800132E+001
    512.17072   1.61776313E+001
    510.83695   1.51369371E+001
    509.50317   1.42157203E+001
    508.16939   1.37105347E+001
    506.83561   1.37073244E+001
    505.50183   1.41859075E+001
    504.16806   1.48753955E+001
    502.83428   1.50977688E+001
    501.50050   1.44821927E+001
    500.16672   1.36073551E+001
    498.83294   1.31166259E+001
    497.49917   1.32624758E+001
    496.16539   1.41688012E+001
    494.83161   1.60075800E+001
    493.49783   1.89141753E+001
    492.16405   2.24220022E+001
    490.83028   2.45675610E+001
    489.49650   2.32786705E+001
    488.16272   1.96641993E+001
    486.82894   1.61109866E+001
    485.49517   1.35574615E+001
    484.16139   1.19770986E+001
    482.82761   1.11741422E+001
    481.49383   1.10335376E+001
    480.16005   1.15311389E+001
    478.82628   1.26003229E+001
    477.49250   1.37558977E+001
    476.15872   1.39002397E+001
    474.82494   1.25723885E+001
    473.49116   1.06985844E+001
    472.15739   9.10387385E+000
    470.82361   7.95493494E+000
    469.48983   7.15945742E+000
    468.15605   6.60571895E+000
    466.82227   6.21362263E+000
    465.48850   5.93180318E+000
    464.15472   5.72798513E+000
    462.82094   5.58173588E+000
    461.48716   5.47994300E+000
    460.15338   5.41411436E+000
    458.81961   5.37877215E+000
    457.48583   5.37048991E+000
    456.15205   5.38731179E+000
    454.81827   5.42840589E+000
    453.48449   5.49386751E+000
    452.15072   5.58462540E+000
    450.81694   5.70242594E+000
    449.48316   5.84988462E+000
    448.14938   6.03060459E+000
    446.81561   6.24937160E+000
    445.48183   6.51244501E+000
    444.14805   6.82797810E+000
    442.81427   7.20662037E+000
    441.48049   7.66238494E+000
    440.14672   8.21391186E+000
    438.81294   8.88633708E+000
    437.47916   9.71410937E+000
    436.14538   1.07453248E+001
    434.81160   1.20485461E+001
    433.47783   1.37237784E+001
    432.14405   1.59205191E+001
    430.81027   1.88679387E+001
    429.47649   2.29254832E+001
    428.14271   2.86648514E+001
    426.80894   3.69840003E+001
    425.47516   4.91695523E+001
    424.14138   6.64388348E+001
    422.80760   8.74740109E+001
    421.47382   1.03411645E+002
    420.14005   1.01845642E+002
    418.80627   8.55870254E+001
    417.47249   6.79857156E+001
    416.13871   5.57133731E+001
    414.80493   4.91942775E+001
    413.47116   4.70957797E+001
    412.13738   4.81692515E+001
    410.80360   5.24539785E+001
    409.46982   6.06983408E+001
    408.13605   7.11871685E+001
    406.80227   7.70876387E+001
    405.46849   7.28416947E+001
    404.13471   6.34346763E+001
    402.80093   5.60064739E+001
    401.46716   5.25199541E+001
    400.13338   5.26681966E+001
    398.79960   5.71194471E+001
    397.46582   6.66754943E+001
    396.13204   7.89791172E+001
    394.79827   8.53204193E+001
    393.46449   7.79106455E+001
    392.13071   6.22551250E+001
    390.79693   4.75428082E+001
    389.46315   3.68870095E+001
    388.12938   2.98727188E+001
    386.79560   2.55205034E+001
    385.46182   2.31340106E+001
    384.12804   2.23791826E+001
    382.79426   2.32387878E+001
    381.46049   2.59564621E+001
    380.12671   3.08062371E+001
    378.79293   3.71293381E+001
    377.45915   4.15261716E+001
    376.12538   3.95775287E+001
    374.79160   3.25194841E+001
    373.45782   2.50365408E+001
    372.12404   1.92815421E+001
    370.79026   1.52618911E+001
    369.45649   1.24857773E+001
    368.12271   1.05326848E+001
    366.78893   9.12171827E+000
    365.45515   8.07540258E+000
    364.12137   7.28174024E+000
    362.78760   6.66886441E+000
    361.45382   6.18967911E+000
    360.12004   5.81273204E+000
    358.78626   5.51676272E+000
    357.45248   5.28741183E+000
    356.11871   5.11522931E+000
    354.78493   4.99449701E+000
    353.45115   4.92260134E+000
    352.11737   4.89982583E+000
    350.78359   4.92952917E+000
    349.44982   5.01875958E+000
    348.11604   5.17946067E+000
    346.78226   5.43057904E+000
    345.44848   5.80164337E+000
    344.11470   6.33882771E+000
    342.78093   7.11522193E+000
    341.44715   8.24787611E+000
    340.11337   9.92358623E+000
    338.77959   1.24247356E+001
    337.44582   1.60896979E+001
    336.11204   2.09481448E+001
    334.77826   2.56215578E+001
    333.44448   2.68982810E+001
    332.11070   2.35950799E+001
    330.77693   1.85533774E+001
    329.44315   1.42512640E+001
    328.10937   1.12179586E+001
    326.77559   9.19804324E+000
    325.44181   7.86966312E+000
    324.10804   7.00367440E+000
    322.77426   6.45768063E+000
    321.44048   6.14871140E+000
    320.10670   6.03336470E+000
    318.77292   6.09712910E+000
    317.43915   6.35101004E+000
    316.10537   6.83459693E+000
    314.77159   7.62619831E+000
    313.43781   8.86090787E+000
    312.10403   1.07502375E+001
    310.77026   1.35558045E+001
    309.43648   1.73236894E+001
    308.10270   2.10427964E+001
    306.76892   2.22048306E+001
    305.43515   1.97575818E+001
    304.10137   1.59202327E+001
    302.76759   1.26812114E+001
    301.43381   1.04646524E+001
    300.10003   9.07534482E+000
    298.76626   8.27110317E+000
    297.43248   7.88762567E+000
    296.09870   7.83564567E+000
    294.76492   8.08367470E+000
    293.43114   8.64960175E+000
    292.09737   9.60380157E+000
    290.76359   1.10817900E+001
    289.42981   1.32913174E+001
    288.09603   1.64377436E+001
    286.76225   2.03306371E+001
    285.42848   2.35986137E+001
    284.09470   2.43674566E+001
    282.76092   2.32275792E+001
    281.42714   2.24503674E+001
    280.09336   2.33423075E+001
    278.75959   2.64243524E+001
    277.42581   3.22654998E+001
    276.09203   4.17855914E+001
    274.75825   5.58245257E+001
    273.42447   7.28175128E+001
    272.09070   8.45337459E+001
    270.75692   8.07005816E+001
    269.42314   6.48105635E+001
    268.08936   4.80296382E+001
    266.75559   3.53006157E+001
    265.42181   2.65879955E+001
    264.08803   2.07390773E+001
    262.75425   1.67850690E+001
    261.42047   1.40900376E+001
    260.08670   1.22658753E+001
    258.75292   1.10872521E+001
    257.41914   1.04392059E+001
    256.08536   1.02919396E+001
    254.75158   1.06922901E+001
    253.41781   1.17475440E+001
    252.08403   1.35168794E+001
    250.75025   1.56415357E+001
    249.41647   1.70474621E+001
    248.08269   1.71942002E+001
    246.74892   1.71619980E+001
    245.41514   1.77317473E+001
    244.08136   1.79393433E+001
    242.74758   1.63095965E+001
    241.41380   1.33509302E+001
    240.08003   1.05301794E+001
    238.74625   8.42223358E+000
    237.41247   6.96239000E+000
    236.07869   5.96343574E+000
    234.74491   5.27743030E+000
    233.41114   4.80951501E+000
    232.07736   4.50417829E+000
    230.74358   4.33342426E+000
    229.40980   4.29043573E+000
    228.07603   4.38649368E+000
    226.74225   4.64273131E+000
    225.40847   5.04962838E+000
    224.07469   5.46290002E+000
    222.74091   5.60607193E+000
    221.40714   5.45688488E+000
    220.07336   5.32419093E+000
    218.73958   5.44829731E+000
    217.40580   5.94109732E+000
    216.07202   6.89765418E+000
    214.73825   8.38748154E+000
    213.40447   1.01881937E+001
    212.07069   1.13332736E+001
    210.73691   1.07603701E+001
    209.40313   8.98108007E+000
    208.06936   7.19350821E+000
    206.73558   5.87758057E+000
    205.40180   5.01192354E+000
    204.06802   4.47562858E+000
    202.73424   4.17525388E+000
    201.40047   4.05905797E+000
    200.06669   4.11069232E+000
    198.73291   4.34412080E+000
    197.39913   4.79588729E+000
    196.06536   5.48376969E+000
    194.73158   6.26245550E+000
    193.39780   6.67376640E+000
    192.06402   6.39168295E+000
    190.73024   5.77344125E+000
    189.39647   5.27905978E+000
    188.06269   5.05851306E+000
    186.72891   5.11355166E+000
    185.39513   5.44192370E+000
    184.06135   6.08311707E+000
    182.72758   7.13086342E+000
    181.39380   8.71866623E+000
    180.06002   1.08980109E+001
    178.72624   1.32996573E+001
    177.39246   1.50924490E+001
    176.05869   1.60046962E+001
    174.72491   1.60763090E+001
    173.39113   1.47198810E+001
    172.05735   1.22973019E+001
    170.72357   9.99599565E+000
    169.38980   8.34510377E+000
    168.05602   7.30630641E+000
    166.72224   6.72123334E+000
    165.38846   6.46658808E+000
    164.05468   6.47103718E+000
    162.72091   6.70523851E+000
    161.38713   7.17425116E+000
    160.05335   7.91713023E+000
    158.71957   9.01403027E+000
    157.38580   1.05985472E+001
    156.05202   1.28581366E+001
    154.71824   1.59458330E+001
    153.38446   1.96324486E+001
    152.05068   2.29716881E+001
    150.71691   2.55106810E+001
    149.38313   2.87075716E+001
    148.04935   3.44105238E+001
    146.71557   4.33674710E+001
    145.38179   5.38642548E+001
    144.04802   6.03585692E+001
    142.71424   5.92229794E+001
    141.38046   5.50301085E+001
    140.04668   5.33081163E+001
    138.71290   5.45502723E+001
    137.37913   5.39352956E+001
    136.04535   4.70583171E+001
    134.71157   3.67832544E+001
    133.37779   2.76577581E+001
    132.04401   2.10129912E+001
    130.71024   1.64459922E+001
    129.37646   1.33205902E+001
    128.04268   1.11618705E+001
    126.70890   9.66590320E+000
    125.37513   8.64883054E+000
    124.04135   8.00675552E+000
    122.70757   7.69277748E+000
    121.37379   7.70577634E+000
    120.04001   8.07931564E+000
    118.70624   8.84045239E+000
    117.37246   9.91355026E+000
    116.03868   1.11661649E+001
    114.70490   1.27666077E+001
    113.37112   1.49293904E+001
    112.03735   1.69701531E+001
    110.70357   1.74296181E+001
    109.36979   1.58595576E+001
    108.03601   1.33696558E+001
    106.70223   1.12665646E+001
    105.36846   1.00409580E+001
    104.03468   9.55289176E+000
    102.70090   9.43958591E+000
    101.36712   9.41906065E+000
    100.03334   9.16004804E+000
     98.69957   8.41056001E+000
     97.36579   7.54621232E+000
     96.03201   7.04256933E+000
     94.69823   6.98972352E+000
     93.36445   7.08644463E+000
     92.03068   6.81105224E+000
     90.69690   6.08957485E+000
     89.36312   5.35843267E+000
     88.02934   4.91117501E+000
     86.69557   4.81058698E+000
     85.36179   5.03949628E+000
     84.02801   5.48187922E+000
     82.69423   5.78576799E+000
     81.36045   5.59466166E+000
     80.02668   5.10222627E+000
     78.69290   4.73098901E+000
     77.35912   4.65161961E+000
     76.02534   4.80212659E+000
     74.69156   4.98082511E+000
     73.35779   5.10533634E+000
     72.02401   5.38333138E+000
     70.69023   5.98652751E+000
     69.35645   6.71914114E+000
     68.02267   6.94903018E+000
     66.68890   6.35089393E+000
     65.35512   5.45929684E+000
     64.02134   4.82060134E+000
     62.68756   4.58951756E+000
     61.35378   4.70690524E+000
     60.02001   4.91463147E+000
     58.68623   4.78357838E+000
     57.35245   4.21994946E+000
     56.01867   3.57777995E+000
     54.68489   3.11140926E+000
     53.35112   2.86933922E+000
     52.01734   2.83621723E+000
     50.68356   2.97800230E+000
     49.34978   3.17595674E+000
     48.01601   3.17531541E+000
     46.68223   2.85158302E+000
     45.34845   2.40182796E+000
     44.01467   2.01633504E+000
     42.68089   1.73596190E+000
     41.34712   1.53990822E+000
     40.01334   1.40222105E+000
     38.67956   1.30428153E+000
     37.34578   1.23432095E+000
     36.01200   1.18525459E+000
     34.67823   1.15307884E+000
     33.34445   1.13595323E+000
     32.01067   1.13379759E+000
     30.67689   1.14829668E+000
     29.34311   1.18331537E+000
     28.00934   1.24584639E+000
     26.67556   1.34772632E+000
     25.34178   1.50829819E+000
     24.00800   1.75703609E+000
     22.67422   2.12896455E+000
     21.34045   2.62473227E+000
     20.00667   3.09234154E+000
     18.67289   3.18961140E+000
     17.33911   2.80991920E+000
     16.00534   2.26687927E+000
     14.67156   1.81031120E+000
     13.33778   1.48539376E+000
     12.00400   1.26256969E+000
     10.67022   1.10803639E+000
      9.33645   9.97890043E-001
      8.00267   9.16896033E-001
      6.66889   8.55504553E-001
      5.33511   8.07654815E-001
      4.00133   7.69413397E-001
      2.66756   7.38162637E-001
      1.33378   7.12116520E-001
      0.00000   6.90027350E-001
