   4000.00000   4.10833640E-003
   3998.66622   4.12870777E-003
   3997.33244   4.14925274E-003
   3995.99867   4.16997347E-003
   3994.66489   4.19087216E-003
   3993.33111   4.21195105E-003
   3991.99733   4.23321240E-003
   3990.66355   4.25465851E-003
   3989.32978   4.27629174E-003
   3987.99600   4.29811447E-003
   3986.66222   4.32012912E-003
   3985.32844   4.34233816E-003
   3983.99466   4.36474410E-003
   3982.66089   4.38734949E-003
   3981.32711   4.41015691E-003
   3979.99333   4.43316902E-003
   3978.65955   4.45638849E-003
   3977.32578   4.47981806E-003
   3975.99200   4.50346050E-003
   3974.65822   4.52731864E-003
   3973.32444   4.55139535E-003
   3971.99066   4.57569357E-003
   3970.65689   4.60021627E-003
   3969.32311   4.62496647E-003
   3967.98933   4.64994728E-003
   3966.65555   4.67516182E-003
   3965.32177   4.70061329E-003
   3963.98800   4.72630495E-003
   3962.65422   4.75224011E-003
   3961.32044   4.77842215E-003
   3959.98666   4.80485449E-003
   3958.65288   4.83154064E-003
   3957.31911   4.85848416E-003
   3955.98533   4.88568868E-003
   3954.65155   4.91315789E-003
   3953.31777   4.94089556E-003
   3951.98399   4.96890552E-003
   3950.65022   4.99719168E-003
   3949.31644   5.02575803E-003
   3947.98266   5.05460861E-003
   3946.64888   5.08374756E-003
   3945.31511   5.11317910E-003
   3943.98133   5.14290752E-003
   3942.64755   5.17293720E-003
   3941.31377   5.20327259E-003
   3939.97999   5.23391826E-003
   3938.64622   5.26487883E-003
   3937.31244   5.29615904E-003
   3935.97866   5.32776370E-003
   3934.64488   5.35969774E-003
   3933.31110   5.39196618E-003
   3931.97733   5.42457412E-003
   3930.64355   5.45752680E-003
   3929.30977   5.49082953E-003
   3927.97599   5.52448775E-003
   3926.64221   5.55850700E-003
   3925.30844   5.59289295E-003
   3923.97466   5.62765136E-003
   3922.64088   5.66278813E-003
   3921.30710   5.69830927E-003
   3919.97332   5.73422093E-003
   3918.63955   5.77052938E-003
   3917.30577   5.80724102E-003
   3915.97199   5.84436239E-003
   3914.63821   5.88190017E-003
   3913.30443   5.91986118E-003
   3911.97066   5.95825237E-003
   3910.63688   5.99708088E-003
   3909.30310   6.03635398E-003
   3907.96932   6.07607909E-003
   3906.63555   6.11626380E-003
   3905.30177   6.15691588E-003
   3903.96799   6.19804326E-003
   3902.63421   6.23965405E-003
   3901.30043   6.28175654E-003
   3899.96666   6.32435920E-003
   3898.63288   6.36747070E-003
   3897.29910   6.41109991E-003
   3895.96532   6.45525589E-003
   3894.63154   6.49994791E-003
   3893.29777   6.54518546E-003
   3891.96399   6.59097826E-003
   3890.63021   6.63733623E-003
   3889.29643   6.68426953E-003
   3887.96265   6.73178858E-003
   3886.62888   6.77990403E-003
   3885.29510   6.82862678E-003
   3883.96132   6.87796799E-003
   3882.62754   6.92793909E-003
   3881.29376   6.97855181E-003
   3879.95999   7.02981812E-003
   3878.62621   7.08175033E-003
   3877.29243   7.13436101E-003
   3875.95865   7.18766306E-003
   3874.62487   7.24166970E-003
   3873.29110   7.29639449E-003
   3871.95732   7.35185131E-003
   3870.62354   7.40805440E-003
   3869.28976   7.46501837E-003
   3867.95599   7.52275817E-003
   3866.62221   7.58128918E-003
   3865.28843   7.64062715E-003
   3863.95465   7.70078823E-003
   3862.62087   7.76178902E-003
   3861.28710   7.82364653E-003
   3859.95332   7.88637824E-003
   3858.61954   7.95000207E-003
   3857.28576   8.01453644E-003
   3855.95198   8.08000026E-003
   3854.61821   8.14641294E-003
   3853.28443   8.21379443E-003
   3851.95065   8.28216522E-003
   3850.61687   8.35154637E-003
   3849.28309   8.42195952E-003
   3847.94932   8.49342690E-003
   3846.61554   8.56597138E-003
   3845.28176   8.63961647E-003
   3843.94798   8.71438634E-003
   3842.61420   8.79030587E-003
   3841.28043   8.86740062E-003
   3839.94665   8.94569691E-003
   3838.61287   9.02522184E-003
   3837.27909   9.10600327E-003
   3835.94532   9.18806990E-003
   3834.61154   9.27145128E-003
   3833.27776   9.35617784E-003
   3831.94398   9.44228092E-003
   3830.61020   9.52979280E-003
   3829.27643   9.61874676E-003
   3827.94265   9.70917709E-003
   3826.60887   9.80111913E-003
   3825.27509   9.89460933E-003
   3823.94131   9.98968525E-003
   3822.60754   1.00863857E-002
   3821.27376   1.01847506E-002
   3819.93998   1.02848212E-002
   3818.60620   1.03866402E-002
   3817.27242   1.04902515E-002
   3815.93865   1.05957004E-002
   3814.60487   1.07030339E-002
   3813.27109   1.08123004E-002
   3811.93731   1.09235499E-002
   3810.60353   1.10368342E-002
   3809.26976   1.11522066E-002
   3807.93598   1.12697224E-002
   3806.60220   1.13894388E-002
   3805.26842   1.15114150E-002
   3803.93464   1.16357120E-002
   3802.60087   1.17623932E-002
   3801.26709   1.18915241E-002
   3799.93331   1.20231726E-002
   3798.59953   1.21574090E-002
   3797.26576   1.22943061E-002
   3795.93198   1.24339393E-002
   3794.59820   1.25763869E-002
   3793.26442   1.27217299E-002
   3791.93064   1.28700526E-002
   3790.59687   1.30214420E-002
   3789.26309   1.31759889E-002
   3787.92931   1.33337871E-002
   3786.59553   1.34949343E-002
   3785.26175   1.36595318E-002
   3783.92798   1.38276850E-002
   3782.59420   1.39995034E-002
   3781.26042   1.41751006E-002
   3779.92664   1.43545950E-002
   3778.59286   1.45381098E-002
   3777.25909   1.47257730E-002
   3775.92531   1.49177179E-002
   3774.59153   1.51140835E-002
   3773.25775   1.53150143E-002
   3771.92397   1.55206611E-002
   3770.59020   1.57311809E-002
   3769.25642   1.59467376E-002
   3767.92264   1.61675021E-002
   3766.58886   1.63936527E-002
   3765.25509   1.66253756E-002
   3763.92131   1.68628652E-002
   3762.58753   1.71063247E-002
   3761.25375   1.73559663E-002
   3759.91997   1.76120122E-002
   3758.58620   1.78746944E-002
   3757.25242   1.81442560E-002
   3755.91864   1.84209515E-002
   3754.58486   1.87050473E-002
   3753.25108   1.89968226E-002
   3751.91731   1.92965702E-002
   3750.58353   1.96045971E-002
   3749.24975   1.99212255E-002
   3747.91597   2.02467935E-002
   3746.58219   2.05816565E-002
   3745.24842   2.09261878E-002
   3743.91464   2.12807798E-002
   3742.58086   2.16458454E-002
   3741.24708   2.20218193E-002
   3739.91330   2.24091591E-002
   3738.57953   2.28083469E-002
   3737.24575   2.32198912E-002
   3735.91197   2.36443281E-002
   3734.57819   2.40822238E-002
   3733.24441   2.45341760E-002
   3731.91064   2.50008164E-002
   3730.57686   2.54828130E-002
   3729.24308   2.59808727E-002
   3727.90930   2.64957438E-002
   3726.57553   2.70282194E-002
   3725.24175   2.75791402E-002
   3723.90797   2.81493982E-002
   3722.57419   2.87399405E-002
   3721.24041   2.93517736E-002
   3719.90664   2.99859675E-002
   3718.57286   3.06436612E-002
   3717.23908   3.13260674E-002
   3715.90530   3.20344792E-002
   3714.57152   3.27702755E-002
   3713.23775   3.35349291E-002
   3711.90397   3.43300134E-002
   3710.57019   3.51572118E-002
   3709.23641   3.60183263E-002
   3707.90263   3.69152878E-002
   3706.56886   3.78501680E-002
   3705.23508   3.88251910E-002
   3703.90130   3.98427476E-002
   3702.56752   4.09054102E-002
   3701.23374   4.20159500E-002
   3699.89997   4.31773554E-002
   3698.56619   4.43928528E-002
   3697.23241   4.56659300E-002
   3695.89863   4.70003618E-002
   3694.56485   4.84002389E-002
   3693.23108   4.98700003E-002
   3691.89730   5.14144693E-002
   3690.56352   5.30388945E-002
   3689.22974   5.47489950E-002
   3687.89597   5.65510129E-002
   3686.56219   5.84517707E-002
   3685.22841   6.04587381E-002
   3683.89463   6.25801067E-002
   3682.56085   6.48248757E-002
   3681.22708   6.72029487E-002
   3679.89330   6.97252458E-002
   3678.55952   7.24038305E-002
   3677.22574   7.52520572E-002
   3675.89196   7.82847397E-002
   3674.55819   8.15183475E-002
   3673.22441   8.49712318E-002
   3671.89063   8.86638900E-002
   3670.55685   9.26192736E-002
   3669.22307   9.68631486E-002
   3667.88930   1.01424520E-001
   3666.55552   1.06336131E-001
   3665.22174   1.11635059E-001
   3663.88796   1.17363415E-001
   3662.55418   1.23569190E-001
   3661.22041   1.30307267E-001
   3659.88663   1.37640635E-001
   3658.55285   1.45641872E-001
   3657.21907   1.54394942E-001
   3655.88530   1.63997402E-001
   3654.55152   1.74563124E-001
   3653.21774   1.86225667E-001
   3651.88396   1.99142494E-001
   3650.55018   2.13500268E-001
   3649.21641   2.29521574E-001
   3647.88263   2.47473497E-001
   3646.54885   2.67678683E-001
   3645.21507   2.90529717E-001
   3643.88129   3.16508011E-001
   3642.54752   3.46208868E-001
   3641.21374   3.80375130E-001
   3639.87996   4.19942910E-001
   3638.54618   4.66104547E-001
   3637.21240   5.20396551E-001
   3635.87863   5.84824342E-001
   3634.54485   6.62042155E-001
   3633.21107   7.55617230E-001
   3631.87729   8.70425384E-001
   3630.54351   1.01325574E+000
   3629.20974   1.19375575E+000
   3627.87596   1.42594182E+000
   3626.54218   1.73066805E+000
   3625.20840   2.13973747E+000
   3623.87462   2.70281272E+000
   3622.54085   3.49884794E+000
   3621.20707   4.65338211E+000
   3619.87329   6.35603951E+000
   3618.53951   8.83546378E+000
   3617.20574   1.21240987E+001
   3615.87196   1.53503917E+001
   3614.53818   1.63996468E+001
   3613.20440   1.42946708E+001
   3611.87062   1.08381284E+001
   3610.53685   7.81173251E+000
   3609.20307   5.64414423E+000
   3607.86929   4.17215691E+000
   3606.53551   3.17003903E+000
   3605.20173   2.47290087E+000
   3603.86796   1.97487706E+000
   3602.53418   1.60964163E+000
   3601.20040   1.33524990E+000
   3599.86662   1.12461168E+000
   3598.53284   9.59797758E-001
   3597.19907   8.28647714E-001
   3595.86529   7.22720058E-001
   3594.53151   6.36027669E-001
   3593.19773   5.64239953E-001
   3591.86395   5.04167995E-001
   3590.53018   4.53425092E-001
   3589.19640   4.10198332E-001
   3587.86262   3.73091971E-001
   3586.52884   3.41018138E-001
   3585.19507   3.13119326E-001
   3583.86129   2.88712593E-001
   3582.52751   2.67248834E-001
   3581.19373   2.48282670E-001
   3579.85995   2.31449924E-001
   3578.52618   2.16450575E-001
   3577.19240   2.03035737E-001
   3575.85862   1.90997607E-001
   3574.52484   1.80161644E-001
   3573.19106   1.70380427E-001
   3571.85729   1.61528789E-001
   3570.52351   1.53499953E-001
   3569.18973   1.46202414E-001
   3567.85595   1.39557437E-001
   3566.52217   1.33497010E-001
   3565.18840   1.27962179E-001
   3563.85462   1.22901679E-001
   3562.52084   1.18270803E-001
   3561.18706   1.14030462E-001
   3559.85328   1.10146405E-001
   3558.51951   1.06588569E-001
   3557.18573   1.03330523E-001
   3555.85195   1.00349016E-001
   3554.51817   9.76235804E-002
   3553.18439   9.51362092E-002
   3551.85062   9.28710742E-002
   3550.51684   9.08142920E-002
   3549.18306   8.89537256E-002
   3547.84928   8.72788167E-002
   3546.51551   8.57804454E-002
   3545.18173   8.44508134E-002
   3543.84795   8.32833489E-002
   3542.51417   8.22726291E-002
   3541.18039   8.14143208E-002
   3539.84662   8.07051369E-002
   3538.51284   8.01428071E-002
   3537.17906   7.97260647E-002
   3535.84528   7.94546465E-002
   3534.51150   7.93293089E-002
   3533.17773   7.93518584E-002
   3531.84395   7.95251994E-002
   3530.51017   7.98534002E-002
   3529.17639   8.03417789E-002
   3527.84261   8.09970122E-002
   3526.50884   8.18272718E-002
   3525.17506   8.28423897E-002
   3523.84128   8.40540623E-002
   3522.50750   8.54760962E-002
   3521.17372   8.71247072E-002
   3519.83995   8.90188826E-002
   3518.50617   9.11808210E-002
   3517.17239   9.36364676E-002
   3515.83861   9.64161680E-002
   3514.50483   9.95554689E-002
   3513.17106   1.03096106E-001
   3511.83728   1.07087225E-001
   3510.50350   1.11586903E-001
   3509.16972   1.16664060E-001
   3507.83595   1.22400859E-001
   3506.50217   1.28895775E-001
   3505.16839   1.36267510E-001
   3503.83461   1.44660071E-001
   3502.50083   1.54249384E-001
   3501.16706   1.65252015E-001
   3499.83328   1.77936789E-001
   3498.49950   1.92640448E-001
   3497.16572   2.09789013E-001
   3495.83194   2.29927335E-001
   3494.49817   2.53760565E-001
   3493.16439   2.82213282E-001
   3491.83061   3.16515236E-001
   3490.49683   3.58328022E-001
   3489.16305   4.09935945E-001
   3487.82928   4.74539789E-001
   3486.49550   5.56719107E-001
   3485.16172   6.63176427E-001
   3483.82794   8.03961396E-001
   3482.49416   9.94519085E-001
   3481.16039   1.25913329E+000
   3479.82661   1.63655178E+000
   3478.49283   2.18804716E+000
   3477.15905   3.00313443E+000
   3475.82528   4.17410054E+000
   3474.49150   5.64063787E+000
   3473.15772   6.82822825E+000
   3471.82394   6.79193777E+000
   3470.49016   5.56692669E+000
   3469.15639   4.10697392E+000
   3467.82261   2.95431883E+000
   3466.48883   2.15439192E+000
   3465.15505   1.61309280E+000
   3463.82127   1.24219167E+000
   3462.48750   9.81727184E-001
   3461.15372   7.93836605E-001
   3459.81994   6.54781952E-001
   3458.48616   5.49449897E-001
   3457.15238   4.67994634E-001
   3455.81861   4.03841408E-001
   3454.48483   3.52492580E-001
   3453.15105   3.10801065E-001
   3451.81727   2.76518486E-001
   3450.48349   2.48007742E-001
   3449.14972   2.24056038E-001
   3447.81594   2.03750687E-001
   3446.48216   1.86394950E-001
   3445.14838   1.71449957E-001
   3443.81460   1.58493934E-001
   3442.48083   1.47193127E-001
   3441.14705   1.37280769E-001
   3439.81327   1.28541649E-001
   3438.47949   1.20800659E-001
   3437.14572   1.13914187E-001
   3435.81194   1.07763584E-001
   3434.47816   1.02250152E-001
   3433.14438   9.72912635E-002
   3431.81060   9.28173321E-002
   3430.47683   8.87694275E-002
   3429.14305   8.50973819E-002
   3427.80927   8.17582770E-002
   3426.47549   7.87152273E-002
   3425.14171   7.59363936E-002
   3423.80794   7.33941806E-002
   3422.47416   7.10645783E-002
   3421.14038   6.89266203E-002
   3419.80660   6.69619344E-002
   3418.47282   6.51543696E-002
   3417.13905   6.34896835E-002
   3415.80527   6.19552800E-002
   3414.47149   6.05399886E-002
   3413.13771   5.92338770E-002
   3411.80393   5.80280924E-002
   3410.47016   5.69147252E-002
   3409.13638   5.58866937E-002
   3407.80260   5.49376440E-002
   3406.46882   5.40618643E-002
   3405.13505   5.32542109E-002
   3403.80127   5.25100433E-002
   3402.46749   5.18251693E-002
   3401.13371   5.11957956E-002
   3399.79993   5.06184856E-002
   3398.46616   5.00901225E-002
   3397.13238   4.96078761E-002
   3395.79860   4.91691743E-002
   3394.46482   4.87716782E-002
   3393.13104   4.84132593E-002
   3391.79727   4.80919799E-002
   3390.46349   4.78060756E-002
   3389.12971   4.75539399E-002
   3387.79593   4.73341102E-002
   3386.46215   4.71452556E-002
   3385.12838   4.69861660E-002
   3383.79460   4.68557423E-002
   3382.46082   4.67529876E-002
   3381.12704   4.66769995E-002
   3379.79326   4.66269634E-002
   3378.45949   4.66021457E-002
   3377.12571   4.66018887E-002
   3375.79193   4.66256056E-002
   3374.45815   4.66727760E-002
   3373.12437   4.67429417E-002
   3371.79060   4.68357037E-002
   3370.45682   4.69507187E-002
   3369.12304   4.70876965E-002
   3367.78926   4.72463976E-002
   3366.45549   4.74266310E-002
   3365.12171   4.76282522E-002
   3363.78793   4.78511622E-002
   3362.45415   4.80953055E-002
   3361.12037   4.83606693E-002
   3359.78660   4.86472827E-002
   3358.45282   4.89552159E-002
   3357.11904   4.92845795E-002
   3355.78526   4.96355247E-002
   3354.45148   5.00082425E-002
   3353.11771   5.04029647E-002
   3351.78393   5.08199629E-002
   3350.45015   5.12595502E-002
   3349.11637   5.17220809E-002
   3347.78259   5.22079513E-002
   3346.44882   5.27176014E-002
   3345.11504   5.32515152E-002
   3343.78126   5.38102223E-002
   3342.44748   5.43942996E-002
   3341.11370   5.50043727E-002
   3339.77993   5.56411183E-002
   3338.44615   5.63052659E-002
   3337.11237   5.69976005E-002
   3335.77859   5.77189650E-002
   3334.44481   5.84702638E-002
   3333.11104   5.92524652E-002
   3331.77726   6.00666056E-002
   3330.44348   6.09137933E-002
   3329.10970   6.17952126E-002
   3327.77593   6.27121288E-002
   3326.44215   6.36658934E-002
   3325.10837   6.46579494E-002
   3323.77459   6.56898379E-002
   3322.44081   6.67632050E-002
   3321.10704   6.78798087E-002
   3319.77326   6.90415277E-002
   3318.43948   7.02503702E-002
   3317.10570   7.15084836E-002
   3315.77192   7.28181656E-002
   3314.43815   7.41818760E-002
   3313.10437   7.56022502E-002
   3311.77059   7.70821132E-002
   3310.43681   7.86244961E-002
   3309.10303   8.02326538E-002
   3307.76926   8.19100842E-002
   3306.43548   8.36605509E-002
   3305.10170   8.54881067E-002
   3303.76792   8.73971209E-002
   3302.43414   8.93923091E-002
   3301.10037   9.14787674E-002
   3299.76659   9.36620092E-002
   3298.43281   9.59480079E-002
   3297.09903   9.83432440E-002
   3295.76526   1.00854759E-001
   3294.43148   1.03490213E-001
   3293.09770   1.06257958E-001
   3291.76392   1.09167108E-001
   3290.43014   1.12227633E-001
   3289.09637   1.15450454E-001
   3287.76259   1.18847561E-001
   3286.42881   1.22432139E-001
   3285.09503   1.26218722E-001
   3283.76125   1.30223366E-001
   3282.42748   1.34463845E-001
   3281.09370   1.38959886E-001
   3279.75992   1.43733439E-001
   3278.42614   1.48808993E-001
   3277.09236   1.54213943E-001
   3275.75859   1.59979029E-001
   3274.42481   1.66138852E-001
   3273.09103   1.72732481E-001
   3271.75725   1.79804191E-001
   3270.42347   1.87404333E-001
   3269.08970   1.95590394E-001
   3267.75592   2.04428276E-001
   3266.42214   2.13993856E-001
   3265.08836   2.24374902E-001
   3263.75458   2.35673431E-001
   3262.42081   2.48008650E-001
   3261.08703   2.61520628E-001
   3259.75325   2.76374934E-001
   3258.41947   2.92768531E-001
   3257.08570   3.10937342E-001
   3255.75192   3.31166048E-001
   3254.41814   3.53800899E-001
   3253.08436   3.79266661E-001
   3251.75058   4.08089273E-001
   3250.41681   4.40926531E-001
   3249.08303   4.78610191E-001
   3247.74925   5.22204596E-001
   3246.41547   5.73089560E-001
   3245.08169   6.33079557E-001
   3243.74792   7.04598258E-001
   3242.41414   7.90939124E-001
   3241.08036   8.96662741E-001
   3239.74658   1.02821616E+000
   3238.41280   1.19492059E+000
   3237.07903   1.41058220E+000
   3235.74525   1.69617096E+000
   3234.41147   2.08432448E+000
   3233.07769   2.62682961E+000
   3231.74391   3.40612792E+000
   3230.41014   4.54794583E+000
   3229.07636   6.20990923E+000
   3227.74258   8.43981734E+000
   3226.40880   1.06994762E+001
   3225.07503   1.15331223E+001
   3223.74125   1.01909987E+001
   3222.40747   7.91287703E+000
   3221.07369   5.93505761E+000
   3219.73991   4.55162850E+000
   3218.40614   3.65414101E+000
   3217.07236   3.09430670E+000
   3215.73858   2.76728131E+000
   3214.40480   2.61100544E+000
   3213.07102   2.59447137E+000
   3211.73725   2.70997987E+000
   3210.40347   2.97090901E+000
   3209.06969   3.41489223E+000
   3207.73591   4.11271250E+000
   3206.40213   5.18145887E+000
   3205.06836   6.78609752E+000
   3203.73458   9.05215671E+000
   3202.40080   1.16815398E+001
   3201.06702   1.33789954E+001
   3199.73324   1.28526634E+001
   3198.39947   1.09487648E+001
   3197.06569   9.28816357E+000
   3195.73191   8.48562814E+000
   3194.39813   8.33477993E+000
   3193.06435   8.15309399E+000
   3191.73058   7.47351144E+000
   3190.39680   6.68049969E+000
   3189.06302   6.29274133E+000
   3187.72924   6.40859058E+000
   3186.39547   6.67785421E+000
   3185.06169   6.45664992E+000
   3183.72791   5.61587034E+000
   3182.39413   4.68925321E+000
   3181.06035   4.05203142E+000
   3179.72658   3.77825759E+000
   3178.39280   3.85741661E+000
   3177.05902   4.26781344E+000
   3175.72524   4.87240297E+000
   3174.39146   5.23028901E+000
   3173.05769   4.90026955E+000
   3171.72391   4.12170534E+000
   3170.39013   3.39084307E+000
   3169.05635   2.89930159E+000
   3167.72257   2.64314538E+000
   3166.38880   2.58913732E+000
   3165.05502   2.72888559E+000
   3163.72124   3.08976653E+000
   3162.38746   3.73290672E+000
   3161.05368   4.71343393E+000
   3159.71991   5.90608290E+000
   3158.38613   6.70375519E+000
   3157.05235   6.39063737E+000
   3155.71857   5.25681479E+000
   3154.38479   4.09553385E+000
   3153.05102   3.24379576E+000
   3151.71724   2.69698375E+000
   3150.38346   2.37946157E+000
   3149.04968   2.23396687E+000
   3147.71591   2.23337209E+000
   3146.38213   2.37787631E+000
   3145.04835   2.69105499E+000
   3143.71457   3.20371213E+000
   3142.38079   3.88323214E+000
   3141.04702   4.49299996E+000
   3139.71324   4.70888729E+000
   3138.37946   4.65549943E+000
   3137.04568   4.77728070E+000
   3135.71190   5.32836618E+000
   3134.37813   6.26452710E+000
   3133.04435   7.15003125E+000
   3131.71057   7.45634750E+000
   3130.37679   7.35896877E+000
   3129.04301   7.19256268E+000
   3127.70924   6.63443195E+000
   3126.37546   5.49776750E+000
   3125.04168   4.24900396E+000
   3123.70790   3.25563684E+000
   3122.37412   2.55714946E+000
   3121.04035   2.08043130E+000
   3119.70657   1.75396208E+000
   3118.37279   1.52837601E+000
   3117.03901   1.37238729E+000
   3115.70524   1.26659557E+000
   3114.37146   1.19913776E+000
   3113.03768   1.16307947E+000
   3111.70390   1.15497933E+000
   3110.37012   1.17423385E+000
   3109.03635   1.22301853E+000
   3107.70257   1.30681579E+000
   3106.36879   1.43567587E+000
   3105.03501   1.62645619E+000
   3103.70123   1.90594748E+000
   3102.36746   2.31215838E+000
   3101.03368   2.87955964E+000
   3099.69990   3.56793813E+000
   3098.36612   4.14545614E+000
   3097.03234   4.36424589E+000
   3095.69857   4.41181447E+000
   3094.36479   4.68835020E+000
   3093.03101   5.43669832E+000
   3091.69723   6.74863163E+000
   3090.36345   8.42742697E+000
   3089.02968   9.59232896E+000
   3087.69590   9.20928247E+000
   3086.36212   7.68763051E+000
   3085.02834   6.17319512E+000
   3083.69456   5.16622485E+000
   3082.36079   4.66246851E+000
   3081.02701   4.49503412E+000
   3079.69323   4.46928725E+000
   3078.35945   4.55975488E+000
   3077.02568   4.93774158E+000
   3075.69190   5.78459121E+000
   3074.35812   7.21450039E+000
   3073.02434   9.08330168E+000
   3071.69056   1.05131035E+001
   3070.35679   1.02465410E+001
   3069.02301   8.49934051E+000
   3067.68923   6.57326165E+000
   3066.35545   5.12800078E+000
   3065.02167   4.19910136E+000
   3063.68790   3.66876557E+000
   3062.35412   3.44268983E+000
   3061.02034   3.47870329E+000
   3059.68656   3.78595095E+000
   3058.35278   4.42664504E+000
   3057.01901   5.51809393E+000
   3055.68523   7.19148977E+000
   3054.35145   9.35713334E+000
   3053.01767   1.11463025E+001
   3051.68389   1.10834289E+001
   3050.35012   9.16109425E+000
   3049.01634   6.84713163E+000
   3047.68256   5.00630152E+000
   3046.34878   3.71986658E+000
   3045.01501   2.84257107E+000
   3043.68123   2.23593804E+000
   3042.34745   1.80541353E+000
   3041.01367   1.49114037E+000
   3039.67989   1.25550888E+000
   3038.34612   1.07451523E+000
   3037.01234   9.32475918E-001
   3035.67856   8.18881420E-001
   3034.34478   7.26513262E-001
   3033.01100   6.50297238E-001
   3031.67723   5.86589549E-001
   3030.34345   5.32722102E-001
   3029.00967   4.86706299E-001
   3027.67589   4.47035897E-001
   3026.34211   4.12553136E-001
   3025.00834   3.82356128E-001
   3023.67456   3.55733662E-001
   3022.34078   3.32118578E-001
   3021.00700   3.11053912E-001
   3019.67322   2.92167989E-001
   3018.33945   2.75155853E-001
   3017.00567   2.59765260E-001
   3015.67189   2.45786003E-001
   3014.33811   2.33041681E-001
   3013.00433   2.21383306E-001
   3011.67056   2.10684275E-001
   3010.33678   2.00836403E-001
   3009.00300   1.91746752E-001
   3007.66922   1.83335087E-001
   3006.33545   1.75531813E-001
   3005.00167   1.68276305E-001
   3003.66789   1.61515526E-001
   3002.33411   1.55202903E-001
   3001.00033   1.49297382E-001
   2999.66656   1.43762654E-001
   2998.33278   1.38566494E-001
   2996.99900   1.33680214E-001
   2995.66522   1.29078203E-001
   2994.33144   1.24737523E-001
   2992.99767   1.20637583E-001
   2991.66389   1.16759845E-001
   2990.33011   1.13087584E-001
   2988.99633   1.09605669E-001
   2987.66255   1.06300385E-001
   2986.32878   1.03159272E-001
   2984.99500   1.00170987E-001
   2983.66122   9.73251828E-002
   2982.32744   9.46124044E-002
   2980.99366   9.20239947E-002
   2979.65989   8.95520139E-002
   2978.32611   8.71891678E-002
   2976.99233   8.49287448E-002
   2975.65855   8.27645591E-002
   2974.32477   8.06909014E-002
   2972.99100   7.87024946E-002
   2971.65722   7.67944538E-002
   2970.32344   7.49622515E-002
   2968.98966   7.32016860E-002
   2967.65589   7.15088527E-002
   2966.32211   6.98801188E-002
   2964.98833   6.83121007E-002
   2963.65455   6.68016430E-002
   2962.32077   6.53457997E-002
   2960.98700   6.39418178E-002
   2959.65322   6.25871218E-002
   2958.31944   6.12792997E-002
   2956.98566   6.00160904E-002
   2955.65188   5.87953726E-002
   2954.31811   5.76151539E-002
   2952.98433   5.64735617E-002
   2951.65055   5.53688339E-002
   2950.31677   5.42993116E-002
   2948.98299   5.32634314E-002
   2947.64922   5.22597188E-002
   2946.31544   5.12867820E-002
   2944.98166   5.03433066E-002
   2943.64788   4.94280497E-002
   2942.31410   4.85398359E-002
   2940.98033   4.76775524E-002
   2939.64655   4.68401452E-002
   2938.31277   4.60266150E-002
   2936.97899   4.52360142E-002
   2935.64522   4.44674431E-002
   2934.31144   4.37200474E-002
   2932.97766   4.29930154E-002
   2931.64388   4.22855751E-002
   2930.31010   4.15969921E-002
   2928.97633   4.09265672E-002
   2927.64255   4.02736345E-002
   2926.30877   3.96375595E-002
   2924.97499   3.90177371E-002
   2923.64121   3.84135900E-002
   2922.30744   3.78245673E-002
   2920.97366   3.72501429E-002
   2919.63988   3.66898141E-002
   2918.30610   3.61431006E-002
   2916.97232   3.56095427E-002
   2915.63855   3.50887010E-002
   2914.30477   3.45801548E-002
   2912.97099   3.40835010E-002
   2911.63721   3.35983538E-002
   2910.30343   3.31243433E-002
   2908.96966   3.26611148E-002
   2907.63588   3.22083282E-002
   2906.30210   3.17656569E-002
   2904.96832   3.13327878E-002
   2903.63454   3.09094199E-002
   2902.30077   3.04952642E-002
   2900.96699   3.00900428E-002
   2899.63321   2.96934889E-002
   2898.29943   2.93053456E-002
   2896.96566   2.89253658E-002
   2895.63188   2.85533118E-002
   2894.29810   2.81889547E-002
   2892.96432   2.78320742E-002
   2891.63054   2.74824579E-002
   2890.29677   2.71399013E-002
   2888.96299   2.68042072E-002
   2887.62921   2.64751854E-002
   2886.29543   2.61526526E-002
   2884.96165   2.58364319E-002
   2883.62788   2.55263524E-002
   2882.29410   2.52222494E-002
   2880.96032   2.49239638E-002
   2879.62654   2.46313418E-002
   2878.29276   2.43442349E-002
   2876.95899   2.40624996E-002
   2875.62521   2.37859972E-002
   2874.29143   2.35145934E-002
   2872.95765   2.32481586E-002
   2871.62387   2.29865672E-002
   2870.29010   2.27296978E-002
   2868.95632   2.24774328E-002
   2867.62254   2.22296585E-002
   2866.28876   2.19862646E-002
   2864.95498   2.17471444E-002
   2863.62121   2.15121945E-002
   2862.28743   2.12813147E-002
   2860.95365   2.10544078E-002
   2859.61987   2.08313798E-002
   2858.28610   2.06121394E-002
   2856.95232   2.03965979E-002
   2855.61854   2.01846695E-002
   2854.28476   1.99762708E-002
   2852.95098   1.97713211E-002
   2851.61721   1.95697417E-002
   2850.28343   1.93714565E-002
   2848.94965   1.91763914E-002
   2847.61587   1.89844746E-002
   2846.28209   1.87956362E-002
   2844.94832   1.86098084E-002
   2843.61454   1.84269252E-002
   2842.28076   1.82469226E-002
   2840.94698   1.80697383E-002
   2839.61320   1.78953116E-002
   2838.27943   1.77235837E-002
   2836.94565   1.75544973E-002
   2835.61187   1.73879966E-002
   2834.27809   1.72240274E-002
   2832.94431   1.70625369E-002
   2831.61054   1.69034737E-002
   2830.27676   1.67467878E-002
   2828.94298   1.65924306E-002
   2827.60920   1.64403545E-002
   2826.27543   1.62905135E-002
   2824.94165   1.61428624E-002
   2823.60787   1.59973576E-002
   2822.27409   1.58539562E-002
   2820.94031   1.57126167E-002
   2819.60654   1.55732985E-002
   2818.27276   1.54359620E-002
   2816.93898   1.53005686E-002
   2815.60520   1.51670809E-002
   2814.27142   1.50354620E-002
   2812.93765   1.49056763E-002
   2811.60387   1.47776888E-002
   2810.27009   1.46514656E-002
   2808.93631   1.45269733E-002
   2807.60253   1.44041795E-002
   2806.26876   1.42830527E-002
   2804.93498   1.41635619E-002
   2803.60120   1.40456769E-002
   2802.26742   1.39293684E-002
   2800.93364   1.38146075E-002
   2799.59987   1.37013662E-002
   2798.26609   1.35896170E-002
   2796.93231   1.34793331E-002
   2795.59853   1.33704884E-002
   2794.26475   1.32630572E-002
   2792.93098   1.31570145E-002
   2791.59720   1.30523360E-002
   2790.26342   1.29489976E-002
   2788.92964   1.28469761E-002
   2787.59587   1.27462485E-002
   2786.26209   1.26467926E-002
   2784.92831   1.25485866E-002
   2783.59453   1.24516090E-002
   2782.26075   1.23558390E-002
   2780.92698   1.22612561E-002
   2779.59320   1.21678403E-002
   2778.25942   1.20755721E-002
   2776.92564   1.19844323E-002
   2775.59186   1.18944022E-002
   2774.25809   1.18054634E-002
   2772.92431   1.17175979E-002
   2771.59053   1.16307883E-002
   2770.25675   1.15450172E-002
   2768.92297   1.14602678E-002
   2767.58920   1.13765237E-002
   2766.25542   1.12937686E-002
   2764.92164   1.12119868E-002
   2763.58786   1.11311627E-002
   2762.25408   1.10512811E-002
   2760.92031   1.09723271E-002
   2759.58653   1.08942862E-002
   2758.25275   1.08171441E-002
   2756.91897   1.07408868E-002
   2755.58520   1.06655005E-002
   2754.25142   1.05909717E-002
   2752.91764   1.05172874E-002
   2751.58386   1.04444345E-002
   2750.25008   1.03724004E-002
   2748.91631   1.03011727E-002
   2747.58253   1.02307392E-002
   2746.24875   1.01610878E-002
   2744.91497   1.00922070E-002
   2743.58119   1.00240852E-002
   2742.24742   9.95671103E-003
   2740.91364   9.89007355E-003
   2739.57986   9.82416186E-003
   2738.24608   9.75896532E-003
   2736.91230   9.69447346E-003
   2735.57853   9.63067604E-003
   2734.24475   9.56756298E-003
   2732.91097   9.50512441E-003
   2731.57719   9.44335063E-003
   2730.24341   9.38223212E-003
   2728.90964   9.32175954E-003
   2727.57586   9.26192370E-003
   2726.24208   9.20271561E-003
   2724.90830   9.14412641E-003
   2723.57452   9.08614743E-003
   2722.24075   9.02877012E-003
   2720.90697   8.97198613E-003
   2719.57319   8.91578721E-003
   2718.23941   8.86016528E-003
   2716.90564   8.80511240E-003
   2715.57186   8.75062078E-003
   2714.23808   8.69668276E-003
   2712.90430   8.64329079E-003
   2711.57052   8.59043749E-003
   2710.23675   8.53811558E-003
   2708.90297   8.48631792E-003
   2707.56919   8.43503749E-003
   2706.23541   8.38426739E-003
   2704.90163   8.33400083E-003
   2703.56786   8.28423115E-003
   2702.23408   8.23495178E-003
   2700.90030   8.18615630E-003
   2699.56652   8.13783835E-003
   2698.23274   8.08999172E-003
   2696.89897   8.04261027E-003
   2695.56519   7.99568798E-003
   2694.23141   7.94921894E-003
   2692.89763   7.90319730E-003
   2691.56385   7.85761735E-003
   2690.23008   7.81247345E-003
   2688.89630   7.76776006E-003
   2687.56252   7.72347171E-003
   2686.22874   7.67960305E-003
   2684.89496   7.63614880E-003
   2683.56119   7.59310377E-003
   2682.22741   7.55046285E-003
   2680.89363   7.50822100E-003
   2679.55985   7.46637329E-003
   2678.22608   7.42491484E-003
   2676.89230   7.38384087E-003
   2675.55852   7.34314665E-003
   2674.22474   7.30282755E-003
   2672.89096   7.26287900E-003
   2671.55719   7.22329650E-003
   2670.22341   7.18407563E-003
   2668.88963   7.14521202E-003
   2667.55585   7.10670138E-003
   2666.22207   7.06853950E-003
   2664.88830   7.03072221E-003
   2663.55452   6.99324541E-003
   2662.22074   6.95610508E-003
   2660.88696   6.91929725E-003
   2659.55318   6.88281799E-003
   2658.21941   6.84666346E-003
   2656.88563   6.81082987E-003
   2655.55185   6.77531348E-003
   2654.21807   6.74011060E-003
   2652.88429   6.70521762E-003
   2651.55052   6.67063096E-003
   2650.21674   6.63634710E-003
   2648.88296   6.60236257E-003
   2647.54918   6.56867397E-003
   2646.21541   6.53527792E-003
   2644.88163   6.50217112E-003
   2643.54785   6.46935028E-003
   2642.21407   6.43681220E-003
   2640.88029   6.40455370E-003
   2639.54652   6.37257166E-003
   2638.21274   6.34086299E-003
   2636.87896   6.30942466E-003
   2635.54518   6.27825366E-003
   2634.21140   6.24734707E-003
   2632.87763   6.21670195E-003
   2631.54385   6.18631546E-003
   2630.21007   6.15618475E-003
   2628.87629   6.12630705E-003
   2627.54251   6.09667961E-003
   2626.20874   6.06729972E-003
   2624.87496   6.03816471E-003
   2623.54118   6.00927195E-003
   2622.20740   5.98061883E-003
   2620.87362   5.95220281E-003
   2619.53985   5.92402136E-003
   2618.20607   5.89607199E-003
   2616.87229   5.86835224E-003
   2615.53851   5.84085969E-003
   2614.20473   5.81359195E-003
   2612.87096   5.78654668E-003
   2611.53718   5.75972154E-003
   2610.20340   5.73311424E-003
   2608.86962   5.70672253E-003
   2607.53585   5.68054417E-003
   2606.20207   5.65457697E-003
   2604.86829   5.62881875E-003
   2603.53451   5.60326737E-003
   2602.20073   5.57792073E-003
   2600.86696   5.55277673E-003
   2599.53318   5.52783332E-003
   2598.19940   5.50308848E-003
   2596.86562   5.47854020E-003
   2595.53184   5.45418650E-003
   2594.19807   5.43002544E-003
   2592.86429   5.40605509E-003
   2591.53051   5.38227355E-003
   2590.19673   5.35867895E-003
   2588.86295   5.33526945E-003
   2587.52918   5.31204321E-003
   2586.19540   5.28899843E-003
   2584.86162   5.26613334E-003
   2583.52784   5.24344618E-003
   2582.19406   5.22093522E-003
   2580.86029   5.19859875E-003
   2579.52651   5.17643507E-003
   2578.19273   5.15444254E-003
   2576.85895   5.13261949E-003
   2575.52518   5.11096430E-003
   2574.19140   5.08947538E-003
   2572.85762   5.06815113E-003
   2571.52384   5.04699000E-003
   2570.19006   5.02599043E-003
   2568.85629   5.00515092E-003
   2567.52251   4.98446995E-003
   2566.18873   4.96394603E-003
   2564.85495   4.94357770E-003
   2563.52117   4.92336351E-003
   2562.18740   4.90330203E-003
   2560.85362   4.88339184E-003
   2559.51984   4.86363155E-003
   2558.18606   4.84401979E-003
   2556.85228   4.82455518E-003
   2555.51851   4.80523639E-003
   2554.18473   4.78606208E-003
   2552.85095   4.76703095E-003
   2551.51717   4.74814170E-003
   2550.18339   4.72939304E-003
   2548.84962   4.71078372E-003
   2547.51584   4.69231249E-003
   2546.18206   4.67397811E-003
   2544.84828   4.65577936E-003
   2543.51450   4.63771505E-003
   2542.18073   4.61978397E-003
   2540.84695   4.60198496E-003
   2539.51317   4.58431685E-003
   2538.17939   4.56677849E-003
   2536.84562   4.54936876E-003
   2535.51184   4.53208654E-003
   2534.17806   4.51493071E-003
   2532.84428   4.49790018E-003
   2531.51050   4.48099388E-003
   2530.17673   4.46421073E-003
   2528.84295   4.44754969E-003
   2527.50917   4.43100970E-003
   2526.17539   4.41458975E-003
   2524.84161   4.39828880E-003
   2523.50784   4.38210586E-003
   2522.17406   4.36603993E-003
   2520.84028   4.35009003E-003
   2519.50650   4.33425519E-003
   2518.17272   4.31853445E-003
   2516.83895   4.30292686E-003
   2515.50517   4.28743148E-003
   2514.17139   4.27204738E-003
   2512.83761   4.25677366E-003
   2511.50383   4.24160941E-003
   2510.17006   4.22655373E-003
   2508.83628   4.21160573E-003
   2507.50250   4.19676455E-003
   2506.16872   4.18202932E-003
   2504.83494   4.16739918E-003
   2503.50117   4.15287330E-003
   2502.16739   4.13845084E-003
   2500.83361   4.12413096E-003
   2499.49983   4.10991287E-003
   2498.16606   4.09579575E-003
   2496.83228   4.08177880E-003
   2495.49850   4.06786124E-003
   2494.16472   4.05404229E-003
   2492.83094   4.04032118E-003
   2491.49717   4.02669715E-003
   2490.16339   4.01316944E-003
   2488.82961   3.99973732E-003
   2487.49583   3.98640004E-003
   2486.16205   3.97315688E-003
   2484.82828   3.96000712E-003
   2483.49450   3.94695005E-003
   2482.16072   3.93398497E-003
   2480.82694   3.92111118E-003
   2479.49316   3.90832800E-003
   2478.15939   3.89563474E-003
   2476.82561   3.88303074E-003
   2475.49183   3.87051533E-003
   2474.15805   3.85808785E-003
   2472.82427   3.84574766E-003
   2471.49050   3.83349412E-003
   2470.15672   3.82132658E-003
   2468.82294   3.80924443E-003
   2467.48916   3.79724704E-003
   2466.15539   3.78533380E-003
   2464.82161   3.77350410E-003
   2463.48783   3.76175734E-003
   2462.15405   3.75009293E-003
   2460.82027   3.73851028E-003
   2459.48650   3.72700882E-003
   2458.15272   3.71558796E-003
   2456.81894   3.70424715E-003
   2455.48516   3.69298582E-003
   2454.15138   3.68180342E-003
   2452.81761   3.67069940E-003
   2451.48383   3.65967321E-003
   2450.15005   3.64872433E-003
   2448.81627   3.63785222E-003
   2447.48249   3.62705636E-003
   2446.14872   3.61633623E-003
   2444.81494   3.60569132E-003
   2443.48116   3.59512112E-003
   2442.14738   3.58462513E-003
   2440.81360   3.57420285E-003
   2439.47983   3.56385380E-003
   2438.14605   3.55357750E-003
   2436.81227   3.54337345E-003
   2435.47849   3.53324120E-003
   2434.14471   3.52318026E-003
   2432.81094   3.51319019E-003
   2431.47716   3.50327052E-003
   2430.14338   3.49342079E-003
   2428.80960   3.48364057E-003
   2427.47583   3.47392941E-003
   2426.14205   3.46428687E-003
   2424.80827   3.45471252E-003
   2423.47449   3.44520593E-003
   2422.14071   3.43576669E-003
   2420.80694   3.42639436E-003
   2419.47316   3.41708855E-003
   2418.13938   3.40784884E-003
   2416.80560   3.39867482E-003
   2415.47182   3.38956611E-003
   2414.13805   3.38052230E-003
   2412.80427   3.37154301E-003
   2411.47049   3.36262784E-003
   2410.13671   3.35377643E-003
   2408.80293   3.34498838E-003
   2407.46916   3.33626334E-003
   2406.13538   3.32760093E-003
   2404.80160   3.31900079E-003
   2403.46782   3.31046256E-003
   2402.13404   3.30198589E-003
   2400.80027   3.29357042E-003
   2399.46649   3.28521580E-003
   2398.13271   3.27692171E-003
   2396.79893   3.26868778E-003
   2395.46516   3.26051370E-003
   2394.13138   3.25239913E-003
   2392.79760   3.24434375E-003
   2391.46382   3.23634722E-003
   2390.13004   3.22840924E-003
   2388.79627   3.22052949E-003
   2387.46249   3.21270766E-003
   2386.12871   3.20494343E-003
   2384.79493   3.19723651E-003
   2383.46115   3.18958659E-003
   2382.12738   3.18199339E-003
   2380.79360   3.17445660E-003
   2379.45982   3.16697594E-003
   2378.12604   3.15955113E-003
   2376.79226   3.15218187E-003
   2375.45849   3.14486790E-003
   2374.12471   3.13760894E-003
   2372.79093   3.13040472E-003
   2371.45715   3.12325496E-003
   2370.12337   3.11615941E-003
   2368.78960   3.10911781E-003
   2367.45582   3.10212989E-003
   2366.12204   3.09519541E-003
   2364.78826   3.08831411E-003
   2363.45448   3.08148575E-003
   2362.12071   3.07471008E-003
   2360.78693   3.06798686E-003
   2359.45315   3.06131586E-003
   2358.11937   3.05469683E-003
   2356.78560   3.04812956E-003
   2355.45182   3.04161380E-003
   2354.11804   3.03514934E-003
   2352.78426   3.02873596E-003
   2351.45048   3.02237343E-003
   2350.11671   3.01606155E-003
   2348.78293   3.00980009E-003
   2347.44915   3.00358886E-003
   2346.11537   2.99742764E-003
   2344.78159   2.99131623E-003
   2343.44782   2.98525444E-003
   2342.11404   2.97924206E-003
   2340.78026   2.97327891E-003
   2339.44648   2.96736478E-003
   2338.11270   2.96149950E-003
   2336.77893   2.95568288E-003
   2335.44515   2.94991473E-003
   2334.11137   2.94419488E-003
   2332.77759   2.93852316E-003
   2331.44381   2.93289938E-003
   2330.11004   2.92732338E-003
   2328.77626   2.92179500E-003
   2327.44248   2.91631406E-003
   2326.10870   2.91088041E-003
   2324.77492   2.90549388E-003
   2323.44115   2.90015433E-003
   2322.10737   2.89486159E-003
   2320.77359   2.88961553E-003
   2319.43981   2.88441598E-003
   2318.10604   2.87926281E-003
   2316.77226   2.87415587E-003
   2315.43848   2.86909503E-003
   2314.10470   2.86408015E-003
   2312.77092   2.85911110E-003
   2311.43715   2.85418774E-003
   2310.10337   2.84930994E-003
   2308.76959   2.84447759E-003
   2307.43581   2.83969056E-003
   2306.10203   2.83494873E-003
   2304.76826   2.83025199E-003
   2303.43448   2.82560021E-003
   2302.10070   2.82099329E-003
   2300.76692   2.81643112E-003
   2299.43314   2.81191359E-003
   2298.09937   2.80744061E-003
   2296.76559   2.80301206E-003
   2295.43181   2.79862786E-003
   2294.09803   2.79428790E-003
   2292.76425   2.78999210E-003
   2291.43048   2.78574036E-003
   2290.09670   2.78153260E-003
   2288.76292   2.77736873E-003
   2287.42914   2.77324867E-003
   2286.09537   2.76917235E-003
   2284.76159   2.76513969E-003
   2283.42781   2.76115061E-003
   2282.09403   2.75720504E-003
   2280.76025   2.75330292E-003
   2279.42648   2.74944418E-003
   2278.09270   2.74562875E-003
   2276.75892   2.74185659E-003
   2275.42514   2.73812762E-003
   2274.09136   2.73444180E-003
   2272.75759   2.73079908E-003
   2271.42381   2.72719941E-003
   2270.09003   2.72364273E-003
   2268.75625   2.72012901E-003
   2267.42247   2.71665821E-003
   2266.08870   2.71323029E-003
   2264.75492   2.70984522E-003
   2263.42114   2.70650295E-003
   2262.08736   2.70320347E-003
   2260.75358   2.69994675E-003
   2259.41981   2.69673275E-003
   2258.08603   2.69356148E-003
   2256.75225   2.69043289E-003
   2255.41847   2.68734699E-003
   2254.08469   2.68430375E-003
   2252.75092   2.68130317E-003
   2251.41714   2.67834524E-003
   2250.08336   2.67542996E-003
   2248.74958   2.67255732E-003
   2247.41581   2.66972733E-003
   2246.08203   2.66694000E-003
   2244.74825   2.66419534E-003
   2243.41447   2.66149334E-003
   2242.08069   2.65883403E-003
   2240.74692   2.65621743E-003
   2239.41314   2.65364356E-003
   2238.07936   2.65111243E-003
   2236.74558   2.64862408E-003
   2235.41180   2.64617853E-003
   2234.07803   2.64377583E-003
   2232.74425   2.64141599E-003
   2231.41047   2.63909906E-003
   2230.07669   2.63682509E-003
   2228.74291   2.63459412E-003
   2227.40914   2.63240620E-003
   2226.07536   2.63026137E-003
   2224.74158   2.62815970E-003
   2223.40780   2.62610124E-003
   2222.07402   2.62408606E-003
   2220.74025   2.62211421E-003
   2219.40647   2.62018577E-003
   2218.07269   2.61830081E-003
   2216.73891   2.61645941E-003
   2215.40514   2.61466163E-003
   2214.07136   2.61290757E-003
   2212.73758   2.61119731E-003
   2211.40380   2.60953094E-003
   2210.07002   2.60790855E-003
   2208.73625   2.60633024E-003
   2207.40247   2.60479611E-003
   2206.06869   2.60330626E-003
   2204.73491   2.60186080E-003
   2203.40113   2.60045984E-003
   2202.06736   2.59910350E-003
   2200.73358   2.59779189E-003
   2199.39980   2.59652514E-003
   2198.06602   2.59530337E-003
   2196.73224   2.59412672E-003
   2195.39847   2.59299532E-003
   2194.06469   2.59190930E-003
   2192.73091   2.59086882E-003
   2191.39713   2.58987401E-003
   2190.06335   2.58892504E-003
   2188.72958   2.58802205E-003
   2187.39580   2.58716520E-003
   2186.06202   2.58635466E-003
   2184.72824   2.58559060E-003
   2183.39446   2.58487320E-003
   2182.06069   2.58420261E-003
   2180.72691   2.58357904E-003
   2179.39313   2.58300267E-003
   2178.05935   2.58247368E-003
   2176.72558   2.58199227E-003
   2175.39180   2.58155866E-003
   2174.05802   2.58117303E-003
   2172.72424   2.58083560E-003
   2171.39046   2.58054659E-003
   2170.05669   2.58030622E-003
   2168.72291   2.58011471E-003
   2167.38913   2.57997229E-003
   2166.05535   2.57987921E-003
   2164.72157   2.57983570E-003
   2163.38780   2.57984201E-003
   2162.05402   2.57989840E-003
   2160.72024   2.58000511E-003
   2159.38646   2.58016242E-003
   2158.05268   2.58037059E-003
   2156.71891   2.58062991E-003
   2155.38513   2.58094064E-003
   2154.05135   2.58130309E-003
   2152.71757   2.58171754E-003
   2151.38379   2.58218429E-003
   2150.05002   2.58270364E-003
   2148.71624   2.58327592E-003
   2147.38246   2.58390144E-003
   2146.04868   2.58458053E-003
   2144.71490   2.58531351E-003
   2143.38113   2.58610072E-003
   2142.04735   2.58694252E-003
   2140.71357   2.58783925E-003
   2139.37979   2.58879128E-003
   2138.04602   2.58979897E-003
   2136.71224   2.59086270E-003
   2135.37846   2.59198285E-003
   2134.04468   2.59315980E-003
   2132.71090   2.59439396E-003
   2131.37713   2.59568573E-003
   2130.04335   2.59703552E-003
   2128.70957   2.59844377E-003
   2127.37579   2.59991088E-003
   2126.04201   2.60143731E-003
   2124.70824   2.60302350E-003
   2123.37446   2.60466991E-003
   2122.04068   2.60637699E-003
   2120.70690   2.60814523E-003
   2119.37312   2.60997511E-003
   2118.03935   2.61186711E-003
   2116.70557   2.61382174E-003
   2115.37179   2.61583951E-003
   2114.03801   2.61792095E-003
   2112.70423   2.62006657E-003
   2111.37046   2.62227693E-003
   2110.03668   2.62455258E-003
   2108.70290   2.62689407E-003
   2107.36912   2.62930198E-003
   2106.03535   2.63177690E-003
   2104.70157   2.63431942E-003
   2103.36779   2.63693015E-003
   2102.03401   2.63960970E-003
   2100.70023   2.64235871E-003
   2099.36646   2.64517782E-003
   2098.03268   2.64806768E-003
   2096.69890   2.65102897E-003
   2095.36512   2.65406236E-003
   2094.03134   2.65716855E-003
   2092.69757   2.66034824E-003
   2091.36379   2.66360215E-003
   2090.03001   2.66693103E-003
   2088.69623   2.67033561E-003
   2087.36245   2.67381666E-003
   2086.02868   2.67737497E-003
   2084.69490   2.68101132E-003
   2083.36112   2.68472652E-003
   2082.02734   2.68852140E-003
   2080.69356   2.69239679E-003
   2079.35979   2.69635356E-003
   2078.02601   2.70039258E-003
   2076.69223   2.70451474E-003
   2075.35845   2.70872095E-003
   2074.02467   2.71301213E-003
   2072.69090   2.71738924E-003
   2071.35712   2.72185322E-003
   2070.02334   2.72640507E-003
   2068.68956   2.73104579E-003
   2067.35579   2.73577640E-003
   2066.02201   2.74059793E-003
   2064.68823   2.74551146E-003
   2063.35445   2.75051807E-003
   2062.02067   2.75561887E-003
   2060.68690   2.76081497E-003
   2059.35312   2.76610754E-003
   2058.01934   2.77149775E-003
   2056.68556   2.77698679E-003
   2055.35178   2.78257589E-003
   2054.01801   2.78826630E-003
   2052.68423   2.79405928E-003
   2051.35045   2.79995615E-003
   2050.01667   2.80595821E-003
   2048.68289   2.81206683E-003
   2047.34912   2.81828339E-003
   2046.01534   2.82460930E-003
   2044.68156   2.83104599E-003
   2043.34778   2.83759493E-003
   2042.01400   2.84425763E-003
   2040.68023   2.85103562E-003
   2039.34645   2.85793046E-003
   2038.01267   2.86494374E-003
   2036.67889   2.87207710E-003
   2035.34512   2.87933221E-003
   2034.01134   2.88671076E-003
   2032.67756   2.89421449E-003
   2031.34378   2.90184518E-003
   2030.01000   2.90960464E-003
   2028.67623   2.91749473E-003
   2027.34245   2.92551733E-003
   2026.00867   2.93367439E-003
   2024.67489   2.94196788E-003
   2023.34111   2.95039982E-003
   2022.00734   2.95897228E-003
   2020.67356   2.96768737E-003
   2019.33978   2.97654725E-003
   2018.00600   2.98555413E-003
   2016.67222   2.99471026E-003
   2015.33845   3.00401796E-003
   2014.00467   3.01347958E-003
   2012.67089   3.02309754E-003
   2011.33711   3.03287430E-003
   2010.00333   3.04281241E-003
   2008.66956   3.05291443E-003
   2007.33578   3.06318302E-003
   2006.00200   3.07362089E-003
   2004.66822   3.08423080E-003
   2003.33444   3.09501560E-003
   2002.00067   3.10597818E-003
   2000.66689   3.11712152E-003
   1999.33311   3.12844866E-003
   1997.99933   3.13996271E-003
   1996.66556   3.15166688E-003
   1995.33178   3.16356442E-003
   1993.99800   3.17565870E-003
   1992.66422   3.18795313E-003
   1991.33044   3.20045123E-003
   1989.99667   3.21315661E-003
   1988.66289   3.22607296E-003
   1987.32911   3.23920406E-003
   1985.99533   3.25255379E-003
   1984.66155   3.26612613E-003
   1983.32778   3.27992516E-003
   1981.99400   3.29395505E-003
   1980.66022   3.30822011E-003
   1979.32644   3.32272473E-003
   1977.99266   3.33747342E-003
   1976.65889   3.35247081E-003
   1975.32511   3.36772167E-003
   1973.99133   3.38323087E-003
   1972.65755   3.39900342E-003
   1971.32377   3.41504447E-003
   1969.99000   3.43135928E-003
   1968.65622   3.44795330E-003
   1967.32244   3.46483208E-003
   1965.98866   3.48200135E-003
   1964.65488   3.49946699E-003
   1963.32111   3.51723505E-003
   1961.98733   3.53531172E-003
   1960.65355   3.55370341E-003
   1959.31977   3.57241667E-003
   1957.98600   3.59145825E-003
   1956.65222   3.61083510E-003
   1955.31844   3.63055435E-003
   1953.98466   3.65062335E-003
   1952.65088   3.67104967E-003
   1951.31711   3.69184108E-003
   1949.98333   3.71300560E-003
   1948.64955   3.73455147E-003
   1947.31577   3.75648718E-003
   1945.98199   3.77882149E-003
   1944.64822   3.80156340E-003
   1943.31444   3.82472220E-003
   1941.98066   3.84830747E-003
   1940.64688   3.87232906E-003
   1939.31310   3.89679714E-003
   1937.97933   3.92172221E-003
   1936.64555   3.94711507E-003
   1935.31177   3.97298690E-003
   1933.97799   3.99934920E-003
   1932.64421   4.02621386E-003
   1931.31044   4.05359316E-003
   1929.97666   4.08149975E-003
   1928.64288   4.10994672E-003
   1927.30910   4.13894760E-003
   1925.97533   4.16851635E-003
   1924.64155   4.19866740E-003
   1923.30777   4.22941567E-003
   1921.97399   4.26077661E-003
   1920.64021   4.29276616E-003
   1919.30644   4.32540084E-003
   1917.97266   4.35869773E-003
   1916.63888   4.39267452E-003
   1915.30510   4.42734953E-003
   1913.97132   4.46274172E-003
   1912.63755   4.49887073E-003
   1911.30377   4.53575692E-003
   1909.96999   4.57342140E-003
   1908.63621   4.61188604E-003
   1907.30243   4.65117352E-003
   1905.96866   4.69130740E-003
   1904.63488   4.73231210E-003
   1903.30110   4.77421296E-003
   1901.96732   4.81703634E-003
   1900.63354   4.86080957E-003
   1899.29977   4.90556107E-003
   1897.96599   4.95132038E-003
   1896.63221   4.99811821E-003
   1895.29843   5.04598650E-003
   1893.96465   5.09495849E-003
   1892.63088   5.14506876E-003
   1891.29710   5.19635334E-003
   1889.96332   5.24884972E-003
   1888.62954   5.30259701E-003
   1887.29577   5.35763593E-003
   1885.96199   5.41400897E-003
   1884.62821   5.47176045E-003
   1883.29443   5.53093662E-003
   1881.96065   5.59158574E-003
   1880.62688   5.65375827E-003
   1879.29310   5.71750687E-003
   1877.95932   5.78288663E-003
   1876.62554   5.84995516E-003
   1875.29176   5.91877270E-003
   1873.95799   5.98940235E-003
   1872.62421   6.06191016E-003
   1871.29043   6.13636533E-003
   1869.95665   6.21284043E-003
   1868.62287   6.29141152E-003
   1867.28910   6.37215845E-003
   1865.95532   6.45516503E-003
   1864.62154   6.54051927E-003
   1863.28776   6.62831371E-003
   1861.95398   6.71864561E-003
   1860.62021   6.81161733E-003
   1859.28643   6.90733662E-003
   1857.95265   7.00591696E-003
   1856.61887   7.10747797E-003
   1855.28510   7.21214580E-003
   1853.95132   7.32005357E-003
   1852.61754   7.43134184E-003
   1851.28376   7.54615916E-003
   1849.94998   7.66466259E-003
   1848.61621   7.78701829E-003
   1847.28243   7.91340225E-003
   1845.94865   8.04400091E-003
   1844.61487   8.17901199E-003
   1843.28109   8.31864532E-003
   1841.94732   8.46312375E-003
   1840.61354   8.61268415E-003
   1839.27976   8.76757850E-003
   1837.94598   8.92807510E-003
   1836.61220   9.09445983E-003
   1835.27843   9.26703763E-003
   1833.94465   9.44613404E-003
   1832.61087   9.63209693E-003
   1831.27709   9.82529838E-003
   1829.94331   1.00261368E-002
   1828.60954   1.02350392E-002
   1827.27576   1.04524638E-002
   1825.94198   1.06789026E-002
   1824.60820   1.09148850E-002
   1823.27442   1.11609807E-002
   1821.94065   1.14178039E-002
   1820.60687   1.16860175E-002
   1819.27309   1.19663378E-002
   1817.93931   1.22595400E-002
   1816.60554   1.25664640E-002
   1815.27176   1.28880213E-002
   1813.93798   1.32252025E-002
   1812.60420   1.35790858E-002
   1811.27042   1.39508466E-002
   1809.93665   1.43417682E-002
   1808.60287   1.47532547E-002
   1807.26909   1.51868444E-002
   1805.93531   1.56442262E-002
   1804.60153   1.61272577E-002
   1803.26776   1.66379864E-002
   1801.93398   1.71786737E-002
   1800.60020   1.77518226E-002
   1799.26642   1.83602102E-002
   1797.93264   1.90069247E-002
   1796.59887   1.96954091E-002
   1795.26509   2.04295120E-002
   1793.93131   2.12135473E-002
   1792.59753   2.20523643E-002
   1791.26375   2.29514306E-002
   1789.92998   2.39169312E-002
   1788.59620   2.49558856E-002
   1787.26242   2.60762894E-002
   1785.92864   2.72872838E-002
   1784.59486   2.85993616E-002
   1783.26109   3.00246181E-002
   1781.92731   3.15770583E-002
   1780.59353   3.32729756E-002
   1779.25975   3.51314226E-002
   1777.92598   3.71747990E-002
   1776.59220   3.94295927E-002
   1775.25842   4.19273209E-002
   1773.92464   4.47057361E-002
   1772.59086   4.78103845E-002
   1771.25709   5.12966423E-002
   1769.92331   5.52324027E-002
   1768.58953   5.97016627E-002
   1767.25575   6.48093717E-002
   1765.92197   7.06880717E-002
   1764.58820   7.75071248E-002
   1763.25442   8.54857338E-002
   1761.92064   9.49116299E-002
   1760.58686   1.06168382E-001
   1759.25308   1.19776095E-001
   1757.91931   1.36453348E-001
   1756.58553   1.57213558E-001
   1755.25175   1.83518403E-001
   1753.91797   2.17527650E-001
   1752.58419   2.62514088E-001
   1751.25042   3.23560580E-001
   1749.91664   4.08718202E-001
   1748.58286   5.30792518E-001
   1747.24908   7.09337051E-001
   1745.91531   9.69078941E-001
   1744.58153   1.31861881E+000
   1743.24775   1.67739241E+000
   1741.91397   1.82038463E+000
   1740.58019   1.62428104E+000
   1739.24642   1.27878161E+000
   1737.91264   9.81066167E-001
   1736.57886   7.81162185E-001
   1735.24508   6.65144017E-001
   1733.91130   6.13661940E-001
   1732.57753   6.16471410E-001
   1731.24375   6.73898934E-001
   1729.90997   7.96513885E-001
   1728.57619   1.00186328E+000
   1727.24241   1.29373830E+000
   1725.90864   1.59727905E+000
   1724.57486   1.72147113E+000
   1723.24108   1.58421005E+000
   1721.90730   1.35992203E+000
   1720.57352   1.19261447E+000
   1719.23975   1.06024442E+000
   1717.90597   8.90434008E-001
   1716.57219   6.97160079E-001
   1715.23841   5.32316764E-001
   1713.90463   4.11168680E-001
   1712.57086   3.25693255E-001
   1711.23708   2.64987233E-001
   1709.90330   2.20907292E-001
   1708.56952   1.88092994E-001
   1707.23575   1.63093262E-001
   1705.90197   1.43661231E-001
   1704.56819   1.28301434E-001
   1703.23441   1.15993842E-001
   1701.90063   1.06026071E-001
   1700.56686   9.78897952E-002
   1699.23308   9.12154137E-002
   1697.89930   8.57299056E-002
   1696.56552   8.12290354E-002
   1695.23174   7.75586554E-002
   1693.89797   7.46019093E-002
   1692.56419   7.22703526E-002
   1691.23041   7.04977393E-002
   1689.89663   6.92356676E-002
   1688.56285   6.84505649E-002
   1687.22908   6.81216707E-002
   1685.89530   6.82398039E-002
   1684.56152   6.88067831E-002
   1683.22774   6.98354397E-002
   1681.89396   7.13502139E-002
   1680.56019   7.33883835E-002
   1679.22641   7.60020300E-002
   1677.89263   7.92609230E-002
   1676.55885   8.32566019E-002
   1675.22508   8.81080758E-002
   1673.89130   9.39697706E-002
   1672.55752   1.01042667E-001
   1671.22374   1.09590065E-001
   1669.88996   1.19960197E-001
   1668.55619   1.32619154E-001
   1667.22241   1.48199695E-001
   1665.88863   1.67575019E-001
   1664.55485   1.91972618E-001
   1663.22107   2.23153944E-001
   1661.88730   2.63704386E-001
   1660.55352   3.17511360E-001
   1659.21974   3.90565339E-001
   1657.88596   4.92305022E-001
   1656.55218   6.37797882E-001
   1655.21841   8.50767516E-001
   1653.88463   1.16520565E+000
   1652.55085   1.61294069E+000
   1651.21707   2.15721987E+000
   1649.88329   2.55851855E+000
   1648.54952   2.48351709E+000
   1647.21574   2.00655333E+000
   1645.88196   1.48024274E+000
   1644.54818   1.07597743E+000
   1643.21440   7.98939942E-001
   1641.88063   6.13612940E-001
   1640.54685   4.89051288E-001
   1639.21307   4.04780833E-001
   1637.87929   3.48284963E-001
   1636.54552   3.12282745E-001
   1635.21174   2.93020425E-001
   1633.87796   2.89454652E-001
   1632.54418   3.03114439E-001
   1631.21040   3.38420056E-001
   1629.87663   4.02629037E-001
   1628.54285   5.01671376E-001
   1627.20907   6.21390073E-001
   1625.87529   6.96511875E-001
   1624.54151   6.53984959E-001
   1623.20774   5.27828129E-001
   1621.87396   4.00119378E-001
   1620.54018   3.03984639E-001
   1619.20640   2.37838485E-001
   1617.87262   1.92992601E-001
   1616.53885   1.62384311E-001
   1615.20507   1.41439348E-001
   1613.87129   1.27421119E-001
   1612.53751   1.18829133E-001
   1611.20373   1.15055938E-001
   1609.86996   1.16269694E-001
   1608.53618   1.23471969E-001
   1607.20240   1.38607173E-001
   1605.86862   1.64121968E-001
   1604.53484   1.99727725E-001
   1603.20107   2.33116127E-001
   1601.86729   2.37676741E-001
   1600.53351   2.06063605E-001
   1599.19973   1.62805660E-001
   1597.86596   1.26698586E-001
   1596.53218   1.00922820E-001
   1595.19840   8.31205285E-002
   1593.86462   7.06750289E-002
   1592.53084   6.17427954E-002
   1591.19707   5.51472494E-002
   1589.86329   5.01483241E-002
   1588.52951   4.62742779E-002
   1587.19573   4.32175407E-002
   1585.86195   4.07726009E-002
   1584.52818   3.87989127E-002
   1583.19440   3.71983978E-002
   1581.86062   3.59015208E-002
   1580.52684   3.48584920E-002
   1579.19306   3.40336139E-002
   1577.85929   3.34016035E-002
   1576.52551   3.29452013E-002
   1575.19173   3.26536506E-002
   1573.85795   3.25218007E-002
   1572.52417   3.25496954E-002
   1571.19040   3.27425825E-002
   1569.85662   3.31113410E-002
   1568.52284   3.36733816E-002
   1567.18906   3.44541455E-002
   1565.85529   3.54894232E-002
   1564.52151   3.68288602E-002
   1563.18773   3.85412504E-002
   1561.85395   4.07226106E-002
   1560.52017   4.35086931E-002
   1559.18640   4.70947647E-002
   1557.85262   5.17675409E-002
   1556.51884   5.79578273E-002
   1555.18506   6.63286893E-002
   1553.85128   7.79234671E-002
   1552.51751   9.44057171E-002
   1551.18373   1.18392704E-001
   1549.84995   1.53635546E-001
   1548.51617   2.03664250E-001
   1547.18239   2.64515731E-001
   1545.84862   3.09972518E-001
   1544.51484   3.03357732E-001
   1543.18106   2.52721375E-001
   1541.84728   1.96972747E-001
   1540.51350   1.55229957E-001
   1539.17973   1.28365083E-001
   1537.84595   1.12895822E-001
   1536.51217   1.06081184E-001
   1535.17839   1.06650764E-001
   1533.84461   1.14299365E-001
   1532.51084   1.27809621E-001
   1531.17706   1.40756129E-001
   1529.84328   1.41626230E-001
   1528.50950   1.28865300E-001
   1527.17573   1.13221000E-001
   1525.84195   1.01818073E-001
   1524.50817   9.56265618E-002
   1523.17439   9.37145584E-002
   1521.84061   9.52106935E-002
   1520.50684   9.96660021E-002
   1519.17306   1.07027472E-001
   1517.83928   1.17596823E-001
   1516.50550   1.32049964E-001
   1515.17172   1.51536868E-001
   1513.83795   1.77890428E-001
   1512.50417   2.14002697E-001
   1511.17039   2.64469966E-001
   1509.83661   3.36635937E-001
   1508.50283   4.41992555E-001
   1507.16906   5.96672357E-001
   1505.83528   8.14613798E-001
   1504.50150   1.07615220E+000
   1503.16772   1.27794438E+000
   1501.83394   1.29267119E+000
   1500.50017   1.12778206E+000
   1499.16639   8.87412693E-001
   1497.83261   6.67262608E-001
   1496.49883   5.05576836E-001
   1495.16506   3.97899878E-001
   1493.83128   3.29917982E-001
   1492.49750   2.90586952E-001
   1491.16372   2.73767546E-001
   1489.82994   2.76865303E-001
   1488.49617   2.97431544E-001
   1487.16239   3.26066995E-001
   1485.82861   3.46103647E-001
   1484.49483   3.58050093E-001
   1483.16105   3.83478072E-001
   1481.82728   4.30119071E-001
   1480.49350   4.68227058E-001
   1479.15972   4.48664795E-001
   1477.82594   3.75628502E-001
   1476.49216   2.96662122E-001
   1475.15839   2.36665086E-001
   1473.82461   1.96745799E-001
   1472.49083   1.71945548E-001
   1471.15705   1.58019811E-001
   1469.82327   1.52424602E-001
   1468.48950   1.54055454E-001
   1467.15572   1.63003148E-001
   1465.82194   1.80560533E-001
   1464.48816   2.09533627E-001
   1463.15438   2.54897969E-001
   1461.82061   3.24655715E-001
   1460.48683   4.29543652E-001
   1459.15305   5.75456914E-001
   1457.81927   7.34250384E-001
   1456.48550   8.11056856E-001
   1455.15172   7.33379542E-001
   1453.81794   5.71655184E-001
   1452.48416   4.21547276E-001
   1451.15038   3.12067852E-001
   1449.81661   2.37425870E-001
   1448.48283   1.86669794E-001
   1447.14905   1.51474519E-001
   1445.81527   1.26446150E-001
   1444.48149   1.08204862E-001
   1443.14772   9.46202458E-002
   1441.81394   8.43234027E-002
   1440.48016   7.64146850E-002
   1439.14638   7.02900444E-002
   1437.81260   6.55367536E-002
   1436.47883   6.18698054E-002
   1435.14505   5.90926574E-002
   1433.81127   5.70730694E-002
   1432.47749   5.57288568E-002
   1431.14371   5.50208628E-002
   1429.80994   5.49521669E-002
   1428.47616   5.55740609E-002
   1427.14238   5.70011004E-002
   1425.80860   5.94400077E-002
   1424.47482   6.32402559E-002
   1423.14105   6.89742076E-002
   1421.80727   7.75304476E-002
   1420.47349   9.00612354E-002
   1419.13971   1.07083711E-001
   1417.80594   1.25244946E-001
   1416.47216   1.34402004E-001
   1415.13838   1.28168852E-001
   1413.80460   1.14852411E-001
   1412.47082   1.04015639E-001
   1411.13705   9.83954786E-002
   1409.80327   9.75823212E-002
   1408.46949   1.00899203E-001
   1407.13571   1.08171216E-001
   1405.80193   1.19859517E-001
   1404.46816   1.37165212E-001
   1403.13438   1.62217405E-001
   1401.80060   1.98124235E-001
   1400.46682   2.47748348E-001
   1399.13304   3.08516959E-001
   1397.79927   3.66726713E-001
   1396.46549   4.14703099E-001
   1395.13171   4.70890654E-001
   1393.79793   5.44515419E-001
   1392.46415   5.97960959E-001
   1391.13038   5.85208410E-001
   1389.79660   5.33452046E-001
   1388.46282   5.01643376E-001
   1387.12904   5.19086096E-001
   1385.79527   5.96002868E-001
   1384.46149   7.32969660E-001
   1383.12771   8.93592550E-001
   1381.79393   9.68208526E-001
   1380.46015   8.73345879E-001
   1379.12638   6.86832216E-001
   1377.79260   5.15429185E-001
   1376.45882   3.91336074E-001
   1375.12504   3.07830564E-001
   1373.79126   2.52538149E-001
   1372.45749   2.16174914E-001
   1371.12371   1.92906193E-001
   1369.78993   1.79363370E-001
   1368.45615   1.73877731E-001
   1367.12237   1.76092344E-001
   1365.78860   1.86870128E-001
   1364.45482   2.08292649E-001
   1363.12104   2.42973552E-001
   1361.78726   2.90384597E-001
   1360.45348   3.39700810E-001
   1359.11971   3.76546409E-001
   1357.78593   4.05690420E-001
   1356.45215   4.28712563E-001
   1355.11837   4.19579904E-001
   1353.78459   3.73851794E-001
   1352.45082   3.24997092E-001
   1351.11704   2.95834603E-001
   1349.78326   2.87232728E-001
   1348.44948   2.86120291E-001
   1347.11571   2.75604756E-001
   1345.78193   2.55995885E-001
   1344.44815   2.40255134E-001
   1343.11437   2.35210062E-001
   1341.78059   2.41724996E-001
   1340.44682   2.59812481E-001
   1339.11304   2.90763574E-001
   1337.77926   3.37930379E-001
   1336.44548   4.07458798E-001
   1335.11170   5.08971289E-001
   1333.77793   6.53980290E-001
   1332.44415   8.43810609E-001
   1331.11037   1.03880443E+000
   1329.77659   1.16571955E+000
   1328.44281   1.23876412E+000
   1327.10904   1.37052135E+000
   1325.77526   1.63738306E+000
   1324.44148   2.00352863E+000
   1323.10770   2.24727227E+000
   1321.77392   2.10768025E+000
   1320.44015   1.68209514E+000
   1319.10637   1.24792260E+000
   1317.77259   9.21812580E-001
   1316.43881   6.99507083E-001
   1315.10504   5.51158122E-001
   1313.77126   4.52361238E-001
   1312.43748   3.87434206E-001
   1311.10370   3.47271439E-001
   1309.76992   3.27372918E-001
   1308.43615   3.26819034E-001
   1307.10237   3.47962986E-001
   1305.76859   3.95893512E-001
   1304.43481   4.74029552E-001
   1303.10103   5.66772858E-001
   1301.76726   6.15931750E-001
   1300.43348   5.67973588E-001
   1299.09970   4.60443979E-001
   1297.76592   3.57631633E-001
   1296.43214   2.81775063E-001
   1295.09837   2.30080224E-001
   1293.76459   1.95424539E-001
   1292.43081   1.72270784E-001
   1291.09703   1.57073519E-001
   1289.76325   1.47714899E-001
   1288.42948   1.43019558E-001
   1287.09570   1.42467228E-001
   1285.76192   1.46064883E-001
   1284.42814   1.54346306E-001
   1283.09436   1.68498587E-001
   1281.76059   1.90647182E-001
   1280.42681   2.24341395E-001
   1279.09303   2.75147232E-001
   1277.75925   3.50417232E-001
   1276.42548   4.54078042E-001
   1275.09170   5.67308748E-001
   1273.75792   6.29907485E-001
   1272.42414   6.02964158E-001
   1271.09036   5.39592496E-001
   1269.75659   5.04788359E-001
   1268.42281   5.20346158E-001
   1267.08903   5.73441940E-001
   1265.75525   6.10421571E-001
   1264.42147   5.68306919E-001
   1263.08770   4.64421776E-001
   1261.75392   3.60062823E-001
   1260.42014   2.81717687E-001
   1259.08636   2.28287048E-001
   1257.75258   1.92722115E-001
   1256.41881   1.69216476E-001
   1255.08503   1.53963630E-001
   1253.75125   1.44628327E-001
   1252.41747   1.39830295E-001
   1251.08369   1.38812233E-001
   1249.74992   1.41254255E-001
   1248.41614   1.47187535E-001
   1247.08236   1.56980307E-001
   1245.74858   1.71389391E-001
   1244.41480   1.91689457E-001
   1243.08103   2.19915362E-001
   1241.74725   2.59286983E-001
   1240.41347   3.14936058E-001
   1239.07969   3.95102460E-001
   1237.74592   5.12858156E-001
   1236.41214   6.87361463E-001
   1235.07836   9.38567464E-001
   1233.74458   1.25443752E+000
   1232.41080   1.51349663E+000
   1231.07703   1.51233429E+000
   1229.74325   1.25468446E+000
   1228.40947   9.45233265E-001
   1227.07569   7.02666908E-001
   1225.74191   5.38186674E-001
   1224.40814   4.32656507E-001
   1223.07436   3.68605699E-001
   1221.74058   3.35474715E-001
   1220.40680   3.28262586E-001
   1219.07302   3.43735234E-001
   1217.73925   3.71063807E-001
   1216.40547   3.81506010E-001
   1215.07169   3.52484485E-001
   1213.73791   3.02747715E-001
   1212.40413   2.59643074E-001
   1211.07036   2.31865369E-001
   1209.73658   2.18276627E-001
   1208.40280   2.16628048E-001
   1207.06902   2.26057083E-001
   1205.73525   2.47505271E-001
   1204.40147   2.83842198E-001
   1203.06769   3.39584875E-001
   1201.73391   4.18113290E-001
   1200.40013   5.13142633E-001
   1199.06636   6.07260326E-001
   1197.73258   7.06968425E-001
   1196.39880   8.55228452E-001
   1195.06502   1.07674416E+000
   1193.73124   1.31325924E+000
   1192.39747   1.39834313E+000
   1191.06369   1.23658217E+000
   1189.72991   9.55162585E-001
   1188.39613   7.01455286E-001
   1187.06235   5.17283372E-001
   1185.72858   3.91508308E-001
   1184.39480   3.05689332E-001
   1183.06102   2.45972025E-001
   1181.72724   2.03394686E-001
   1180.39346   1.72341653E-001
   1179.05969   1.49279042E-001
   1177.72591   1.31952998E-001
   1176.39213   1.18913647E-001
   1175.05835   1.09239333E-001
   1173.72457   1.02383420E-001
   1172.39080   9.81022930E-002
   1171.05702   9.64472460E-002
   1169.72324   9.78176875E-002
   1168.38946   1.03067941E-001
   1167.05569   1.13565928E-001
   1165.72191   1.30654201E-001
   1164.38813   1.52751840E-001
   1163.05435   1.69315082E-001
   1161.72057   1.65148336E-001
   1160.38680   1.42960596E-001
   1159.05302   1.18598712E-001
   1157.71924   1.00045573E-001
   1156.38546   8.76640418E-002
   1155.05168   7.99088065E-002
   1153.71791   7.54457112E-002
   1152.38413   7.34491389E-002
   1151.05035   7.35085942E-002
   1149.71657   7.55330269E-002
   1148.38279   7.97189219E-002
   1147.04902   8.65901709E-002
   1145.71524   9.71204521E-002
   1144.38146   1.12949773E-001
   1143.04768   1.36626139E-001
   1141.71390   1.71337591E-001
   1140.38013   2.17921363E-001
   1139.04635   2.65106254E-001
   1137.71257   2.83606217E-001
   1136.37879   2.59993875E-001
   1135.04502   2.20327117E-001
   1133.71124   1.89416834E-001
   1132.37746   1.73679236E-001
   1131.04368   1.72136035E-001
   1129.70990   1.82698348E-001
   1128.37613   2.01398014E-001
   1127.04235   2.21703451E-001
   1125.70857   2.43701257E-001
   1124.37479   2.78926392E-001
   1123.04101   3.40522439E-001
   1121.70724   4.38001629E-001
   1120.37346   5.67106431E-001
   1119.03968   6.79201679E-001
   1117.70590   6.87841242E-001
   1116.37212   5.88498088E-001
   1115.03835   4.67591999E-001
   1113.70457   3.80068086E-001
   1112.37079   3.34348767E-001
   1111.03701   3.22033545E-001
   1109.70323   3.23228964E-001
   1108.36946   3.06501792E-001
   1107.03568   2.60882796E-001
   1105.70190   2.08005957E-001
   1104.36812   1.64989070E-001
   1103.03434   1.34143178E-001
   1101.70057   1.12601056E-001
   1100.36679   9.74113662E-002
   1099.03301   8.64983272E-002
   1097.69923   7.85202418E-002
   1096.36546   7.26183730E-002
   1095.03168   6.82354234E-002
   1093.69790   6.50024436E-002
   1092.36412   6.26706312E-002
   1091.03034   6.10700826E-002
   1089.69657   6.00844907E-002
   1088.36279   5.96353919E-002
   1087.02901   5.96722859E-002
   1085.69523   6.01664992E-002
   1084.36145   6.11075614E-002
   1083.02768   6.25013979E-002
   1081.69390   6.43699787E-002
   1080.36012   6.67523018E-002
   1079.02634   6.97067936E-002
   1077.69256   7.33154138E-002
   1076.35879   7.76900240E-002
   1075.02501   8.29819657E-002
   1073.69123   8.93964054E-002
   1072.35745   9.72140175E-002
   1071.02367   1.06824290E-001
   1069.68990   1.18777707E-001
   1068.35612   1.33869184E-001
   1067.02234   1.53273579E-001
   1065.68856   1.78765824E-001
   1064.35478   2.13062652E-001
   1063.02101   2.60255706E-001
   1061.68723   3.25888296E-001
   1060.35345   4.14738202E-001
   1059.01967   5.23164171E-001
   1057.68590   6.37130598E-001
   1056.35212   7.63820655E-001
   1055.01834   9.40132355E-001
   1053.68456   1.16308030E+000
   1052.35078   1.31732923E+000
   1051.01701   1.25463751E+000
   1049.68323   1.02639802E+000
   1048.34945   7.92341276E-001
   1047.01567   6.22527070E-001
   1045.68189   5.17114571E-001
   1044.34812   4.61846300E-001
   1043.01434   4.46864214E-001
   1041.68056   4.68805806E-001
   1040.34678   5.26563094E-001
   1039.01300   6.06662408E-001
   1037.67923   6.61555794E-001
   1036.34545   6.42359475E-001
   1035.01167   5.76257068E-001
   1033.67789   5.21386704E-001
   1032.34411   5.03014425E-001
   1031.01034   5.24741434E-001
   1029.67656   5.83650253E-001
   1028.34278   6.64185003E-001
   1027.00900   7.30282325E-001
   1025.67523   7.66680984E-001
   1024.34145   8.14072702E-001
   1023.00767   9.20551073E-001
   1021.67389   1.11919116E+000
   1020.34011   1.44063571E+000
   1019.00634   1.90068949E+000
   1017.67256   2.43264577E+000
   1016.33878   2.84592883E+000
   1015.00500   2.97354773E+000
   1013.67122   2.74282505E+000
   1012.33745   2.25083029E+000
   1011.00367   1.75509613E+000
   1009.66989   1.37967838E+000
   1008.33611   1.09488852E+000
   1007.00233   8.60553924E-001
   1005.66856   6.76585861E-001
   1004.33478   5.43255281E-001
   1003.00100   4.50738438E-001
   1001.66722   3.88698711E-001
   1000.33344   3.50382841E-001
    998.99967   3.32808116E-001
    997.66589   3.35911802E-001
    996.33211   3.59714688E-001
    994.99833   3.94799911E-001
    993.66455   4.09458124E-001
    992.33078   3.74318818E-001
    990.99700   3.08613793E-001
    989.66322   2.46360302E-001
    988.32944   1.99298983E-001
    986.99567   1.65773091E-001
    985.66189   1.41805069E-001
    984.32811   1.24271178E-001
    982.99433   1.11113442E-001
    981.66055   1.01025054E-001
    980.32678   9.31729367E-002
    978.99300   8.70183245E-002
    977.65922   8.22090900E-002
    976.32544   7.85163116E-002
    974.99166   7.57973248E-002
    973.65789   7.39750511E-002
    972.32411   7.30281357E-002
    970.99033   7.29893726E-002
    969.65655   7.39519749E-002
    968.32277   7.60851636E-002
    966.98900   7.96629187E-002
    965.65522   8.51133919E-002
    964.32144   9.31026058E-002
    962.98766   1.04676338E-001
    961.65388   1.21499247E-001
    960.32011   1.46240989E-001
    958.98633   1.83100069E-001
    957.65255   2.38012209E-001
    956.31877   3.16127713E-001
    954.98499   4.09335262E-001
    953.65122   4.73532104E-001
    952.31744   4.54057557E-001
    950.98366   3.70371305E-001
    949.64988   2.82509411E-001
    948.31611   2.16996381E-001
    946.98233   1.73920516E-001
    945.64855   1.47649269E-001
    944.31477   1.33828149E-001
    942.98099   1.30091890E-001
    941.64722   1.34680688E-001
    940.31344   1.42802165E-001
    938.97966   1.43848490E-001
    937.64588   1.31821360E-001
    936.31210   1.14629501E-001
    934.97833   1.00807470E-001
    933.64455   9.26120590E-002
    932.31077   8.96448910E-002
    930.97699   9.14865518E-002
    929.64321   9.84449002E-002
    928.30944   1.11745448E-001
    926.97566   1.33425507E-001
    925.64188   1.64831976E-001
    924.30810   2.00705590E-001
    922.97432   2.21552596E-001
    921.64055   2.10409622E-001
    920.30677   1.80909171E-001
    918.97299   1.54689286E-001
    917.63921   1.39453967E-001
    916.30544   1.35143167E-001
    914.97166   1.40885676E-001
    913.63788   1.57223482E-001
    912.30410   1.86762731E-001
    910.97032   2.34616580E-001
    909.63655   3.07965912E-001
    908.30277   4.10250952E-001
    906.96899   5.19902277E-001
    905.63521   5.68985081E-001
    904.30143   5.10309758E-001
    902.96766   3.96457523E-001
    901.63388   2.92623734E-001
    900.30010   2.17336183E-001
    898.96632   1.66096793E-001
    897.63254   1.31279449E-001
    896.29877   1.07161433E-001
    894.96499   9.00471227E-002
    893.63121   7.76229396E-002
    892.29743   6.84318021E-002
    890.96365   6.15397395E-002
    889.62988   5.63368858E-002
    888.29610   5.24200292E-002
    886.96232   4.95234178E-002
    885.62854   4.74788793E-002
    884.29476   4.61951742E-002
    882.96099   4.56517128E-002
    881.62721   4.59034270E-002
    880.29343   4.70851973E-002
    878.95965   4.93574732E-002
    877.62588   5.25959206E-002
    876.29210   5.56663271E-002
    874.95832   5.66904258E-002
    873.62454   5.57510426E-002
    872.29076   5.48201491E-002
    870.95699   5.50872000E-002
    869.62321   5.67761344E-002
    868.28943   5.98803451E-002
    866.95565   6.44841176E-002
    865.62187   7.08508399E-002
    864.28810   7.94804558E-002
    862.95432   9.12097329E-002
    861.62054   1.07392374E-001
    860.28676   1.30179739E-001
    858.95298   1.62804194E-001
    857.61921   2.09141878E-001
    856.28543   2.69705316E-001
    854.95165   3.29684266E-001
    853.61787   3.55106485E-001
    852.28409   3.36187511E-001
    850.95032   3.06647472E-001
    849.61654   2.94888507E-001
    848.28276   3.10129535E-001
    846.94898   3.56546162E-001
    845.61521   4.41179181E-001
    844.28143   5.72789028E-001
    842.94765   7.45542702E-001
    841.61387   9.02776226E-001
    840.28009   9.57768535E-001
    838.94632   9.26089722E-001
    837.61254   8.88437466E-001
    836.27876   8.35346779E-001
    834.94498   7.13502115E-001
    833.61120   5.52483240E-001
    832.27743   4.11595484E-001
    830.94365   3.08765549E-001
    829.60987   2.37500846E-001
    828.27609   1.88004774E-001
    826.94231   1.52929924E-001
    825.60854   1.27488199E-001
    824.27476   1.08650637E-001
    822.94098   9.44965581E-002
    821.60720   8.38015070E-002
    820.27342   7.57957966E-002
    818.93965   7.00322968E-002
    817.60587   6.63273222E-002
    816.27209   6.47552998E-002
    814.93831   6.56710755E-002
    813.60453   6.96414097E-002
    812.27076   7.68058131E-002
    810.93698   8.47069164E-002
    809.60320   8.65771240E-002
    808.26942   7.85530914E-002
    806.93565   6.61452917E-002
    805.60187   5.52115230E-002
    804.26809   4.72003407E-002
    802.93431   4.15959304E-002
    801.60053   3.76661108E-002
    800.26676   3.48734583E-002
    798.93298   3.28727442E-002
    797.59920   3.14490029E-002
    796.26542   3.04690684E-002
    794.93164   2.98512608E-002
    793.59787   2.95475767E-002
    792.26409   2.95335335E-002
    790.93031   2.98026757E-002
    789.59653   3.03640842E-002
    788.26275   3.12420621E-002
    786.92898   3.24777121E-002
    785.59520   3.41325318E-002
    784.26142   3.62945697E-002
    782.92764   3.90882212E-002
    781.59386   4.26895732E-002
    780.26009   4.73505773E-002
    778.92631   5.34377226E-002
    777.59253   6.14950738E-002
    776.25875   7.23488340E-002
    774.92497   8.72823196E-002
    773.59120   1.08324088E-001
    772.25742   1.38681935E-001
    770.92364   1.83185466E-001
    769.58986   2.47763898E-001
    768.25609   3.34662905E-001
    766.92231   4.29376542E-001
    765.58853   4.87949257E-001
    764.25475   4.62663553E-001
    762.92097   3.72482299E-001
    761.58720   2.77217013E-001
    760.25342   2.04815013E-001
    758.91964   1.55387904E-001
    757.58586   1.22454089E-001
    756.25208   1.00497811E-001
    754.91831   8.58955088E-002
    753.58453   7.64472978E-002
    752.25075   7.08922702E-002
    750.91697   6.86071295E-002
    749.58319   6.94641236E-002
    748.24942   7.38159217E-002
    746.91564   8.25997471E-002
    745.58186   9.75603308E-002
    744.24808   1.21486901E-001
    742.91430   1.57763993E-001
    741.58053   2.06490010E-001
    740.24675   2.52878038E-001
    738.91297   2.63197562E-001
    737.57919   2.26359842E-001
    736.24542   1.73069225E-001
    734.91164   1.28222139E-001
    733.57786   9.64303657E-002
    732.24408   7.48036868E-002
    730.91030   5.99993692E-002
    729.57653   4.96532636E-002
    728.24275   4.22662347E-002
    726.90897   3.69122127E-002
    725.57519   3.30254861E-002
    724.24141   3.02739730E-002
    722.90764   2.84911331E-002
    721.57386   2.76386499E-002
    720.24008   2.77479417E-002
    718.90630   2.86914695E-002
    717.57252   2.96140231E-002
    716.23875   2.89374769E-002
    714.90497   2.64144875E-002
    713.57119   2.35032581E-002
    712.23741   2.11835072E-002
    710.90363   1.95830517E-002
    709.56986   1.85612819E-002
    708.23608   1.79821457E-002
    706.90230   1.77643609E-002
    705.56852   1.78767217E-002
    704.23474   1.83305269E-002
    702.90097   1.91794419E-002
    701.56719   2.05290908E-002
    700.23341   2.25594656E-002
    698.89963   2.55663840E-002
    697.56586   3.00309647E-002
    696.23208   3.67177373E-002
    694.89830   4.67304410E-002
    693.56452   6.11247307E-002
    692.23074   7.87900232E-002
    690.89697   9.20447275E-002
    689.56319   8.98388928E-002
    688.22941   7.42217793E-002
    686.89563   5.67660611E-002
    685.56185   4.32667229E-002
    684.22808   3.39577719E-002
    682.89430   2.76727189E-002
    681.56052   2.33789641E-002
    680.22674   2.03838588E-002
    678.89296   1.82516034E-002
    677.55919   1.67093736E-002
    676.22541   1.55838853E-002
    674.89163   1.47628911E-002
    673.55785   1.41723243E-002
    672.22407   1.37626530E-002
    670.89030   1.35006137E-002
    669.55652   1.33641249E-002
    668.22274   1.33391302E-002
    666.88896   1.34176478E-002
    665.55519   1.35966129E-002
    664.22141   1.38772741E-002
    662.88763   1.42650192E-002
    661.55385   1.47695773E-002
    660.22007   1.54056094E-002
    658.88630   1.61937529E-002
    657.55252   1.71622636E-002
    656.21874   1.83494969E-002
    654.88496   1.98076340E-002
    653.55118   2.16083147E-002
    652.21741   2.38512879E-002
    650.88363   2.66779545E-002
    649.54985   3.02930295E-002
    648.21607   3.49999194E-002
    646.88229   4.12593920E-002
    645.54852   4.97868162E-002
    644.21474   6.17061840E-002
    642.88096   7.87503582E-002
    641.54718   1.03302286E-001
    640.21340   1.37272435E-001
    638.87963   1.77276483E-001
    637.54585   2.08419303E-001
    636.21207   2.18708337E-001
    634.87829   2.22509512E-001
    633.54451   2.38412098E-001
    632.21074   2.61014186E-001
    630.87696   2.60827224E-001
    629.54318   2.23525793E-001
    628.20940   1.72831688E-001
    626.87563   1.30677464E-001
    625.54185   1.01438844E-001
    624.20807   8.25916094E-002
    622.87429   7.12599709E-002
    621.54051   6.56624300E-002
    620.20674   6.51090543E-002
    618.87296   6.97505477E-002
    617.53918   7.98570735E-002
    616.20540   9.32967974E-002
    614.87162   1.01505796E-001
    613.53785   9.50350602E-002
    612.20407   7.81860614E-002
    610.87029   6.13824595E-002
    609.53651   4.87979387E-002
    608.20273   4.01952972E-002
    606.86896   3.44449672E-002
    605.53518   3.06329335E-002
    604.20140   2.81674552E-002
    602.86762   2.66933507E-002
    601.53384   2.60118589E-002
    600.20007   2.60314603E-002
    598.86629   2.67439741E-002
    597.53251   2.82198197E-002
    596.19873   3.06207873E-002
    594.86495   3.42338700E-002
    593.53118   3.95359568E-002
    592.19740   4.73064183E-002
    590.86362   5.88051690E-002
    589.52984   7.59813144E-002
    588.19607   1.01365467E-001
    586.86229   1.36106489E-001
    585.52851   1.72814874E-001
    584.19473   1.88802135E-001
    582.86095   1.69130248E-001
    581.52718   1.31786075E-001
    580.19340   9.80619554E-002
    578.85962   7.38128846E-002
    577.52584   5.74965925E-002
    576.19206   4.66160854E-002
    574.85829   3.93175118E-002
    573.52451   3.44185855E-002
    572.19073   3.11973772E-002
    570.85695   2.92238432E-002
    569.52317   2.82565622E-002
    568.18940   2.81866307E-002
    566.85562   2.90135263E-002
    565.52184   3.08457595E-002
    564.18806   3.39265218E-002
    562.85428   3.86914528E-002
    561.52051   4.58704873E-002
    560.18673   5.66325086E-002
    558.85295   7.26602188E-002
    557.51917   9.55440341E-002
    556.18540   1.23659927E-001
    554.85162   1.46471604E-001
    553.51784   1.51143054E-001
    552.18406   1.43911098E-001
    550.85028   1.39805771E-001
    549.51651   1.39247807E-001
    548.18273   1.29587472E-001
    546.84895   1.06960089E-001
    545.51517   8.20234145E-002
    544.18139   6.22633575E-002
    542.84762   4.83430699E-002
    541.51384   3.87670487E-002
    540.18006   3.21101219E-002
    538.84628   2.73921488E-002
    537.51250   2.39885885E-002
    536.17873   2.15059929E-002
    534.84495   1.96949896E-002
    533.51117   1.83971310E-002
    532.17739   1.75138051E-002
    530.84361   1.69887506E-002
    529.50984   1.67993391E-002
    528.17606   1.69543612E-002
    526.84228   1.74979522E-002
    525.50850   1.85210726E-002
    524.17472   2.01840108E-002
    522.84095   2.27553051E-002
    521.50717   2.66695751E-002
    520.17339   3.25743021E-002
    518.83961   4.11752984E-002
    517.50584   5.22000346E-002
    516.17206   6.17852790E-002
    514.83828   6.29114927E-002
    513.50450   5.51174144E-002
    512.17072   4.53904518E-002
    510.83695   3.81755556E-002
    509.50317   3.41204459E-002
    508.16939   3.27829560E-002
    506.83561   3.38642297E-002
    505.50183   3.74904242E-002
    504.16806   4.42751083E-002
    502.83428   5.52489487E-002
    501.50050   7.10619467E-002
    500.16672   8.88934974E-002
    498.83294   9.85795653E-002
    497.49917   9.14902988E-002
    496.16539   7.47570413E-002
    494.83161   5.93394317E-002
    493.49783   4.89568692E-002
    492.16405   4.33304924E-002
    490.83028   4.16710535E-002
    489.49650   4.36634107E-002
    488.16272   4.93447427E-002
    486.82894   5.79366223E-002
    485.49517   6.52683489E-002
    484.16139   6.47004187E-002
    482.82761   5.64008562E-002
    481.49383   4.69375471E-002
    480.16005   4.00996543E-002
    478.82628   3.63028505E-002
    477.49250   3.50724692E-002
    476.15872   3.60846032E-002
    474.82494   3.93853241E-002
    473.49116   4.54554917E-002
    472.15739   5.53149292E-002
    470.82361   7.06233099E-002
    469.48983   9.32940218E-002
    468.15605   1.22834680E-001
    466.82227   1.49276707E-001
    465.48850   1.53148880E-001
    464.15472   1.31551154E-001
    462.82094   1.03411320E-001
    461.48716   8.17482086E-002
    460.15338   6.87666847E-002
    458.81961   6.33677560E-002
    457.48583   6.46501861E-002
    456.15205   7.19744998E-002
    454.81827   8.24893880E-002
    453.48449   8.77094863E-002
    452.15072   7.99390336E-002
    450.81694   6.42033376E-002
    449.48316   4.93150773E-002
    448.14938   3.82946590E-002
    446.81561   3.07080822E-002
    445.48183   2.55322751E-002
    444.14805   2.19714401E-002
    442.81427   1.95099381E-002
    441.48049   1.78309162E-002
    440.14672   1.67458739E-002
    438.81294   1.61509823E-002
    437.47916   1.60039038E-002
    436.14538   1.63151619E-002
    434.81160   1.71515891E-002
    433.47783   1.86529583E-002
    432.14405   2.10665601E-002
    430.81027   2.48071975E-002
    429.47649   3.05425604E-002
    428.14271   3.92395222E-002
    426.80894   5.18116099E-002
    425.47516   6.72256464E-002
    424.14138   7.86489978E-002
    422.80760   7.64905599E-002
    421.47382   6.27581378E-002
    420.14005   4.74633742E-002
    418.80627   3.55169270E-002
    417.47249   2.71676572E-002
    416.13871   2.14671058E-002
    414.80493   1.75306787E-002
    413.47116   1.47471993E-002
    412.13738   1.27269283E-002
    410.80360   1.12243383E-002
    409.46982   1.00827269E-002
    408.13605   9.19990139E-003
    406.80227   8.50765206E-003
    405.46849   7.95945123E-003
    404.13471   7.52296952E-003
    402.80093   7.17543605E-003
    401.46716   6.90071133E-003
    400.13338   6.68741959E-003
    398.79960   6.52776050E-003
    397.46582   6.41677965E-003
    396.13204   6.35197516E-003
    394.79827   6.33318497E-003
    393.46449   6.36275399E-003
    392.13071   6.44603884E-003
    390.79693   6.59238764E-003
    389.46315   6.81685981E-003
    388.12938   7.14316620E-003
    386.79560   7.60867060E-003
    385.46182   8.27281741E-003
    384.12804   9.23066826E-003
    382.79426   1.06308729E-002
    381.46049   1.26806164E-002
    380.12671   1.55477919E-002
    378.79293   1.89051081E-002
    377.45915   2.11738891E-002
    376.12538   2.05856798E-002
    374.79160   1.79897202E-002
    373.45782   1.54108980E-002
    372.12404   1.36817916E-002
    370.79026   1.27936852E-002
    369.45649   1.25746907E-002
    368.12271   1.29084443E-002
    366.78893   1.37638860E-002
    365.45515   1.51935611E-002
    364.12137   1.73425288E-002
    362.78760   2.04794419E-002
    361.45382   2.50577340E-002
    360.12004   3.18077269E-002
    358.78626   4.17996348E-002
    357.45248   5.61351692E-002
    356.11871   7.41911351E-002
    354.78493   9.00586855E-002
    353.45115   9.48402950E-002
    352.11737   8.72691498E-002
    350.78359   7.19952934E-002
    349.44982   5.50987483E-002
    348.11604   4.12652872E-002
    346.78226   3.14229802E-002
    345.44848   2.46952442E-002
    344.11470   2.00767152E-002
    342.78093   1.68453816E-002
    341.44715   1.45363968E-002
    340.11337   1.28563334E-002
    338.77959   1.16181937E-002
    337.44582   1.07006151E-002
    336.11204   1.00233877E-002
    334.77826   9.53280530E-003
    333.44448   9.19281318E-003
    332.11070   8.97961196E-003
    330.77693   8.87838474E-003
    329.44315   8.88139793E-003
    328.10937   8.98707090E-003
    326.77559   9.19983140E-003
    325.44181   9.53074165E-003
    324.10804   9.99904893E-003
    322.77426   1.06350332E-002
    321.44048   1.14848677E-002
    320.10670   1.26187819E-002
    318.77292   1.41447710E-002
    317.43915   1.62314695E-002
    316.10537   1.91445927E-002
    314.77159   2.32949345E-002
    313.43781   2.92510747E-002
    312.10403   3.74801322E-002
    310.77026   4.71708316E-002
    309.43648   5.44409824E-002
    308.10270   5.54078518E-002
    306.76892   5.29851161E-002
    305.43515   5.28485784E-002
    304.10137   5.80008323E-002
    302.76759   6.95484603E-002
    301.43381   8.64394113E-002
    300.10003   1.01264842E-001
    298.76626   1.01158072E-001
    297.43248   8.51594844E-002
    296.09870   6.55687368E-002
    294.76492   5.00544859E-002
    293.43114   3.94586818E-002
    292.09737   3.25701212E-002
    290.76359   2.82174267E-002
    289.42981   2.56207893E-002
    288.09603   2.43232751E-002
    286.76225   2.40930070E-002
    285.42848   2.48639356E-002
    284.09470   2.67164959E-002
    282.76092   2.98952968E-002
    281.42714   3.48685815E-002
    280.09336   4.24403895E-002
    278.75959   5.39085651E-002
    277.42581   7.11178671E-002
    276.09203   9.56237198E-002
    274.75825   1.24668879E-001
    273.42447   1.44119861E-001
    272.09070   1.37144890E-001
    270.75692   1.10477908E-001
    269.42314   8.27786688E-002
    268.08936   6.19791704E-002
    266.75559   4.79049724E-002
    265.42181   3.86371170E-002
    264.08803   3.25955912E-002
    262.75425   2.87665599E-002
    261.42047   2.65632684E-002
    260.08670   2.56953692E-002
    258.75292   2.61002703E-002
    257.41914   2.79321459E-002
    256.08536   3.15987429E-002
    254.75158   3.78084090E-002
    253.41781   4.74242816E-002
    252.08403   6.03614703E-002
    250.75025   7.24386020E-002
    249.41647   7.46766332E-002
    248.08269   6.47181536E-002
    246.74892   5.09190261E-002
    245.41514   3.96204100E-002
    244.08136   3.19172430E-002
    242.74758   2.70776834E-002
    241.41380   2.43258958E-002
    240.08003   2.32075135E-002
    238.74625   2.35762734E-002
    237.41247   2.54872324E-002
    236.07869   2.88400251E-002
    234.74491   3.23932099E-002
    233.41114   3.32522069E-002
    232.07736   3.01975868E-002
    230.74358   2.57123990E-002
    229.40980   2.20216688E-002
    228.07603   1.95948986E-002
    226.74225   1.82125662E-002
    225.40847   1.76108069E-002
    224.07469   1.76233479E-002
    222.74091   1.81816247E-002
    221.40714   1.93015453E-002
    220.07336   2.10848399E-002
    218.73958   2.37407568E-002
    217.40580   2.76285199E-002
    216.07202   3.32968532E-002
    214.73825   4.13737079E-002
    213.40447   5.17672448E-002
    212.07069   6.15398855E-002
    210.73691   6.49368881E-002
    209.40313   6.12767042E-002
    208.06936   5.64995087E-002
    206.73558   5.48527571E-002
    205.40180   5.75164741E-002
    204.06802   6.49915488E-002
    202.73424   7.83874010E-002
    201.40047   9.99056444E-002
    200.06669   1.32777421E-001
    198.73291   1.79024308E-001
    197.39913   2.30553362E-001
    196.06536   2.57957596E-001
    194.73158   2.36184536E-001
    193.39780   1.85717308E-001
    192.06402   1.38037243E-001
    190.73024   1.03511013E-001
    189.39647   8.06684202E-002
    188.06269   6.61643756E-002
    186.72891   5.75551913E-002
    185.39513   5.35082035E-002
    184.06135   5.35518477E-002
    182.72758   5.76439195E-002
    181.39380   6.49033852E-002
    180.06002   7.09418083E-002
    178.72624   6.88468295E-002
    177.39246   5.87554312E-002
    176.05869   4.73585785E-002
    174.72491   3.84374580E-002
    173.39113   3.22660512E-002
    172.05735   2.81447038E-002
    170.72357   2.54276850E-002
    169.38980   2.36795167E-002
    168.05602   2.26299040E-002
    166.72224   2.21167747E-002
    165.38846   2.20476422E-002
    164.05468   2.23769731E-002
    162.72091   2.30941781E-002
    161.38713   2.42186056E-002
    160.05335   2.57997481E-002
    158.71957   2.79222869E-002
    157.38580   3.07168555E-002
    156.05202   3.43789039E-002
    154.71824   3.92002918E-002
    153.38446   4.56219944E-002
    152.05068   5.43226670E-002
    150.71691   6.63676586E-002
    149.38313   8.34527298E-002
    148.04935   1.08255575E-001
    146.71557   1.44699695E-001
    145.38179   1.96928394E-001
    144.04802   2.62822836E-001
    142.71424   3.18587789E-001
    141.38046   3.24074068E-001
    140.04668   2.80600256E-001
    138.71290   2.30308277E-001
    137.37913   1.98242886E-001
    136.04535   1.85323097E-001
    134.71157   1.78651884E-001
    133.37779   1.61715852E-001
    132.04401   1.34527379E-001
    130.71024   1.09114465E-001
    129.37646   9.15009951E-002
    128.04268   8.17936422E-002
    126.70890   7.86721588E-002
    125.37513   8.01847747E-002
    124.04135   8.25409905E-002
    122.70757   8.23396813E-002
    121.37379   8.18628401E-002
    120.04001   8.57319609E-002
    118.70624   9.52426101E-002
    117.37246   1.05751927E-001
    116.03868   1.07337566E-001
    114.70490   9.75076898E-002
    113.37112   8.53163920E-002
    112.03735   7.78015126E-002
    110.70357   7.68080627E-002
    109.36979   8.27381626E-002
    108.03601   9.62628335E-002
    106.70223   1.17163669E-001
    105.36846   1.39361141E-001
    104.03468   1.47837959E-001
    102.70090   1.35698837E-001
    101.36712   1.16130690E-001
    100.03334   1.01826194E-001
     98.69957   9.63505884E-002
     97.36579   9.99060319E-002
     96.03201   1.13136860E-001
     94.69823   1.37997263E-001
     93.36445   1.76486174E-001
     92.03068   2.25396747E-001
     90.69690   2.68449319E-001
     89.36312   2.78695894E-001
     88.02934   2.44347811E-001
     86.69557   1.89705338E-001
     85.36179   1.41524131E-001
     84.02801   1.06991227E-001
     82.69423   8.37672546E-002
     81.36045   6.83493669E-002
     80.02668   5.81711720E-002
     78.69290   5.16270474E-002
     77.35912   4.77861527E-002
     76.02534   4.61764970E-002
     74.69156   4.66733435E-002
     73.35779   4.94757107E-002
     72.02401   5.51611892E-002
     70.69023   6.48043240E-002
     69.35645   8.00383867E-002
     68.02267   1.02439683E-001
     66.68890   1.30334066E-001
     65.35512   1.52683119E-001
     64.02134   1.55212639E-001
     62.68756   1.43607674E-001
     61.35378   1.35631409E-001
     60.02001   1.38690883E-001
     58.68623   1.46048736E-001
     57.35245   1.41400714E-001
     56.01867   1.19566082E-001
     54.68489   9.32996620E-002
     53.35112   7.21386634E-002
     52.01734   5.69006803E-002
     50.68356   4.58174004E-002
     49.34978   3.78173067E-002
     48.01601   3.22014241E-002
     46.68223   2.80649075E-002
     45.34845   2.45206397E-002
     44.01467   2.13339943E-002
     42.68089   1.86959302E-002
     41.34712   1.66484557E-002
     40.01334   1.50916007E-002
     38.67956   1.39142149E-002
     37.34578   1.30350158E-002
     36.01200   1.24028377E-002
     34.67823   1.19904328E-002
     33.34445   1.17904346E-002
     32.01067   1.18147343E-002
     30.67689   1.20975986E-002
     29.34311   1.27035585E-002
     28.00934   1.37424364E-002
     26.67556   1.53957143E-002
     25.34178   1.79596635E-002
     24.00800   2.19036350E-002
     22.67422   2.78900483E-002
     21.34045   3.64757161E-002
     20.00667   4.66732307E-002
     18.67289   5.34280573E-002
     17.33911   5.07282882E-002
     16.00534   4.09856269E-002
     14.67156   3.08622563E-002
     13.33778   2.31831828E-002
     12.00400   1.78774047E-002
     10.67022   1.42489263E-002
      9.33645   1.17187732E-002
      8.00267   9.90366520E-003
      6.66889   8.56258519E-003
      5.33511   7.54391800E-003
      4.00133   6.75052874E-003
      2.66756   6.11866662E-003
      1.33378   5.60542287E-003
      0.00000   5.18120435E-003
