   4000.00000   3.70596153E-003
   3998.66622   3.72408732E-003
   3997.33244   3.74236814E-003
   3995.99867   3.76080597E-003
   3994.66489   3.77940278E-003
   3993.33111   3.79816062E-003
   3991.99733   3.81708155E-003
   3990.66355   3.83616766E-003
   3989.32978   3.85542109E-003
   3987.99600   3.87484401E-003
   3986.66222   3.89443863E-003
   3985.32844   3.91420720E-003
   3983.99466   3.93415199E-003
   3982.66089   3.95427535E-003
   3981.32711   3.97457963E-003
   3979.99333   3.99506725E-003
   3978.65955   4.01574065E-003
   3977.32578   4.03660233E-003
   3975.99200   4.05765483E-003
   3974.65822   4.07890073E-003
   3973.32444   4.10034267E-003
   3971.99066   4.12198332E-003
   3970.65689   4.14382542E-003
   3969.32311   4.16587173E-003
   3967.98933   4.18812510E-003
   3966.65555   4.21058839E-003
   3965.32177   4.23326454E-003
   3963.98800   4.25615654E-003
   3962.65422   4.27926744E-003
   3961.32044   4.30260033E-003
   3959.98666   4.32615837E-003
   3958.65288   4.34994478E-003
   3957.31911   4.37396285E-003
   3955.98533   4.39821590E-003
   3954.65155   4.42270736E-003
   3953.31777   4.44744069E-003
   3951.98399   4.47241942E-003
   3950.65022   4.49764717E-003
   3949.31644   4.52312762E-003
   3947.98266   4.54886451E-003
   3946.64888   4.57486167E-003
   3945.31511   4.60112299E-003
   3943.98133   4.62765245E-003
   3942.64755   4.65445412E-003
   3941.31377   4.68153211E-003
   3939.97999   4.70889066E-003
   3938.64622   4.73653407E-003
   3937.31244   4.76446674E-003
   3935.97866   4.79269313E-003
   3934.64488   4.82121784E-003
   3933.31110   4.85004553E-003
   3931.97733   4.87918096E-003
   3930.64355   4.90862900E-003
   3929.30977   4.93839461E-003
   3927.97599   4.96848287E-003
   3926.64221   4.99889896E-003
   3925.30844   5.02964815E-003
   3923.97466   5.06073586E-003
   3922.64088   5.09216759E-003
   3921.30710   5.12394899E-003
   3919.97332   5.15608581E-003
   3918.63955   5.18858393E-003
   3917.30577   5.22144936E-003
   3915.97199   5.25468825E-003
   3914.63821   5.28830687E-003
   3913.30443   5.32231164E-003
   3911.97066   5.35670912E-003
   3910.63688   5.39150602E-003
   3909.30310   5.42670920E-003
   3907.96932   5.46232568E-003
   3906.63555   5.49836262E-003
   3905.30177   5.53482736E-003
   3903.96799   5.57172742E-003
   3902.63421   5.60907047E-003
   3901.30043   5.64686437E-003
   3899.96666   5.68511716E-003
   3898.63288   5.72383708E-003
   3897.29910   5.76303256E-003
   3895.96532   5.80271221E-003
   3894.63154   5.84288488E-003
   3893.29777   5.88355960E-003
   3891.96399   5.92474564E-003
   3890.63021   5.96645249E-003
   3889.29643   6.00868986E-003
   3887.96265   6.05146772E-003
   3886.62888   6.09479626E-003
   3885.29510   6.13868595E-003
   3883.96132   6.18314750E-003
   3882.62754   6.22819190E-003
   3881.29376   6.27383041E-003
   3879.95999   6.32007458E-003
   3878.62621   6.36693626E-003
   3877.29243   6.41442759E-003
   3875.95865   6.46256104E-003
   3874.62487   6.51134940E-003
   3873.29110   6.56080577E-003
   3871.95732   6.61094364E-003
   3870.62354   6.66177681E-003
   3869.28976   6.71331948E-003
   3867.95599   6.76558622E-003
   3866.62221   6.81859198E-003
   3865.28843   6.87235212E-003
   3863.95465   6.92688244E-003
   3862.62087   6.98219915E-003
   3861.28710   7.03831890E-003
   3859.95332   7.09525883E-003
   3858.61954   7.15303654E-003
   3857.28576   7.21167011E-003
   3855.95198   7.27117817E-003
   3854.61821   7.33157985E-003
   3853.28443   7.39289482E-003
   3851.95065   7.45514335E-003
   3850.61687   7.51834627E-003
   3849.28309   7.58252503E-003
   3847.94932   7.64770170E-003
   3846.61554   7.71389902E-003
   3845.28176   7.78114037E-003
   3843.94798   7.84944988E-003
   3842.61420   7.91885236E-003
   3841.28043   7.98937341E-003
   3839.94665   8.06103938E-003
   3838.61287   8.13387745E-003
   3837.27909   8.20791564E-003
   3835.94532   8.28318284E-003
   3834.61154   8.35970884E-003
   3833.27776   8.43752437E-003
   3831.94398   8.51666116E-003
   3830.61020   8.59715193E-003
   3829.27643   8.67903046E-003
   3827.94265   8.76233165E-003
   3826.60887   8.84709151E-003
   3825.27509   8.93334725E-003
   3823.94131   9.02113732E-003
   3822.60754   9.11050146E-003
   3821.27376   9.20148072E-003
   3819.93998   9.29411758E-003
   3818.60620   9.38845593E-003
   3817.27242   9.48454122E-003
   3815.93865   9.58242043E-003
   3814.60487   9.68214221E-003
   3813.27109   9.78375691E-003
   3811.93731   9.88731667E-003
   3810.60353   9.99287549E-003
   3809.26976   1.01004893E-002
   3807.93598   1.02102162E-002
   3806.60220   1.03221161E-002
   3805.26842   1.04362515E-002
   3803.93464   1.05526869E-002
   3802.60087   1.06714895E-002
   3801.26709   1.07927288E-002
   3799.93331   1.09164770E-002
   3798.59953   1.10428092E-002
   3797.26576   1.11718033E-002
   3795.93198   1.13035404E-002
   3794.59820   1.14381044E-002
   3793.26442   1.15755830E-002
   3791.93064   1.17160672E-002
   3790.59687   1.18596515E-002
   3789.26309   1.20064347E-002
   3787.92931   1.21565192E-002
   3786.59553   1.23100119E-002
   3785.26175   1.24670242E-002
   3783.92798   1.26276719E-002
   3782.59420   1.27920763E-002
   3781.26042   1.29603632E-002
   3779.92664   1.31326645E-002
   3778.59286   1.33091175E-002
   3777.25909   1.34898657E-002
   3775.92531   1.36750589E-002
   3774.59153   1.38648538E-002
   3773.25775   1.40594142E-002
   3771.92397   1.42589113E-002
   3770.59020   1.44635243E-002
   3769.25642   1.46734410E-002
   3767.92264   1.48888577E-002
   3766.58886   1.51099803E-002
   3765.25509   1.53370247E-002
   3763.92131   1.55702173E-002
   3762.58753   1.58097955E-002
   3761.25375   1.60560087E-002
   3759.91997   1.63091188E-002
   3758.58620   1.65694011E-002
   3757.25242   1.68371448E-002
   3755.91864   1.71126544E-002
   3754.58486   1.73962505E-002
   3753.25108   1.76882703E-002
   3751.91731   1.79890696E-002
   3750.58353   1.82990234E-002
   3749.24975   1.86185271E-002
   3747.91597   1.89479984E-002
   3746.58219   1.92878785E-002
   3745.24842   1.96386337E-002
   3743.91464   2.00007570E-002
   3742.58086   2.03747706E-002
   3741.24708   2.07612273E-002
   3739.91330   2.11607131E-002
   3738.57953   2.15738494E-002
   3737.24575   2.20012961E-002
   3735.91197   2.24437538E-002
   3734.57819   2.29019675E-002
   3733.24441   2.33767297E-002
   3731.91064   2.38688845E-002
   3730.57686   2.43793311E-002
   3729.24308   2.49090289E-002
   3727.90930   2.54590018E-002
   3726.57553   2.60303441E-002
   3725.24175   2.66242262E-002
   3723.90797   2.72419009E-002
   3722.57419   2.78847109E-002
   3721.24041   2.85540966E-002
   3719.90664   2.92516046E-002
   3718.57286   2.99788976E-002
   3717.23908   3.07377653E-002
   3715.90530   3.15301356E-002
   3714.57152   3.23580886E-002
   3713.23775   3.32238708E-002
   3711.90397   3.41299120E-002
   3710.57019   3.50788430E-002
   3709.23641   3.60735168E-002
   3707.90263   3.71170314E-002
   3706.56886   3.82127558E-002
   3705.23508   3.93643593E-002
   3703.90130   4.05758441E-002
   3702.56752   4.18515835E-002
   3701.23374   4.31963636E-002
   3699.89997   4.46154315E-002
   3698.56619   4.61145507E-002
   3697.23241   4.77000634E-002
   3695.89863   4.93789627E-002
   3694.56485   5.11589753E-002
   3693.23108   5.30486565E-002
   3691.89730   5.50575006E-002
   3690.56352   5.71960685E-002
   3689.22974   5.94761363E-002
   3687.89597   6.19108690E-002
   3686.56219   6.45150236E-002
   3685.22841   6.73051886E-002
   3683.89463   7.03000664E-002
   3682.56085   7.35208083E-002
   3681.22708   7.69914139E-002
   3679.89330   8.07392087E-002
   3678.55952   8.47954182E-002
   3677.22574   8.91958632E-002
   3675.89196   9.39818025E-002
   3674.55819   9.92009655E-002
   3673.22441   1.04908820E-001
   3671.89063   1.11170142E-001
   3670.55685   1.18060971E-001
   3669.22307   1.25671066E-001
   3667.88930   1.34107009E-001
   3666.55552   1.43496163E-001
   3665.22174   1.53991766E-001
   3663.88796   1.65779538E-001
   3662.55418   1.79086356E-001
   3661.22041   1.94191739E-001
   3659.88663   2.11443268E-001
   3658.55285   2.31277503E-001
   3657.21907   2.54248784E-001
   3655.88530   2.81069432E-001
   3654.55152   3.12666767E-001
   3653.21774   3.50265358E-001
   3651.88396   3.95507845E-001
   3650.55018   4.50635974E-001
   3649.21641   5.18767598E-001
   3647.88263   6.04330045E-001
   3646.54885   7.13753769E-001
   3645.21507   8.56607480E-001
   3643.88129   1.04749070E+000
   3642.54752   1.30921637E+000
   3641.21374   1.67806698E+000
   3639.87996   2.21167839E+000
   3638.54618   2.99662090E+000
   3637.21240   4.13447988E+000
   3635.87863   5.62395959E+000
   3634.54485   7.01739273E+000
   3633.21107   7.32933482E+000
   3631.87729   6.27956546E+000
   3630.54351   4.78113506E+000
   3629.20974   3.54227885E+000
   3627.87596   2.68784131E+000
   3626.54218   2.13443475E+000
   3625.20840   1.78927029E+000
   3623.87462   1.58989786E+000
   3622.54085   1.50141756E+000
   3621.20707   1.50962099E+000
   3619.87329   1.61759244E+000
   3618.53951   1.84653033E+000
   3617.20574   2.24029015E+000
   3615.87196   2.86953324E+000
   3614.53818   3.81286890E+000
   3613.20440   5.03508259E+000
   3611.87062   6.08034252E+000
   3610.53685   6.11971314E+000
   3609.20307   5.08911524E+000
   3607.86929   3.79947697E+000
   3606.53551   2.76214891E+000
   3605.20173   2.03610894E+000
   3603.86796   1.54213888E+000
   3602.53418   1.20194438E+000
   3601.20040   9.61680650E-001
   3599.86662   7.87226198E-001
   3598.53284   6.57163923E-001
   3597.19907   5.57849988E-001
   3595.86529   4.80389393E-001
   3594.53151   4.18835537E-001
   3593.19773   3.69113805E-001
   3591.86395   3.28366929E-001
   3590.53018   2.94548132E-001
   3589.19640   2.66162409E-001
   3587.86262   2.42098274E-001
   3586.52884   2.21515971E-001
   3585.19507   2.03771683E-001
   3583.86129   1.88365196E-001
   3582.52751   1.74903109E-001
   3581.19373   1.63072573E-001
   3579.85995   1.52622248E-001
   3578.52618   1.43348316E-001
   3577.19240   1.35084077E-001
   3575.85862   1.27692106E-001
   3574.52484   1.21058287E-001
   3573.19106   1.15087228E-001
   3571.85729   1.09698696E-001
   3570.52351   1.04824828E-001
   3569.18973   1.00407927E-001
   3567.85595   9.63987086E-002
   3566.52217   9.27548963E-002
   3565.18840   8.94400877E-002
   3563.85462   8.64228339E-002
   3562.52084   8.36758884E-002
   3561.18706   8.11755909E-002
   3559.85328   7.89013594E-002
   3558.51951   7.68352691E-002
   3557.18573   7.49617044E-002
   3555.85195   7.32670676E-002
   3554.51817   7.17395371E-002
   3553.18439   7.03688657E-002
   3551.85062   6.91462116E-002
   3550.51684   6.80639996E-002
   3549.18306   6.71158053E-002
   3547.84928   6.62962613E-002
   3546.51551   6.56009815E-002
   3545.18173   6.50265017E-002
   3543.84795   6.45702364E-002
   3542.51417   6.42304475E-002
   3541.18039   6.40062283E-002
   3539.84662   6.38974987E-002
   3538.51284   6.39050141E-002
   3537.17906   6.40303874E-002
   3535.84528   6.42761248E-002
   3534.51150   6.46456762E-002
   3533.17773   6.51435031E-002
   3531.84395   6.57751641E-002
   3530.51017   6.65474224E-002
   3529.17639   6.74683777E-002
   3527.84261   6.85476271E-002
   3526.50884   6.97964609E-002
   3525.17506   7.12280993E-002
   3523.84128   7.28579790E-002
   3522.50750   7.47041015E-002
   3521.17372   7.67874549E-002
   3519.83995   7.91325293E-002
   3518.50617   8.17679466E-002
   3517.17239   8.47272345E-002
   3515.83861   8.80497829E-002
   3514.50483   9.17820319E-002
   3513.17106   9.59789558E-002
   3511.83728   1.00705932E-001
   3510.50350   1.06041109E-001
   3509.16972   1.12078429E-001
   3507.83595   1.18931528E-001
   3506.50217   1.26738797E-001
   3505.16839   1.35670028E-001
   3503.83461   1.45935233E-001
   3502.50083   1.57796466E-001
   3501.16706   1.71583871E-001
   3499.83328   1.87717767E-001
   3498.49950   2.06739434E-001
   3497.16572   2.29354750E-001
   3495.83194   2.56497007E-001
   3494.49817   2.89419016E-001
   3493.16439   3.29830771E-001
   3491.83061   3.80109481E-001
   3490.49683   4.43627134E-001
   3489.16305   5.25273013E-001
   3487.82928   6.32306014E-001
   3486.49550   7.75772274E-001
   3485.16172   9.72889440E-001
   3483.82794   1.25101241E+000
   3482.49416   1.65375785E+000
   3481.16039   2.24786227E+000
   3479.82661   3.11789229E+000
   3478.49283   4.29350191E+000
   3477.15905   5.49873663E+000
   3475.82528   5.95802391E+000
   3474.49150   5.23761302E+000
   3473.15772   3.98397473E+000
   3471.82394   2.87534242E+000
   3470.49016   2.07988844E+000
   3469.15639   1.53988538E+000
   3467.82261   1.17261043E+000
   3466.48883   9.17395351E-001
   3465.15505   7.35271883E-001
   3463.82127   6.01839588E-001
   3462.48750   5.01681597E-001
   3461.15372   4.24851018E-001
   3459.81994   3.64771461E-001
   3458.48616   3.16986972E-001
   3457.15238   2.78407237E-001
   3455.81861   2.46842366E-001
   3454.48483   2.20709651E-001
   3453.15105   1.98844492E-001
   3451.81727   1.80375842E-001
   3450.48349   1.64642465E-001
   3449.14972   1.51135558E-001
   3447.81594   1.39458736E-001
   3446.48216   1.29299685E-001
   3445.14838   1.20409754E-001
   3443.81460   1.12589077E-001
   3442.48083   1.05675578E-001
   3441.14705   9.95367480E-002
   3439.81327   9.40634260E-002
   3438.47949   8.91650516E-002
   3437.14572   8.47660005E-002
   3435.81194   8.08027336E-002
   3434.47816   7.72215594E-002
   3433.14438   7.39768638E-002
   3431.81060   7.10296994E-002
   3430.47683   6.83466538E-002
   3429.14305   6.58989345E-002
   3427.80927   6.36616265E-002
   3426.47549   6.16130842E-002
   3425.14171   5.97344321E-002
   3423.80794   5.80091521E-002
   3422.47416   5.64227403E-002
   3421.14038   5.49624215E-002
   3419.80660   5.36169092E-002
   3418.47282   5.23762037E-002
   3417.13905   5.12314215E-002
   3415.80527   5.01746508E-002
   3414.47149   4.91988279E-002
   3413.13771   4.82976323E-002
   3411.80393   4.74653958E-002
   3410.47016   4.66970251E-002
   3409.13638   4.59879348E-002
   3407.80260   4.53339893E-002
   3406.46882   4.47314519E-002
   3405.13505   4.41769417E-002
   3403.80127   4.36673950E-002
   3402.46749   4.32000314E-002
   3401.13371   4.27723252E-002
   3399.79993   4.23819791E-002
   3398.46616   4.20269014E-002
   3397.13238   4.17051861E-002
   3395.79860   4.14150955E-002
   3394.46482   4.11550436E-002
   3393.13104   4.09235829E-002
   3391.79727   4.07193920E-002
   3390.46349   4.05412638E-002
   3389.12971   4.03880964E-002
   3387.79593   4.02588841E-002
   3386.46215   4.01527093E-002
   3385.12838   4.00687357E-002
   3383.79460   4.00062018E-002
   3382.46082   3.99644155E-002
   3381.12704   3.99427487E-002
   3379.79326   3.99406330E-002
   3378.45949   3.99575555E-002
   3377.12571   3.99930551E-002
   3375.79193   4.00467192E-002
   3374.45815   4.01181808E-002
   3373.12437   4.02071159E-002
   3371.79060   4.03132408E-002
   3370.45682   4.04363105E-002
   3369.12304   4.05761163E-002
   3367.78926   4.07324845E-002
   3366.45549   4.09052746E-002
   3365.12171   4.10943783E-002
   3363.78793   4.12997181E-002
   3362.45415   4.15212464E-002
   3361.12037   4.17589448E-002
   3359.78660   4.20128232E-002
   3358.45282   4.22829191E-002
   3357.11904   4.25692976E-002
   3355.78526   4.28720507E-002
   3354.45148   4.31912969E-002
   3353.11771   4.35271817E-002
   3351.78393   4.38798769E-002
   3350.45015   4.42495811E-002
   3349.11637   4.46365195E-002
   3347.78259   4.50409448E-002
   3346.44882   4.54631369E-002
   3345.11504   4.59034037E-002
   3343.78126   4.63620817E-002
   3342.44748   4.68395366E-002
   3341.11370   4.73361641E-002
   3339.77993   4.78523908E-002
   3338.44615   4.83886752E-002
   3337.11237   4.89455089E-002
   3335.77859   4.95234177E-002
   3334.44481   5.01229629E-002
   3333.11104   5.07447434E-002
   3331.77726   5.13893964E-002
   3330.44348   5.20576001E-002
   3329.10970   5.27500751E-002
   3327.77593   5.34675870E-002
   3326.44215   5.42109481E-002
   3325.10837   5.49810206E-002
   3323.77459   5.57787191E-002
   3322.44081   5.66050134E-002
   3321.10704   5.74609320E-002
   3319.77326   5.83475654E-002
   3318.43948   5.92660702E-002
   3317.10570   6.02176730E-002
   3315.77192   6.12036747E-002
   3314.43815   6.22254559E-002
   3313.10437   6.32844819E-002
   3311.77059   6.43823082E-002
   3310.43681   6.55205872E-002
   3309.10303   6.67010748E-002
   3307.76926   6.79256376E-002
   3306.43548   6.91962613E-002
   3305.10170   7.05150596E-002
   3303.76792   7.18842831E-002
   3302.43414   7.33063307E-002
   3301.10037   7.47837606E-002
   3299.76659   7.63193030E-002
   3298.43281   7.79158739E-002
   3297.09903   7.95765904E-002
   3295.76526   8.13047872E-002
   3294.43148   8.31040352E-002
   3293.09770   8.49781614E-002
   3291.76392   8.69312716E-002
   3290.43014   8.89677751E-002
   3289.09637   9.10924117E-002
   3287.76259   9.33102824E-002
   3286.42881   9.56268830E-002
   3285.09503   9.80481416E-002
   3283.76125   1.00580460E-001
   3282.42748   1.03230761E-001
   3281.09370   1.06006541E-001
   3279.75992   1.08915926E-001
   3278.42614   1.11967740E-001
   3277.09236   1.15171578E-001
   3275.75859   1.18537888E-001
   3274.42481   1.22078068E-001
   3273.09103   1.25804568E-001
   3271.75725   1.29731016E-001
   3270.42347   1.33872352E-001
   3269.08970   1.38244987E-001
   3267.75592   1.42866982E-001
   3266.42214   1.47758254E-001
   3265.08836   1.52940812E-001
   3263.75458   1.58439035E-001
   3262.42081   1.64279983E-001
   3261.08703   1.70493766E-001
   3259.75325   1.77113978E-001
   3258.41947   1.84178190E-001
   3257.08570   1.91728543E-001
   3255.75192   1.99812442E-001
   3254.41814   2.08483371E-001
   3253.08436   2.17801873E-001
   3251.75058   2.27836710E-001
   3250.41681   2.38666256E-001
   3249.08303   2.50380183E-001
   3247.74925   2.63081496E-001
   3246.41547   2.76889012E-001
   3245.08169   2.91940408E-001
   3243.74792   3.08395967E-001
   3242.41414   3.26443242E-001
   3241.08036   3.46302874E-001
   3239.74658   3.68235930E-001
   3238.41280   3.92553213E-001
   3237.07903   4.19627191E-001
   3235.74525   4.49907398E-001
   3234.41147   4.83940540E-001
   3233.07769   5.22396991E-001
   3231.74391   5.66106131E-001
   3230.41014   6.16104013E-001
   3229.07636   6.73698541E-001
   3227.74258   7.40559817E-001
   3226.40880   8.18847320E-001
   3225.07503   9.11391875E-001
   3223.74125   1.02196069E+000
   3222.40747   1.15565088E+000
   3221.07369   1.31948576E+000
   3219.73991   1.52333865E+000
   3218.40614   1.78139664E+000
   3217.07236   2.11453331E+000
   3215.73858   2.55423518E+000
   3214.40480   3.14918871E+000
   3213.07102   3.97628071E+000
   3211.73725   5.15798336E+000
   3210.40347   6.88409349E+000
   3209.06969   9.41016341E+000
   3207.73591   1.29011224E+001
   3206.40213   1.67918451E+001
   3205.06836   1.89676649E+001
   3203.73458   1.76033329E+001
   3202.40080   1.41909054E+001
   3201.06702   1.10676032E+001
   3199.73324   9.04506250E+000
   3198.39947   8.03124585E+000
   3197.06569   7.62121306E+000
   3195.73191   7.20708811E+000
   3194.39813   6.46690695E+000
   3193.06435   5.71260744E+000
   3191.73058   5.29754894E+000
   3190.39680   5.34031731E+000
   3189.06302   5.84762807E+000
   3187.72924   6.68906675E+000
   3186.39547   7.43615802E+000
   3185.06169   7.70901567E+000
   3183.72791   7.84568069E+000
   3182.39413   8.28796635E+000
   3181.06035   8.70399088E+000
   3179.72658   8.28566635E+000
   3178.39280   7.08273599E+000
   3177.05902   5.89857689E+000
   3175.72524   5.17263908E+000
   3174.39146   4.90246409E+000
   3173.05769   4.82136233E+000
   3171.72391   4.52687719E+000
   3170.39013   3.93842213E+000
   3169.05635   3.34388175E+000
   3167.72257   2.93455859E+000
   3166.38880   2.73840033E+000
   3165.05502   2.74396113E+000
   3163.72124   2.95991917E+000
   3162.38746   3.42929606E+000
   3161.05368   4.21524450E+000
   3159.71991   5.30219770E+000
   3158.38613   6.32032316E+000
   3157.05235   6.48751781E+000
   3155.71857   5.60289015E+000
   3154.38479   4.39111927E+000
   3153.05102   3.39733400E+000
   3151.71724   2.71226654E+000
   3150.38346   2.26827420E+000
   3149.04968   1.99188950E+000
   3147.71591   1.83356178E+000
   3146.38213   1.76496932E+000
   3145.04835   1.77321259E+000
   3143.71457   1.85745815E+000
   3142.38079   2.02848681E+000
   3141.04702   2.31118071E+000
   3139.71324   2.75024995E+000
   3138.37946   3.41833632E+000
   3137.04568   4.41682956E+000
   3135.71190   5.82435320E+000
   3134.37813   7.48867925E+000
   3133.04435   8.79180256E+000
   3131.71057   9.19148356E+000
   3130.37679   8.76665750E+000
   3129.04301   7.60065661E+000
   3127.70924   6.06795697E+000
   3126.37546   4.74679729E+000
   3125.04168   3.85060278E+000
   3123.70790   3.34508068E+000
   3122.37412   3.16595324E+000
   3121.04035   3.28298864E+000
   3119.70657   3.66828873E+000
   3118.37279   4.15945527E+000
   3117.03901   4.32572983E+000
   3115.70524   3.87356238E+000
   3114.37146   3.11538997E+000
   3113.03768   2.43749118E+000
   3111.70390   1.94630608E+000
   3110.37012   1.61183085E+000
   3109.03635   1.38653769E+000
   3107.70257   1.23514438E+000
   3106.36879   1.13518162E+000
   3105.03501   1.07308633E+000
   3103.70123   1.04111246E+000
   3102.36746   1.03550549E+000
   3101.03368   1.05563991E+000
   3099.69990   1.10389496E+000
   3098.36612   1.18623357E+000
   3097.03234   1.31363801E+000
   3095.69857   1.50466059E+000
   3094.36479   1.78886417E+000
   3093.03101   2.20743959E+000
   3091.69723   2.79272639E+000
   3090.36345   3.47883989E+000
   3089.02968   3.97542835E+000
   3087.69590   4.00188552E+000
   3086.36212   3.70884747E+000
   3085.02834   3.33271487E+000
   3083.69456   2.97016494E+000
   3082.36079   2.72070444E+000
   3081.02701   2.64112381E+000
   3079.69323   2.73889631E+000
   3078.35945   3.02154810E+000
   3077.02568   3.52378813E+000
   3075.69190   4.32075380E+000
   3074.35812   5.53446409E+000
   3073.02434   7.29783060E+000
   3071.69056   9.54224809E+000
   3070.35679   1.15142136E+001
   3069.02301   1.20093535E+001
   3067.68923   1.12059260E+001
   3066.35545   1.05075724E+001
   3065.02167   1.06618155E+001
   3063.68790   1.13240539E+001
   3062.35412   1.13082947E+001
   3061.02034   9.99063915E+000
   3059.68656   8.23675961E+000
   3058.35278   6.92669809E+000
   3057.01901   6.29904093E+000
   3055.68523   6.35347221E+000
   3054.35145   7.10370121E+000
   3053.01767   8.54260052E+000
   3051.68389   1.02793615E+001
   3050.35012   1.10955683E+001
   3049.01634   1.00018197E+001
   3047.68256   7.82933398E+000
   3046.34878   5.80432423E+000
   3045.01501   4.31284962E+000
   3043.68123   3.28297514E+000
   3042.34745   2.57173023E+000
   3041.01367   2.06944544E+000
   3039.67989   1.70463808E+000
   3038.34612   1.43223969E+000
   3037.01234   1.22363179E+000
   3035.67856   1.06025464E+000
   3034.34478   9.29763897E-001
   3033.01100   8.23736644E-001
   3031.67723   7.36284304E-001
   3030.34345   6.63196564E-001
   3029.00967   6.01400670E-001
   3027.67589   5.48611920E-001
   3026.34211   5.03102653E-001
   3025.00834   4.63546299E-001
   3023.67456   4.28910032E-001
   3022.34078   3.98379512E-001
   3021.00700   3.71305244E-001
   3019.67322   3.47163731E-001
   3018.33945   3.25528950E-001
   3017.00567   3.06051123E-001
   3015.67189   2.88440723E-001
   3014.33811   2.72456282E-001
   3013.00433   2.57895007E-001
   3011.67056   2.44585483E-001
   3010.33678   2.32381942E-001
   3009.00300   2.21159728E-001
   3007.66922   2.10811682E-001
   3006.33545   2.01245233E-001
   3005.00167   1.92380042E-001
   3003.66789   1.84146085E-001
   3002.33411   1.76482079E-001
   3001.00033   1.69334187E-001
   2999.66656   1.62654938E-001
   2998.33278   1.56402336E-001
   2996.99900   1.50539101E-001
   2995.66522   1.45032044E-001
   2994.33144   1.39851528E-001
   2992.99767   1.34971014E-001
   2991.66389   1.30366677E-001
   2990.33011   1.26017069E-001
   2988.99633   1.21902843E-001
   2987.66255   1.18006499E-001
   2986.32878   1.14312180E-001
   2984.99500   1.10805481E-001
   2983.66122   1.07473295E-001
   2982.32744   1.04303670E-001
   2980.99366   1.01285686E-001
   2979.65989   9.84093512E-002
   2978.32611   9.56655056E-002
   2976.99233   9.30457377E-002
   2975.65855   9.05423115E-002
   2974.32477   8.81481015E-002
   2972.99100   8.58565344E-002
   2971.65722   8.36615379E-002
   2970.32344   8.15574946E-002
   2968.98966   7.95392013E-002
   2967.65589   7.76018320E-002
   2966.32211   7.57409052E-002
   2964.98833   7.39522541E-002
   2963.65455   7.22320000E-002
   2962.32077   7.05765285E-002
   2960.98700   6.89824676E-002
   2959.65322   6.74466681E-002
   2958.31944   6.59661862E-002
   2956.98566   6.45382667E-002
   2955.65188   6.31603292E-002
   2954.31811   6.18299539E-002
   2952.98433   6.05448703E-002
   2951.65055   5.93029456E-002
   2950.31677   5.81021747E-002
   2948.98299   5.69406712E-002
   2947.64922   5.58166585E-002
   2946.31544   5.47284625E-002
   2944.98166   5.36745041E-002
   2943.64788   5.26532931E-002
   2942.31410   5.16634216E-002
   2940.98033   5.07035590E-002
   2939.64655   4.97724467E-002
   2938.31277   4.88688931E-002
   2936.97899   4.79917698E-002
   2935.64522   4.71400071E-002
   2934.31144   4.63125907E-002
   2932.97766   4.55085579E-002
   2931.64388   4.47269945E-002
   2930.31010   4.39670319E-002
   2928.97633   4.32278443E-002
   2927.64255   4.25086463E-002
   2926.30877   4.18086902E-002
   2924.97499   4.11272641E-002
   2923.64121   4.04636897E-002
   2922.30744   3.98173203E-002
   2920.97366   3.91875391E-002
   2919.63988   3.85737577E-002
   2918.30610   3.79754141E-002
   2916.97232   3.73919716E-002
   2915.63855   3.68229174E-002
   2914.30477   3.62677611E-002
   2912.97099   3.57260337E-002
   2911.63721   3.51972864E-002
   2910.30343   3.46810896E-002
   2908.96966   3.41770317E-002
   2907.63588   3.36847185E-002
   2906.30210   3.32037720E-002
   2904.96832   3.27338300E-002
   2903.63454   3.22745448E-002
   2902.30077   3.18255827E-002
   2900.96699   3.13866236E-002
   2899.63321   3.09573598E-002
   2898.29943   3.05374959E-002
   2896.96566   3.01267478E-002
   2895.63188   2.97248426E-002
   2894.29810   2.93315176E-002
   2892.96432   2.89465203E-002
   2891.63054   2.85696075E-002
   2890.29677   2.82005452E-002
   2888.96299   2.78391079E-002
   2887.62921   2.74850786E-002
   2886.29543   2.71382480E-002
   2884.96165   2.67984144E-002
   2883.62788   2.64653833E-002
   2882.29410   2.61389673E-002
   2880.96032   2.58189853E-002
   2879.62654   2.55052627E-002
   2878.29276   2.51976310E-002
   2876.95899   2.48959273E-002
   2875.62521   2.45999945E-002
   2874.29143   2.43096807E-002
   2872.95765   2.40248390E-002
   2871.62387   2.37453276E-002
   2870.29010   2.34710093E-002
   2868.95632   2.32017514E-002
   2867.62254   2.29374257E-002
   2866.28876   2.26779078E-002
   2864.95498   2.24230776E-002
   2863.62121   2.21728187E-002
   2862.28743   2.19270185E-002
   2860.95365   2.16855679E-002
   2859.61987   2.14483611E-002
   2858.28610   2.12152957E-002
   2856.95232   2.09862725E-002
   2855.61854   2.07611951E-002
   2854.28476   2.05399704E-002
   2852.95098   2.03225078E-002
   2851.61721   2.01087195E-002
   2850.28343   1.98985204E-002
   2848.94965   1.96918278E-002
   2847.61587   1.94885616E-002
   2846.28209   1.92886438E-002
   2844.94832   1.90919989E-002
   2843.61454   1.88985534E-002
   2842.28076   1.87082360E-002
   2840.94698   1.85209774E-002
   2839.61320   1.83367103E-002
   2838.27943   1.81553692E-002
   2836.94565   1.79768906E-002
   2835.61187   1.78012125E-002
   2834.27809   1.76282748E-002
   2832.94431   1.74580191E-002
   2831.61054   1.72903884E-002
   2830.27676   1.71253273E-002
   2828.94298   1.69627821E-002
   2827.60920   1.68027002E-002
   2826.27543   1.66450307E-002
   2824.94165   1.64897238E-002
   2823.60787   1.63367312E-002
   2822.27409   1.61860058E-002
   2820.94031   1.60375016E-002
   2819.60654   1.58911740E-002
   2818.27276   1.57469794E-002
   2816.93898   1.56048753E-002
   2815.60520   1.54648205E-002
   2814.27142   1.53267745E-002
   2812.93765   1.51906981E-002
   2811.60387   1.50565529E-002
   2810.27009   1.49243015E-002
   2808.93631   1.47939076E-002
   2807.60253   1.46653355E-002
   2806.26876   1.45385506E-002
   2804.93498   1.44135189E-002
   2803.60120   1.42902076E-002
   2802.26742   1.41685843E-002
   2800.93364   1.40486175E-002
   2799.59987   1.39302766E-002
   2798.26609   1.38135316E-002
   2796.93231   1.36983531E-002
   2795.59853   1.35847126E-002
   2794.26475   1.34725822E-002
   2792.93098   1.33619345E-002
   2791.59720   1.32527429E-002
   2790.26342   1.31449814E-002
   2788.92964   1.30386244E-002
   2787.59587   1.29336472E-002
   2786.26209   1.28300254E-002
   2784.92831   1.27277352E-002
   2783.59453   1.26267535E-002
   2782.26075   1.25270574E-002
   2780.92698   1.24286248E-002
   2779.59320   1.23314339E-002
   2778.25942   1.22354636E-002
   2776.92564   1.21406930E-002
   2775.59186   1.20471017E-002
   2774.25809   1.19546699E-002
   2772.92431   1.18633782E-002
   2771.59053   1.17732074E-002
   2770.25675   1.16841389E-002
   2768.92297   1.15961545E-002
   2767.58920   1.15092364E-002
   2766.25542   1.14233669E-002
   2764.92164   1.13385291E-002
   2763.58786   1.12547061E-002
   2762.25408   1.11718815E-002
   2760.92031   1.10900392E-002
   2759.58653   1.10091636E-002
   2758.25275   1.09292390E-002
   2756.91897   1.08502506E-002
   2755.58520   1.07721834E-002
   2754.25142   1.06950229E-002
   2752.91764   1.06187549E-002
   2751.58386   1.05433655E-002
   2750.25008   1.04688411E-002
   2748.91631   1.03951681E-002
   2747.58253   1.03223336E-002
   2746.24875   1.02503247E-002
   2744.91497   1.01791287E-002
   2743.58119   1.01087333E-002
   2742.24742   1.00391263E-002
   2740.91364   9.97029595E-003
   2739.57986   9.90223046E-003
   2738.24608   9.83491844E-003
   2736.91230   9.76834866E-003
   2735.57853   9.70251011E-003
   2734.24475   9.63739201E-003
   2732.91097   9.57298374E-003
   2731.57719   9.50927491E-003
   2730.24341   9.44625532E-003
   2728.90964   9.38391496E-003
   2727.57586   9.32224400E-003
   2726.24208   9.26123280E-003
   2724.90830   9.20087188E-003
   2723.57452   9.14115195E-003
   2722.24075   9.08206388E-003
   2720.90697   9.02359872E-003
   2719.57319   8.96574767E-003
   2718.23941   8.90850208E-003
   2716.90564   8.85185349E-003
   2715.57186   8.79579354E-003
   2714.23808   8.74031406E-003
   2712.90430   8.68540702E-003
   2711.57052   8.63106451E-003
   2710.23675   8.57727877E-003
   2708.90297   8.52404220E-003
   2707.56919   8.47134729E-003
   2706.23541   8.41918670E-003
   2704.90163   8.36755319E-003
   2703.56786   8.31643965E-003
   2702.23408   8.26583912E-003
   2700.90030   8.21574471E-003
   2699.56652   8.16614969E-003
   2698.23274   8.11704744E-003
   2696.89897   8.06843142E-003
   2695.56519   8.02029523E-003
   2694.23141   7.97263258E-003
   2692.89763   7.92543726E-003
   2691.56385   7.87870320E-003
   2690.23008   7.83242439E-003
   2688.89630   7.78659496E-003
   2687.56252   7.74120911E-003
   2686.22874   7.69626113E-003
   2684.89496   7.65174544E-003
   2683.56119   7.60765652E-003
   2682.22741   7.56398895E-003
   2680.89363   7.52073739E-003
   2679.55985   7.47789660E-003
   2678.22608   7.43546142E-003
   2676.89230   7.39342677E-003
   2675.55852   7.35178765E-003
   2674.22474   7.31053914E-003
   2672.89096   7.26967641E-003
   2671.55719   7.22919469E-003
   2670.22341   7.18908930E-003
   2668.88963   7.14935562E-003
   2667.55585   7.10998912E-003
   2666.22207   7.07098532E-003
   2664.88830   7.03233982E-003
   2663.55452   6.99404830E-003
   2662.22074   6.95610649E-003
   2660.88696   6.91851019E-003
   2659.55318   6.88125527E-003
   2658.21941   6.84433766E-003
   2656.88563   6.80775335E-003
   2655.55185   6.77149840E-003
   2654.21807   6.73556891E-003
   2652.88429   6.69996107E-003
   2651.55052   6.66467110E-003
   2650.21674   6.62969529E-003
   2648.88296   6.59502999E-003
   2647.54918   6.56067158E-003
   2646.21541   6.52661653E-003
   2644.88163   6.49286134E-003
   2643.54785   6.45940256E-003
   2642.21407   6.42623681E-003
   2640.88029   6.39336073E-003
   2639.54652   6.36077104E-003
   2638.21274   6.32846449E-003
   2636.87896   6.29643788E-003
   2635.54518   6.26468806E-003
   2634.21140   6.23321193E-003
   2632.87763   6.20200643E-003
   2631.54385   6.17106853E-003
   2630.21007   6.14039527E-003
   2628.87629   6.10998372E-003
   2627.54251   6.07983099E-003
   2626.20874   6.04993423E-003
   2624.87496   6.02029063E-003
   2623.54118   5.99089743E-003
   2622.20740   5.96175190E-003
   2620.87362   5.93285135E-003
   2619.53985   5.90419313E-003
   2618.20607   5.87577463E-003
   2616.87229   5.84759327E-003
   2615.53851   5.81964650E-003
   2614.20473   5.79193183E-003
   2612.87096   5.76444677E-003
   2611.53718   5.73718890E-003
   2610.20340   5.71015581E-003
   2608.86962   5.68334512E-003
   2607.53585   5.65675450E-003
   2606.20207   5.63038165E-003
   2604.86829   5.60422429E-003
   2603.53451   5.57828017E-003
   2602.20073   5.55254708E-003
   2600.86696   5.52702284E-003
   2599.53318   5.50170530E-003
   2598.19940   5.47659233E-003
   2596.86562   5.45168183E-003
   2595.53184   5.42697174E-003
   2594.19807   5.40246002E-003
   2592.86429   5.37814464E-003
   2591.53051   5.35402363E-003
   2590.19673   5.33009503E-003
   2588.86295   5.30635689E-003
   2587.52918   5.28280732E-003
   2586.19540   5.25944442E-003
   2584.86162   5.23626635E-003
   2583.52784   5.21327125E-003
   2582.19406   5.19045733E-003
   2580.86029   5.16782280E-003
   2579.52651   5.14536588E-003
   2578.19273   5.12308485E-003
   2576.85895   5.10097798E-003
   2575.52518   5.07904357E-003
   2574.19140   5.05727995E-003
   2572.85762   5.03568548E-003
   2571.52384   5.01425850E-003
   2570.19006   4.99299742E-003
   2568.85629   4.97190064E-003
   2567.52251   4.95096660E-003
   2566.18873   4.93019374E-003
   2564.85495   4.90958053E-003
   2563.52117   4.88912546E-003
   2562.18740   4.86882704E-003
   2560.85362   4.84868379E-003
   2559.51984   4.82869426E-003
   2558.18606   4.80885701E-003
   2556.85228   4.78917062E-003
   2555.51851   4.76963369E-003
   2554.18473   4.75024484E-003
   2552.85095   4.73100270E-003
   2551.51717   4.71190591E-003
   2550.18339   4.69295316E-003
   2548.84962   4.67414311E-003
   2547.51584   4.65547448E-003
   2546.18206   4.63694596E-003
   2544.84828   4.61855630E-003
   2543.51450   4.60030425E-003
   2542.18073   4.58218855E-003
   2540.84695   4.56420800E-003
   2539.51317   4.54636138E-003
   2538.17939   4.52864749E-003
   2536.84562   4.51106517E-003
   2535.51184   4.49361324E-003
   2534.17806   4.47629056E-003
   2532.84428   4.45909598E-003
   2531.51050   4.44202838E-003
   2530.17673   4.42508665E-003
   2528.84295   4.40826971E-003
   2527.50917   4.39157645E-003
   2526.17539   4.37500582E-003
   2524.84161   4.35855675E-003
   2523.50784   4.34222820E-003
   2522.17406   4.32601914E-003
   2520.84028   4.30992854E-003
   2519.50650   4.29395540E-003
   2518.17272   4.27809872E-003
   2516.83895   4.26235751E-003
   2515.50517   4.24673081E-003
   2514.17139   4.23121764E-003
   2512.83761   4.21581706E-003
   2511.50383   4.20052813E-003
   2510.17006   4.18534993E-003
   2508.83628   4.17028152E-003
   2507.50250   4.15532201E-003
   2506.16872   4.14047050E-003
   2504.83494   4.12572610E-003
   2503.50117   4.11108793E-003
   2502.16739   4.09655514E-003
   2500.83361   4.08212686E-003
   2499.49983   4.06780225E-003
   2498.16606   4.05358048E-003
   2496.83228   4.03946071E-003
   2495.49850   4.02544213E-003
   2494.16472   4.01152393E-003
   2492.83094   3.99770531E-003
   2491.49717   3.98398549E-003
   2490.16339   3.97036368E-003
   2488.82961   3.95683912E-003
   2487.49583   3.94341103E-003
   2486.16205   3.93007867E-003
   2484.82828   3.91684130E-003
   2483.49450   3.90369816E-003
   2482.16072   3.89064854E-003
   2480.82694   3.87769172E-003
   2479.49316   3.86482698E-003
   2478.15939   3.85205362E-003
   2476.82561   3.83937095E-003
   2475.49183   3.82677827E-003
   2474.15805   3.81427491E-003
   2472.82427   3.80186019E-003
   2471.49050   3.78953345E-003
   2470.15672   3.77729403E-003
   2468.82294   3.76514128E-003
   2467.48916   3.75307456E-003
   2466.15539   3.74109323E-003
   2464.82161   3.72919666E-003
   2463.48783   3.71738424E-003
   2462.15405   3.70565534E-003
   2460.82027   3.69400937E-003
   2459.48650   3.68244572E-003
   2458.15272   3.67096379E-003
   2456.81894   3.65956300E-003
   2455.48516   3.64824277E-003
   2454.15138   3.63700252E-003
   2452.81761   3.62584169E-003
   2451.48383   3.61475972E-003
   2450.15005   3.60375604E-003
   2448.81627   3.59283012E-003
   2447.48249   3.58198141E-003
   2446.14872   3.57120936E-003
   2444.81494   3.56051346E-003
   2443.48116   3.54989317E-003
   2442.14738   3.53934799E-003
   2440.81360   3.52887738E-003
   2439.47983   3.51848086E-003
   2438.14605   3.50815791E-003
   2436.81227   3.49790804E-003
   2435.47849   3.48773076E-003
   2434.14471   3.47762558E-003
   2432.81094   3.46759203E-003
   2431.47716   3.45762963E-003
   2430.14338   3.44773791E-003
   2428.80960   3.43791641E-003
   2427.47583   3.42816467E-003
   2426.14205   3.41848224E-003
   2424.80827   3.40886867E-003
   2423.47449   3.39932351E-003
   2422.14071   3.38984634E-003
   2420.80694   3.38043671E-003
   2419.47316   3.37109419E-003
   2418.13938   3.36181837E-003
   2416.80560   3.35260883E-003
   2415.47182   3.34346515E-003
   2414.13805   3.33438692E-003
   2412.80427   3.32537374E-003
   2411.47049   3.31642521E-003
   2410.13671   3.30754094E-003
   2408.80293   3.29872052E-003
   2407.46916   3.28996359E-003
   2406.13538   3.28126975E-003
   2404.80160   3.27263862E-003
   2403.46782   3.26406985E-003
   2402.13404   3.25556304E-003
   2400.80027   3.24711786E-003
   2399.46649   3.23873392E-003
   2398.13271   3.23041088E-003
   2396.79893   3.22214838E-003
   2395.46516   3.21394608E-003
   2394.13138   3.20580363E-003
   2392.79760   3.19772070E-003
   2391.46382   3.18969694E-003
   2390.13004   3.18173203E-003
   2388.79627   3.17382563E-003
   2387.46249   3.16597743E-003
   2386.12871   3.15818710E-003
   2384.79493   3.15045434E-003
   2383.46115   3.14277881E-003
   2382.12738   3.13516023E-003
   2380.79360   3.12759828E-003
   2379.45982   3.12009266E-003
   2378.12604   3.11264307E-003
   2376.79226   3.10524922E-003
   2375.45849   3.09791082E-003
   2374.12471   3.09062759E-003
   2372.79093   3.08339923E-003
   2371.45715   3.07622547E-003
   2370.12337   3.06910604E-003
   2368.78960   3.06204066E-003
   2367.45582   3.05502907E-003
   2366.12204   3.04807099E-003
   2364.78826   3.04116616E-003
   2363.45448   3.03431433E-003
   2362.12071   3.02751524E-003
   2360.78693   3.02076864E-003
   2359.45315   3.01407428E-003
   2358.11937   3.00743190E-003
   2356.78560   3.00084128E-003
   2355.45182   2.99430217E-003
   2354.11804   2.98781434E-003
   2352.78426   2.98137754E-003
   2351.45048   2.97499156E-003
   2350.11671   2.96865617E-003
   2348.78293   2.96237114E-003
   2347.44915   2.95613624E-003
   2346.11537   2.94995128E-003
   2344.78159   2.94381602E-003
   2343.44782   2.93773027E-003
   2342.11404   2.93169380E-003
   2340.78026   2.92570642E-003
   2339.44648   2.91976792E-003
   2338.11270   2.91387811E-003
   2336.77893   2.90803679E-003
   2335.44515   2.90224376E-003
   2334.11137   2.89649884E-003
   2332.77759   2.89080183E-003
   2331.44381   2.88515256E-003
   2330.11004   2.87955084E-003
   2328.77626   2.87399649E-003
   2327.44248   2.86848934E-003
   2326.10870   2.86302921E-003
   2324.77492   2.85761593E-003
   2323.44115   2.85224934E-003
   2322.10737   2.84692927E-003
   2320.77359   2.84165556E-003
   2319.43981   2.83642805E-003
   2318.10604   2.83124658E-003
   2316.77226   2.82611100E-003
   2315.43848   2.82102116E-003
   2314.10470   2.81597692E-003
   2312.77092   2.81097811E-003
   2311.43715   2.80602462E-003
   2310.10337   2.80111628E-003
   2308.76959   2.79625297E-003
   2307.43581   2.79143456E-003
   2306.10203   2.78666090E-003
   2304.76826   2.78193187E-003
   2303.43448   2.77724735E-003
   2302.10070   2.77260721E-003
   2300.76692   2.76801132E-003
   2299.43314   2.76345958E-003
   2298.09937   2.75895186E-003
   2296.76559   2.75448806E-003
   2295.43181   2.75006805E-003
   2294.09803   2.74569174E-003
   2292.76425   2.74135901E-003
   2291.43048   2.73706977E-003
   2290.09670   2.73282392E-003
   2288.76292   2.72862135E-003
   2287.42914   2.72446198E-003
   2286.09537   2.72034570E-003
   2284.76159   2.71627244E-003
   2283.42781   2.71224210E-003
   2282.09403   2.70825460E-003
   2280.76025   2.70430986E-003
   2279.42648   2.70040779E-003
   2278.09270   2.69654833E-003
   2276.75892   2.69273140E-003
   2275.42514   2.68895692E-003
   2274.09136   2.68522483E-003
   2272.75759   2.68153507E-003
   2271.42381   2.67788756E-003
   2270.09003   2.67428225E-003
   2268.75625   2.67071908E-003
   2267.42247   2.66719799E-003
   2266.08870   2.66371893E-003
   2264.75492   2.66028185E-003
   2263.42114   2.65688671E-003
   2262.08736   2.65353345E-003
   2260.75358   2.65022204E-003
   2259.41981   2.64695244E-003
   2258.08603   2.64372460E-003
   2256.75225   2.64053850E-003
   2255.41847   2.63739410E-003
   2254.08469   2.63429137E-003
   2252.75092   2.63123029E-003
   2251.41714   2.62821084E-003
   2250.08336   2.62523298E-003
   2248.74958   2.62229671E-003
   2247.41581   2.61940201E-003
   2246.08203   2.61654886E-003
   2244.74825   2.61373726E-003
   2243.41447   2.61096720E-003
   2242.08069   2.60823867E-003
   2240.74692   2.60555168E-003
   2239.41314   2.60290621E-003
   2238.07936   2.60030229E-003
   2236.74558   2.59773991E-003
   2235.41180   2.59521908E-003
   2234.07803   2.59273982E-003
   2232.74425   2.59030214E-003
   2231.41047   2.58790606E-003
   2230.07669   2.58555159E-003
   2228.74291   2.58323878E-003
   2227.40914   2.58096763E-003
   2226.07536   2.57873819E-003
   2224.74158   2.57655048E-003
   2223.40780   2.57440454E-003
   2222.07402   2.57230041E-003
   2220.74025   2.57023813E-003
   2219.40647   2.56821774E-003
   2218.07269   2.56623930E-003
   2216.73891   2.56430285E-003
   2215.40514   2.56240845E-003
   2214.07136   2.56055616E-003
   2212.73758   2.55874604E-003
   2211.40380   2.55697814E-003
   2210.07002   2.55525254E-003
   2208.73625   2.55356931E-003
   2207.40247   2.55192852E-003
   2206.06869   2.55033025E-003
   2204.73491   2.54877458E-003
   2203.40113   2.54726159E-003
   2202.06736   2.54579136E-003
   2200.73358   2.54436400E-003
   2199.39980   2.54297958E-003
   2198.06602   2.54163822E-003
   2196.73224   2.54034000E-003
   2195.39847   2.53908504E-003
   2194.06469   2.53787344E-003
   2192.73091   2.53670531E-003
   2191.39713   2.53558077E-003
   2190.06335   2.53449994E-003
   2188.72958   2.53346294E-003
   2187.39580   2.53246989E-003
   2186.06202   2.53152092E-003
   2184.72824   2.53061618E-003
   2183.39446   2.52975579E-003
   2182.06069   2.52893991E-003
   2180.72691   2.52816866E-003
   2179.39313   2.52744221E-003
   2178.05935   2.52676071E-003
   2176.72558   2.52612432E-003
   2175.39180   2.52553319E-003
   2174.05802   2.52498749E-003
   2172.72424   2.52448740E-003
   2171.39046   2.52403309E-003
   2170.05669   2.52362474E-003
   2168.72291   2.52326252E-003
   2167.38913   2.52294664E-003
   2166.05535   2.52267728E-003
   2164.72157   2.52245464E-003
   2163.38780   2.52227892E-003
   2162.05402   2.52215032E-003
   2160.72024   2.52206907E-003
   2159.38646   2.52203537E-003
   2158.05268   2.52204945E-003
   2156.71891   2.52211152E-003
   2155.38513   2.52222183E-003
   2154.05135   2.52238061E-003
   2152.71757   2.52258810E-003
   2151.38379   2.52284454E-003
   2150.05002   2.52315019E-003
   2148.71624   2.52350530E-003
   2147.38246   2.52391015E-003
   2146.04868   2.52436498E-003
   2144.71490   2.52487009E-003
   2143.38113   2.52542574E-003
   2142.04735   2.52603223E-003
   2140.71357   2.52668984E-003
   2139.37979   2.52739887E-003
   2138.04602   2.52815963E-003
   2136.71224   2.52897242E-003
   2135.37846   2.52983756E-003
   2134.04468   2.53075537E-003
   2132.71090   2.53172617E-003
   2131.37713   2.53275031E-003
   2130.04335   2.53382813E-003
   2128.70957   2.53495996E-003
   2127.37579   2.53614618E-003
   2126.04201   2.53738713E-003
   2124.70824   2.53868319E-003
   2123.37446   2.54003473E-003
   2122.04068   2.54144214E-003
   2120.70690   2.54290581E-003
   2119.37312   2.54442613E-003
   2118.03935   2.54600352E-003
   2116.70557   2.54763837E-003
   2115.37179   2.54933113E-003
   2114.03801   2.55108221E-003
   2112.70423   2.55289206E-003
   2111.37046   2.55476111E-003
   2110.03668   2.55668984E-003
   2108.70290   2.55867868E-003
   2107.36912   2.56072813E-003
   2106.03535   2.56283866E-003
   2104.70157   2.56501076E-003
   2103.36779   2.56724493E-003
   2102.03401   2.56954168E-003
   2100.70023   2.57190152E-003
   2099.36646   2.57432499E-003
   2098.03268   2.57681262E-003
   2096.69890   2.57936496E-003
   2095.36512   2.58198257E-003
   2094.03134   2.58466602E-003
   2092.69757   2.58741588E-003
   2091.36379   2.59023275E-003
   2090.03001   2.59311723E-003
   2088.69623   2.59606993E-003
   2087.36245   2.59909148E-003
   2086.02868   2.60218250E-003
   2084.69490   2.60534366E-003
   2083.36112   2.60857561E-003
   2082.02734   2.61187901E-003
   2080.69356   2.61525456E-003
   2079.35979   2.61870296E-003
   2078.02601   2.62222492E-003
   2076.69223   2.62582115E-003
   2075.35845   2.62949240E-003
   2074.02467   2.63323943E-003
   2072.69090   2.63706299E-003
   2071.35712   2.64096387E-003
   2070.02334   2.64494286E-003
   2068.68956   2.64900078E-003
   2067.35579   2.65313846E-003
   2066.02201   2.65735672E-003
   2064.68823   2.66165644E-003
   2063.35445   2.66603849E-003
   2062.02067   2.67050376E-003
   2060.68690   2.67505315E-003
   2059.35312   2.67968760E-003
   2058.01934   2.68440805E-003
   2056.68556   2.68921545E-003
   2055.35178   2.69411080E-003
   2054.01801   2.69909508E-003
   2052.68423   2.70416933E-003
   2051.35045   2.70933458E-003
   2050.01667   2.71459188E-003
   2048.68289   2.71994232E-003
   2047.34912   2.72538701E-003
   2046.01534   2.73092705E-003
   2044.68156   2.73656361E-003
   2043.34778   2.74229784E-003
   2042.01400   2.74813094E-003
   2040.68023   2.75406412E-003
   2039.34645   2.76009863E-003
   2038.01267   2.76623571E-003
   2036.67889   2.77247668E-003
   2035.34512   2.77882283E-003
   2034.01134   2.78527551E-003
   2032.67756   2.79183609E-003
   2031.34378   2.79850597E-003
   2030.01000   2.80528658E-003
   2028.67623   2.81217935E-003
   2027.34245   2.81918579E-003
   2026.00867   2.82630740E-003
   2024.67489   2.83354573E-003
   2023.34111   2.84090235E-003
   2022.00734   2.84837889E-003
   2020.67356   2.85597698E-003
   2019.33978   2.86369829E-003
   2018.00600   2.87154456E-003
   2016.67222   2.87951752E-003
   2015.33845   2.88761896E-003
   2014.00467   2.89585070E-003
   2012.67089   2.90421462E-003
   2011.33711   2.91271261E-003
   2010.00333   2.92134662E-003
   2008.66956   2.93011864E-003
   2007.33578   2.93903069E-003
   2006.00200   2.94808485E-003
   2004.66822   2.95728324E-003
   2003.33444   2.96662802E-003
   2002.00067   2.97612141E-003
   2000.66689   2.98576567E-003
   1999.33311   2.99556311E-003
   1997.99933   3.00551609E-003
   1996.66556   3.01562704E-003
   1995.33178   3.02589842E-003
   1993.99800   3.03633276E-003
   1992.66422   3.04693265E-003
   1991.33044   3.05770073E-003
   1989.99667   3.06863969E-003
   1988.66289   3.07975232E-003
   1987.32911   3.09104143E-003
   1985.99533   3.10250993E-003
   1984.66155   3.11416077E-003
   1983.32778   3.12599699E-003
   1981.99400   3.13802169E-003
   1980.66022   3.15023805E-003
   1979.32644   3.16264933E-003
   1977.99266   3.17525885E-003
   1976.65889   3.18807002E-003
   1975.32511   3.20108634E-003
   1973.99133   3.21431138E-003
   1972.65755   3.22774881E-003
   1971.32377   3.24140238E-003
   1969.99000   3.25527594E-003
   1968.65622   3.26937344E-003
   1967.32244   3.28369890E-003
   1965.98866   3.29825648E-003
   1964.65488   3.31305041E-003
   1963.32111   3.32808506E-003
   1961.98733   3.34336487E-003
   1960.65355   3.35889444E-003
   1959.31977   3.37467845E-003
   1957.98600   3.39072172E-003
   1956.65222   3.40702920E-003
   1955.31844   3.42360594E-003
   1953.98466   3.44045716E-003
   1952.65088   3.45758819E-003
   1951.31711   3.47500452E-003
   1949.98333   3.49271178E-003
   1948.64955   3.51071574E-003
   1947.31577   3.52902234E-003
   1945.98199   3.54763769E-003
   1944.64822   3.56656804E-003
   1943.31444   3.58581984E-003
   1941.98066   3.60539969E-003
   1940.64688   3.62531440E-003
   1939.31310   3.64557096E-003
   1937.97933   3.66617656E-003
   1936.64555   3.68713858E-003
   1935.31177   3.70846463E-003
   1933.97799   3.73016253E-003
   1932.64421   3.75224033E-003
   1931.31044   3.77470631E-003
   1929.97666   3.79756899E-003
   1928.64288   3.82083714E-003
   1927.30910   3.84451981E-003
   1925.97533   3.86862629E-003
   1924.64155   3.89316618E-003
   1923.30777   3.91814935E-003
   1921.97399   3.94358597E-003
   1920.64021   3.96948653E-003
   1919.30644   3.99586185E-003
   1917.97266   4.02272307E-003
   1916.63888   4.05008170E-003
   1915.30510   4.07794959E-003
   1913.97132   4.10633898E-003
   1912.63755   4.13526251E-003
   1911.30377   4.16473321E-003
   1909.96999   4.19476454E-003
   1908.63621   4.22537039E-003
   1907.30243   4.25656514E-003
   1905.96866   4.28836361E-003
   1904.63488   4.32078114E-003
   1903.30110   4.35383357E-003
   1901.96732   4.38753728E-003
   1900.63354   4.42190924E-003
   1899.29977   4.45696696E-003
   1897.96599   4.49272859E-003
   1896.63221   4.52921290E-003
   1895.29843   4.56643933E-003
   1893.96465   4.60442801E-003
   1892.63088   4.64319980E-003
   1891.29710   4.68277630E-003
   1889.96332   4.72317990E-003
   1888.62954   4.76443383E-003
   1887.29577   4.80656215E-003
   1885.96199   4.84958986E-003
   1884.62821   4.89354287E-003
   1883.29443   4.93844809E-003
   1881.96065   4.98433346E-003
   1880.62688   5.03122800E-003
   1879.29310   5.07916186E-003
   1877.95932   5.12816639E-003
   1876.62554   5.17827418E-003
   1875.29176   5.22951911E-003
   1873.95799   5.28193646E-003
   1872.62421   5.33556293E-003
   1871.29043   5.39043674E-003
   1869.95665   5.44659772E-003
   1868.62287   5.50408733E-003
   1867.28910   5.56294884E-003
   1865.95532   5.62322733E-003
   1864.62154   5.68496986E-003
   1863.28776   5.74822553E-003
   1861.95398   5.81304561E-003
   1860.62021   5.87948367E-003
   1859.28643   5.94759568E-003
   1857.95265   6.01744014E-003
   1856.61887   6.08907828E-003
   1855.28510   6.16257414E-003
   1853.95132   6.23799477E-003
   1852.61754   6.31541044E-003
   1851.28376   6.39489474E-003
   1849.94998   6.47652486E-003
   1848.61621   6.56038179E-003
   1847.28243   6.64655050E-003
   1845.94865   6.73512025E-003
   1844.61487   6.82618483E-003
   1843.28109   6.91984285E-003
   1841.94732   7.01619801E-003
   1840.61354   7.11535951E-003
   1839.27976   7.21744234E-003
   1837.94598   7.32256768E-003
   1836.61220   7.43086333E-003
   1835.27843   7.54246415E-003
   1833.94465   7.65751252E-003
   1832.61087   7.77615893E-003
   1831.27709   7.89856246E-003
   1829.94331   8.02489147E-003
   1828.60954   8.15532424E-003
   1827.27576   8.29004969E-003
   1825.94198   8.42926819E-003
   1824.60820   8.57319241E-003
   1823.27442   8.72204827E-003
   1821.94065   8.87607594E-003
   1820.60687   9.03553101E-003
   1819.27309   9.20068567E-003
   1817.93931   9.37183009E-003
   1816.60554   9.54927389E-003
   1815.27176   9.73334773E-003
   1813.93798   9.92440516E-003
   1812.60420   1.01228245E-002
   1811.27042   1.03290112E-002
   1809.93665   1.05433999E-002
   1808.60287   1.07664575E-002
   1807.26909   1.09986858E-002
   1805.93531   1.12406248E-002
   1804.60153   1.14928566E-002
   1803.26776   1.17560091E-002
   1801.93398   1.20307608E-002
   1800.60020   1.23178459E-002
   1799.26642   1.26180596E-002
   1797.93264   1.29322649E-002
   1796.59887   1.32613997E-002
   1795.26509   1.36064847E-002
   1793.93131   1.39686329E-002
   1792.59753   1.43490595E-002
   1791.26375   1.47490943E-002
   1789.92998   1.51701946E-002
   1788.59620   1.56139610E-002
   1787.26242   1.60821546E-002
   1785.92864   1.65767172E-002
   1784.59486   1.70997951E-002
   1783.26109   1.76537651E-002
   1781.92731   1.82412663E-002
   1780.59353   1.88652359E-002
   1779.25975   1.95289517E-002
   1777.92598   2.02360815E-002
   1776.59220   2.09907414E-002
   1775.25842   2.17975642E-002
   1773.92464   2.26617816E-002
   1772.59086   2.35893206E-002
   1771.25709   2.45869205E-002
   1769.92331   2.56622723E-002
   1768.58953   2.68241883E-002
   1767.25575   2.80828077E-002
   1765.92197   2.94498488E-002
   1764.58820   3.09389193E-002
   1763.25442   3.25659006E-002
   1761.92064   3.43494289E-002
   1760.58686   3.63114989E-002
   1759.25308   3.84782314E-002
   1757.91931   4.08808547E-002
   1756.58553   4.35569733E-002
   1755.25175   4.65522237E-002
   1753.91797   4.99224590E-002
   1752.58419   5.37366673E-002
   1751.25042   5.80809179E-002
   1749.91664   6.30637744E-002
   1748.58286   6.88238305E-002
   1747.24908   7.55403757E-002
   1745.91531   8.34487603E-002
   1744.58153   9.28629606E-002
   1743.24775   1.04209413E-001
   1741.91397   1.18078884E-001
   1740.58019   1.35307849E-001
   1739.24642   1.57109196E-001
   1737.91264   1.85286717E-001
   1736.57886   2.22592431E-001
   1735.24508   2.73320442E-001
   1733.91130   3.44245045E-001
   1732.57753   4.45811109E-001
   1731.24375   5.92180571E-001
   1729.90997   7.93412351E-001
   1728.57619   1.02275121E+000
   1727.24241   1.17361735E+000
   1725.90864   1.15350843E+000
   1724.57486   1.04539429E+000
   1723.24108   9.83480688E-001
   1721.90730   1.02828678E+000
   1720.57352   1.19472356E+000
   1719.23975   1.45660374E+000
   1717.90597   1.67782249E+000
   1716.57219   1.64297550E+000
   1715.23841   1.35352997E+000
   1713.90463   1.01692255E+000
   1712.57086   7.51973326E-001
   1711.23708   5.68043200E-001
   1709.90330   4.43735443E-001
   1708.56952   3.59113027E-001
   1707.23575   3.00648536E-001
   1705.90197   2.59833370E-001
   1704.56819   2.31395654E-001
   1703.23441   2.12079011E-001
   1701.90063   1.99910127E-001
   1700.56686   1.93784679E-001
   1699.23308   1.93254574E-001
   1697.89930   1.98454922E-001
   1696.56552   2.10151106E-001
   1695.23174   2.29922404E-001
   1693.89797   2.60538416E-001
   1692.56419   3.06630146E-001
   1691.23041   3.75765890E-001
   1689.89663   4.79745523E-001
   1688.56285   6.34119268E-001
   1687.22908   8.46895953E-001
   1685.89530   1.07589064E+000
   1684.56152   1.18382905E+000
   1683.22774   1.07144957E+000
   1681.89396   8.43556966E-001
   1680.56019   6.34937239E-001
   1679.22641   4.85045258E-001
   1677.89263   3.85208044E-001
   1676.55885   3.19988581E-001
   1675.22508   2.77821177E-001
   1673.89130   2.51353536E-001
   1672.55752   2.36152836E-001
   1671.22374   2.29653905E-001
   1669.88996   2.30514326E-001
   1668.55619   2.38266667E-001
   1667.22241   2.53171136E-001
   1665.88863   2.76219881E-001
   1664.55485   3.09287889E-001
   1663.22107   3.55468852E-001
   1661.88730   4.19690351E-001
   1660.55352   5.09785250E-001
   1659.21974   6.38305371E-001
   1657.88596   8.25391294E-001
   1656.55218   1.10229447E+000
   1655.21841   1.51066395E+000
   1653.88463   2.07485617E+000
   1652.55085   2.69268906E+000
   1651.21707   3.00632448E+000
   1649.88329   2.72844009E+000
   1648.54952   2.11814814E+000
   1647.21574   1.54643332E+000
   1645.88196   1.12992184E+000
   1644.54818   8.48145149E-001
   1643.21440   6.59460263E-001
   1641.88063   5.32182343E-001
   1640.54685   4.46110764E-001
   1639.21307   3.89157108E-001
   1637.87929   3.54597861E-001
   1636.54552   3.39528342E-001
   1635.21174   3.44278844E-001
   1633.87796   3.72460725E-001
   1632.54418   4.30707465E-001
   1631.21040   5.24238640E-001
   1629.87663   6.37752268E-001
   1628.54285   7.05363150E-001
   1627.20907   6.57002178E-001
   1625.87529   5.29311470E-001
   1624.54151   4.02119252E-001
   1623.20774   3.06307759E-001
   1621.87396   2.39718817E-001
   1620.54018   1.93700718E-001
   1619.20640   1.61263259E-001
   1617.87262   1.37805071E-001
   1616.53885   1.20435322E-001
   1615.20507   1.07340808E-001
   1613.87129   9.73741019E-002
   1612.53751   8.98085940E-002
   1611.20373   8.41983003E-002
   1609.86996   8.03027361E-002
   1608.53618   7.80560782E-002
   1607.20240   7.75733038E-002
   1605.86862   7.91966420E-002
   1604.53484   8.35939742E-002
   1603.20107   9.19150609E-002
   1601.86729   1.05924994E-001
   1600.53351   1.27597099E-001
   1599.19973   1.56276385E-001
   1597.86596   1.81274258E-001
   1596.53218   1.82293210E-001
   1595.19840   1.56808869E-001
   1593.86462   1.24438984E-001
   1592.53084   9.81222902E-002
   1591.19707   7.95226593E-002
   1589.86329   6.67353580E-002
   1588.52951   5.78305298E-002
   1587.19573   5.14750454E-002
   1585.86195   4.68246561E-002
   1584.52818   4.33518033E-002
   1583.19440   4.07238375E-002
   1581.86062   3.87285200E-002
   1580.52684   3.72301807E-002
   1579.19306   3.61442822E-002
   1577.85929   3.54231071E-002
   1576.52551   3.50486154E-002
   1575.19173   3.50306263E-002
   1573.85795   3.54099682E-002
   1572.52417   3.62676337E-002
   1571.19040   3.77427112E-002
   1569.85662   4.00643944E-002
   1568.52284   4.36065695E-002
   1567.18906   4.89736107E-002
   1565.85529   5.71007734E-002
   1564.52151   6.92028822E-002
   1563.18773   8.58329161E-002
   1561.85395   1.03447743E-001
   1560.52017   1.11156790E-001
   1559.18640   1.01776843E-001
   1557.85262   8.39370948E-002
   1556.51884   6.78684238E-002
   1555.18506   5.63889834E-002
   1553.85128   4.87617759E-002
   1552.51751   4.37908492E-002
   1551.18373   4.05899545E-002
   1549.84995   3.85968342E-002
   1548.51617   3.74724537E-002
   1547.18239   3.70211301E-002
   1545.84862   3.71426816E-002
   1544.51484   3.78084642E-002
   1543.18106   3.90549446E-002
   1541.84728   4.09929454E-002
   1540.51350   4.38348356E-002
   1539.17973   4.79435067E-002
   1537.84595   5.38933052E-002
   1536.51217   6.24461011E-002
   1535.17839   7.40053945E-002
   1533.84461   8.65534562E-002
   1532.51084   9.34742667E-002
   1531.17706   8.99868110E-002
   1529.84328   8.12005814E-002
   1528.50950   7.37015562E-002
   1527.17573   6.94754326E-002
   1525.84195   6.81945422E-002
   1524.50817   6.92297400E-002
   1523.17439   7.21764476E-002
   1521.84061   7.68861035E-002
   1520.50684   8.34253372E-002
   1519.17306   9.20581451E-002
   1517.83928   1.03266058E-001
   1516.50550   1.17812917E-001
   1515.17172   1.36870255E-001
   1513.83795   1.62236916E-001
   1512.50417   1.96713530E-001
   1511.17039   2.44725243E-001
   1509.83661   3.13275066E-001
   1508.50283   4.12979134E-001
   1507.16906   5.57141618E-001
   1505.83528   7.50863398E-001
   1504.50150   9.57928645E-001
   1503.16772   1.08086051E+000
   1501.83394   1.05323671E+000
   1500.50017   9.42230129E-001
   1499.16639   8.48605026E-001
   1497.83261   7.78262994E-001
   1496.49883   6.78305639E-001
   1495.16506   5.49277077E-001
   1493.83128   4.35249350E-001
   1492.49750   3.56050977E-001
   1491.16372   3.09542244E-001
   1489.82994   2.89014276E-001
   1488.49617   2.86444568E-001
   1487.16239   2.88537615E-001
   1485.82861   2.83600959E-001
   1484.49483   2.78248990E-001
   1483.16105   2.87503888E-001
   1481.82728   3.20374164E-001
   1480.49350   3.78461194E-001
   1479.15972   4.46590096E-001
   1477.82594   4.83206660E-001
   1476.49216   4.65639284E-001
   1475.15839   4.32244773E-001
   1473.82461   4.26684010E-001
   1472.49083   4.66501642E-001
   1471.15705   5.50491696E-001
   1469.82327   6.44115846E-001
   1468.48950   6.66313832E-001
   1467.15572   5.78322553E-001
   1465.82194   4.45990157E-001
   1464.48816   3.32123680E-001
   1463.15438   2.50421743E-001
   1461.82061   1.94357254E-001
   1460.48683   1.55632561E-001
   1459.15305   1.28252195E-001
   1457.81927   1.08363316E-001
   1456.48550   9.35395512E-002
   1455.15172   8.22354325E-002
   1453.81794   7.34446267E-002
   1452.48416   6.64953747E-002
   1451.15038   6.09281848E-002
   1449.81661   5.64215954E-002
   1448.48283   5.27461598E-002
   1447.14905   4.97352795E-002
   1445.81527   4.72663137E-002
   1444.48149   4.52481045E-002
   1443.14772   4.36126052E-002
   1441.81394   4.23092047E-002
   1440.48016   4.13008739E-002
   1439.14638   4.05615940E-002
   1437.81260   4.00747339E-002
   1436.47883   3.98321888E-002
   1435.14505   3.98341992E-002
   1433.81127   4.00898681E-002
   1432.47749   4.06184990E-002
   1431.14371   4.14520236E-002
   1429.80994   4.26390028E-002
   1428.47616   4.42510443E-002
   1427.14238   4.63930915E-002
   1425.80860   4.92201087E-002
   1424.47482   5.29645267E-002
   1423.14105   5.79817515E-002
   1421.80727   6.48244400E-002
   1420.47349   7.43533231E-002
   1419.13971   8.78468034E-002
   1417.80594   1.06837133E-001
   1416.47216   1.31667704E-001
   1415.13838   1.57688947E-001
   1413.80460   1.75897505E-001
   1412.47082   1.87643844E-001
   1411.13705   2.05114747E-001
   1409.80327   2.30216557E-001
   1408.46949   2.44334181E-001
   1407.13571   2.28329807E-001
   1405.80193   1.94076347E-001
   1404.46816   1.63173647E-001
   1403.13438   1.43238803E-001
   1401.80060   1.33574573E-001
   1400.46682   1.32287646E-001
   1399.13304   1.38423270E-001
   1397.79927   1.52306577E-001
   1396.46549   1.75691032E-001
   1395.13171   2.12075055E-001
   1393.79793   2.66870626E-001
   1392.46415   3.45431807E-001
   1391.13038   4.42782465E-001
   1389.79660   5.23623957E-001
   1388.46282   5.41456596E-001
   1387.12904   5.14885410E-001
   1385.79527   5.04666727E-001
   1384.46149   5.43007560E-001
   1383.12771   6.23153443E-001
   1381.79393   6.88052595E-001
   1380.46015   6.57148315E-001
   1379.12638   5.39608751E-001
   1377.79260   4.12539218E-001
   1376.45882   3.15146698E-001
   1375.12504   2.48673894E-001
   1373.79126   2.04832605E-001
   1372.45749   1.76431734E-001
   1371.12371   1.58831292E-001
   1369.78993   1.49419273E-001
   1368.45615   1.47066117E-001
   1367.12237   1.51859058E-001
   1365.78860   1.65027878E-001
   1364.45482   1.88585894E-001
   1363.12104   2.22943303E-001
   1361.78726   2.59457232E-001
   1360.45348   2.76384488E-001
   1359.11971   2.65059551E-001
   1357.78593   2.46721542E-001
   1356.45215   2.40954493E-001
   1355.11837   2.50684015E-001
   1353.78459   2.65023375E-001
   1352.45082   2.69278545E-001
   1351.11704   2.67531010E-001
   1349.78326   2.76512747E-001
   1348.44948   3.01851855E-001
   1347.11571   3.28208392E-001
   1345.78193   3.25859608E-001
   1344.44815   2.90966846E-001
   1343.11437   2.50126026E-001
   1341.78059   2.20426364E-001
   1340.44682   2.03862709E-001
   1339.11304   1.97925744E-001
   1337.77926   2.00349552E-001
   1336.44548   2.09951865E-001
   1335.11170   2.26547493E-001
   1333.77793   2.50838399E-001
   1332.44415   2.84460647E-001
   1331.11037   3.30236695E-001
   1329.77659   3.92706292E-001
   1328.44281   4.79084699E-001
   1327.10904   6.00895959E-001
   1325.77526   7.76541610E-001
   1324.44148   1.03436523E+000
   1323.10770   1.41168634E+000
   1321.77392   1.93080825E+000
   1320.44015   2.51603821E+000
   1319.10637   2.90340349E+000
   1317.77259   2.80182882E+000
   1316.43881   2.28467379E+000
   1315.10504   1.70127828E+000
   1313.77126   1.24603898E+000
   1312.43748   9.32735180E-001
   1311.10370   7.23905656E-001
   1309.76992   5.85163318E-001
   1308.43615   4.93638847E-001
   1307.10237   4.35652351E-001
   1305.76859   4.03850625E-001
   1304.43481   3.95516923E-001
   1303.10103   4.11991330E-001
   1301.76726   4.58751962E-001
   1300.43348   5.44509181E-001
   1299.09970   6.72830637E-001
   1297.76592   8.12403372E-001
   1296.43214   8.68778935E-001
   1295.09837   7.79314644E-001
   1293.76459   6.17853970E-001
   1292.43081   4.72443090E-001
   1291.09703   3.67271106E-001
   1289.76325   2.95838599E-001
   1288.42948   2.47692380E-001
   1287.09570   2.15067747E-001
   1285.76192   1.93008565E-001
   1284.42814   1.78490322E-001
   1283.09436   1.69720914E-001
   1281.76059   1.65713296E-001
   1280.42681   1.66055541E-001
   1279.09303   1.70815721E-001
   1277.75925   1.80552633E-001
   1276.42548   1.96434841E-001
   1275.09170   2.20502270E-001
   1273.75792   2.56137569E-001
   1272.42414   3.08815661E-001
   1271.09036   3.86968779E-001
   1269.75659   5.01462430E-001
   1268.42281   6.57256212E-001
   1267.08903   8.24944592E-001
   1265.75525   9.21556222E-001
   1264.42147   9.09869665E-001
   1263.08770   8.72829615E-001
   1261.75392   8.77021794E-001
   1260.42014   8.84599147E-001
   1259.08636   8.09731108E-001
   1257.75258   6.58586748E-001
   1256.41881   5.07445760E-001
   1255.08503   3.93274797E-001
   1253.75125   3.14993452E-001
   1252.41747   2.62615768E-001
   1251.08369   2.27779013E-001
   1249.74992   2.04973875E-001
   1248.41614   1.90823069E-001
   1247.08236   1.83349845E-001
   1245.74858   1.81509368E-001
   1244.41480   1.84937284E-001
   1243.08103   1.93853989E-001
   1241.74725   2.09095835E-001
   1240.41347   2.32281057E-001
   1239.07969   2.66158838E-001
   1237.74592   3.15240946E-001
   1236.41214   3.86862987E-001
   1235.07836   4.92733786E-001
   1233.74458   6.50119039E-001
   1232.41080   8.77365265E-001
   1231.07703   1.16520017E+000
   1229.74325   1.40696672E+000
   1228.40947   1.41754649E+000
   1227.07569   1.19346532E+000
   1225.74191   9.20099366E-001
   1224.40814   7.09482058E-001
   1223.07436   5.74977448E-001
   1221.74058   5.01966506E-001
   1220.40680   4.77780272E-001
   1219.07302   4.94273431E-001
   1217.73925   5.37155111E-001
   1216.40547   5.72748142E-001
   1215.07169   5.75485071E-001
   1213.73791   5.67349815E-001
   1212.40413   5.65848703E-001
   1211.07036   5.43331546E-001
   1209.73658   4.82732174E-001
   1208.40280   4.14659746E-001
   1207.06902   3.66979524E-001
   1205.73525   3.45735317E-001
   1204.40147   3.49632693E-001
   1203.06769   3.79010397E-001
   1201.73391   4.38625233E-001
   1200.40013   5.38933304E-001
   1199.06636   6.95875941E-001
   1197.73258   9.21422012E-001
   1196.39880   1.18376741E+000
   1195.06502   1.35128371E+000
   1193.73124   1.29880664E+000
   1192.39747   1.10593932E+000
   1191.06369   8.98596492E-001
   1189.72991   7.05869159E-001
   1188.39613   5.39390563E-001
   1187.06235   4.12652536E-001
   1185.72858   3.22994463E-001
   1184.39480   2.60575082E-001
   1183.06102   2.16730968E-001
   1181.72724   1.85554557E-001
   1180.39346   1.63319163E-001
   1179.05969   1.47769167E-001
   1177.72591   1.37654157E-001
   1176.39213   1.32495551E-001
   1175.05835   1.32535626E-001
   1173.72457   1.38819042E-001
   1172.39080   1.53224877E-001
   1171.05702   1.77588492E-001
   1169.72324   2.09240100E-001
   1168.38946   2.32048736E-001
   1167.05569   2.23710722E-001
   1165.72191   1.89128529E-001
   1164.38813   1.51707377E-001
   1163.05435   1.22780020E-001
   1161.72057   1.02635464E-001
   1160.38680   8.88680761E-002
   1159.05302   7.93832614E-002
   1157.71924   7.27852684E-002
   1156.38546   6.82052481E-002
   1155.05168   6.51134865E-002
   1153.71791   6.31949088E-002
   1152.38413   6.22765523E-002
   1151.05035   6.22892126E-002
   1149.71657   6.32519870E-002
   1148.38279   6.52748654E-002
   1147.04902   6.85798999E-002
   1145.71524   7.35470696E-002
   1144.38146   8.07981781E-002
   1143.04768   9.13410899E-002
   1141.71390   1.06798385E-001
   1140.38013   1.29684183E-001
   1139.04635   1.63322882E-001
   1137.71257   2.09556279E-001
   1136.37879   2.59987833E-001
   1135.04502   2.86620873E-001
   1133.71124   2.69156643E-001
   1132.37746   2.29628420E-001
   1131.04368   1.95827576E-001
   1129.70990   1.73083209E-001
   1128.37613   1.54668938E-001
   1127.04235   1.37621258E-001
   1125.70857   1.24774890E-001
   1124.37479   1.17746762E-001
   1123.04101   1.16189245E-001
   1121.70724   1.19529399E-001
   1120.37346   1.27698408E-001
   1119.03968   1.41312518E-001
   1117.70590   1.61830393E-001
   1116.37212   1.91882972E-001
   1115.03835   2.35879462E-001
   1113.70457   3.00900126E-001
   1112.37079   3.97271124E-001
   1111.03701   5.35448115E-001
   1109.70323   7.09019719E-001
   1108.36946   8.61594207E-001
   1107.03568   9.04479620E-001
   1105.70190   8.11021002E-001
   1104.36812   6.42031107E-001
   1103.03434   4.79385514E-001
   1101.70057   3.57554499E-001
   1100.36679   2.73874943E-001
   1099.03301   2.17185740E-001
   1097.69923   1.78289268E-001
   1096.36546   1.51087135E-001
   1095.03168   1.31737934E-001
   1093.69790   1.17826767E-001
   1092.36412   1.07815506E-001
   1091.03034   1.00710512E-001
   1089.69657   9.58658157E-002
   1088.36279   9.28667400E-002
   1087.02901   9.14616724E-002
   1085.69523   9.15240119E-002
   1084.36145   9.30349257E-002
   1083.02768   9.60830950E-002
   1081.69390   1.00881983E-001
   1080.36012   1.07809799E-001
   1079.02634   1.17483744E-001
   1077.69256   1.30889890E-001
   1076.35879   1.49603065E-001
   1075.02501   1.76134332E-001
   1073.69123   2.14357397E-001
   1072.35745   2.69427965E-001
   1071.02367   3.44479048E-001
   1069.68990   4.27642265E-001
   1068.35612   4.77086421E-001
   1067.02234   4.60386048E-001
   1065.68856   4.10086063E-001
   1064.35478   3.71848374E-001
   1063.02101   3.62465274E-001
   1061.68723   3.84704341E-001
   1060.35345   4.42035635E-001
   1059.01967   5.43594083E-001
   1057.68590   7.03546194E-001
   1056.35212   9.27483756E-001
   1055.01834   1.16478625E+000
   1053.68456   1.26623714E+000
   1052.35078   1.13841475E+000
   1051.01701   9.01547991E-001
   1049.68323   6.92861382E-001
   1048.34945   5.49803884E-001
   1047.01567   4.63678062E-001
   1045.68189   4.21117460E-001
   1044.34812   4.14643621E-001
   1043.01434   4.42923396E-001
   1041.68056   5.06375966E-001
   1040.34678   5.91945151E-001
   1039.01300   6.48582022E-001
   1037.67923   6.19006599E-001
   1036.34545   5.27914449E-001
   1035.01167   4.38229460E-001
   1033.67789   3.75917751E-001
   1032.34411   3.40339944E-001
   1031.01034   3.25588028E-001
   1029.67656   3.27378290E-001
   1028.34278   3.43909154E-001
   1027.00900   3.75650363E-001
   1025.67523   4.25358452E-001
   1024.34145   4.98614833E-001
   1023.00767   6.05060745E-001
   1021.67389   7.60463006E-001
   1020.34011   9.88976092E-001
   1019.00634   1.32070767E+000
   1017.67256   1.76508024E+000
   1016.33878   2.22919873E+000
   1015.00500   2.48400012E+000
   1013.67122   2.44552751E+000
   1012.33745   2.34242517E+000
   1011.00367   2.37393530E+000
   1009.66989   2.47186141E+000
   1008.33611   2.36570282E+000
   1007.00233   1.97142394E+000
   1005.66856   1.50968295E+000
   1004.33478   1.14529299E+000
   1003.00100   9.00712480E-001
   1001.66722   7.47991739E-001
   1000.33344   6.48392732E-001
    998.99967   5.60168585E-001
    997.66589   4.66445087E-001
    996.33211   3.80713026E-001
    994.99833   3.13149321E-001
    993.66455   2.62800197E-001
    992.33078   2.25505135E-001
    990.99700   1.97721562E-001
    989.66322   1.77018468E-001
    988.32944   1.61519959E-001
    986.99567   1.48925422E-001
    985.66189   1.36625557E-001
    984.32811   1.24161136E-001
    982.99433   1.12940096E-001
    981.66055   1.03668910E-001
    980.32678   9.61973600E-002
    978.99300   9.01750860E-002
    977.65922   8.53080795E-002
    976.32544   8.13900856E-002
    974.99166   7.82845806E-002
    973.65789   7.59061509E-002
    972.32411   7.42086967E-002
    970.99033   7.31797042E-002
    969.65655   7.28393531E-002
    968.32277   7.32440587E-002
    966.98900   7.44950718E-002
    965.65522   7.67539961E-002
    964.32144   8.02689013E-002
    962.98766   8.54177128E-002
    961.65388   9.27807172E-002
    960.32011   1.03262553E-001
    958.98633   1.18295675E-001
    957.65255   1.40159670E-001
    956.31877   1.72369435E-001
    954.98499   2.19583442E-001
    953.65122   2.84508102E-001
    952.31744   3.55914248E-001
    950.98366   3.95364735E-001
    949.64988   3.74190409E-001
    948.31611   3.22969956E-001
    946.98233   2.83227958E-001
    945.64855   2.70211842E-001
    944.31477   2.85346227E-001
    942.98099   3.23257366E-001
    941.64722   3.61341469E-001
    940.31344   3.59930102E-001
    938.97966   3.12155280E-001
    937.64588   2.53512507E-001
    936.31210   2.08240722E-001
    934.97833   1.79816280E-001
    933.64455   1.65276927E-001
    932.31077   1.62064232E-001
    930.97699   1.69452600E-001
    929.64321   1.88607328E-001
    928.30944   2.21952362E-001
    926.97566   2.69681078E-001
    925.64188   3.19233881E-001
    924.30810   3.39751524E-001
    922.97432   3.18588009E-001
    921.64055   2.84035413E-001
    920.30677   2.62155620E-001
    918.97299   2.60445353E-001
    917.63921   2.80034103E-001
    916.30544   3.23631162E-001
    914.97166   3.98323966E-001
    913.63788   5.16629969E-001
    912.30410   6.93430986E-001
    910.97032   9.24993521E-001
    909.63655   1.13249821E+000
    908.30277   1.15896140E+000
    906.96899   9.76379351E-001
    905.63521   7.34293235E-001
    904.30143   5.36739255E-001
    902.96766   3.98782370E-001
    901.63388   3.06183349E-001
    900.30010   2.44123025E-001
    898.96632   2.02494211E-001
    897.63254   1.75218973E-001
    896.29877   1.59028983E-001
    894.96499   1.52619502E-001
    893.63121   1.55823772E-001
    892.29743   1.67373559E-001
    890.96365   1.79328550E-001
    889.62988   1.75928773E-001
    888.29610   1.53039213E-001
    886.96232   1.24618097E-001
    885.62854   1.01065026E-001
    884.29476   8.39581987E-002
    882.96099   7.18303614E-002
    881.62721   6.31170981E-002
    880.29343   5.67180467E-002
    878.95965   5.19281019E-002
    877.62588   4.83036001E-002
    876.29210   4.55661354E-002
    874.95832   4.35444923E-002
    873.62454   4.21426312E-002
    872.29076   4.13251666E-002
    870.95699   4.11163213E-002
    869.62321   4.16112722E-002
    868.28943   4.29965926E-002
    866.95565   4.55519405E-002
    865.62187   4.94980247E-002
    864.28810   5.43212988E-002
    862.95432   5.77263309E-002
    861.62054   5.73218246E-002
    860.28676   5.45028885E-002
    858.95298   5.21529281E-002
    857.61921   5.14491040E-002
    856.28543   5.24571373E-002
    854.95165   5.50764547E-002
    853.61787   5.93496742E-002
    852.28409   6.55302546E-002
    850.95032   7.41286183E-002
    849.61654   8.60059954E-002
    848.28276   1.02554820E-001
    846.94898   1.26016043E-001
    845.61521   1.59991558E-001
    844.28143   2.10099459E-001
    842.94765   2.83989165E-001
    841.61387   3.86919256E-001
    840.28009   5.03039728E-001
    838.94632   5.69393717E-001
    837.61254   5.27051356E-001
    836.27876   4.17011542E-001
    834.94498   3.10643366E-001
    833.61120   2.33121469E-001
    832.27743   1.81816464E-001
    830.94365   1.49289795E-001
    829.60987   1.29974240E-001
    828.27609   1.20764196E-001
    826.94231   1.20555987E-001
    825.60854   1.29763262E-001
    824.27476   1.49161692E-001
    822.94098   1.75669870E-001
    821.60720   1.94776336E-001
    820.27342   1.88396415E-001
    818.93965   1.62730500E-001
    817.60587   1.38056262E-001
    816.27209   1.24261799E-001
    814.93831   1.22815809E-001
    813.60453   1.32415874E-001
    812.27076   1.46962843E-001
    810.93698   1.51383117E-001
    809.60320   1.35115109E-001
    808.26942   1.08399684E-001
    806.93565   8.44104121E-002
    805.60187   6.68222832E-002
    804.26809   5.45920470E-002
    802.93431   4.60574486E-002
    801.60053   3.99724147E-002
    800.26676   3.55268177E-002
    798.93298   3.22083148E-002
    797.59920   2.96902414E-002
    796.26542   2.77602667E-002
    794.93164   2.62775114E-002
    793.59787   2.51469250E-002
    792.26409   2.43038063E-002
    790.93031   2.37043148E-002
    789.59653   2.33195985E-002
    788.26275   2.31321821E-002
    786.92898   2.31338370E-002
    785.59520   2.33244998E-002
    784.26142   2.37120155E-002
    782.92764   2.43126331E-002
    781.59386   2.51523041E-002
    780.26009   2.62689686E-002
    778.92631   2.77161856E-002
    777.59253   2.95687227E-002
    776.25875   3.19311384E-002
    774.92497   3.49510919E-002
    773.59120   3.88403376E-002
    772.25742   4.39085126E-002
    770.92364   5.06186260E-002
    769.58986   5.96796673E-002
    768.25609   7.22016128E-002
    766.92231   8.99463014E-002
    765.58853   1.15676991E-001
    764.25475   1.53356713E-001
    762.92097   2.06794603E-001
    761.58720   2.72347493E-001
    760.25342   3.24449495E-001
    758.91964   3.28500875E-001
    757.58586   2.94965451E-001
    756.25208   2.61209324E-001
    754.91831   2.36585448E-001
    753.58453   2.07430232E-001
    752.25075   1.71148247E-001
    750.91697   1.39081622E-001
    749.58319   1.17299713E-001
    748.24942   1.05585249E-001
    746.91564   1.02622004E-001
    745.58186   1.08133128E-001
    744.24808   1.23358346E-001
    742.91430   1.50862173E-001
    741.58053   1.92289559E-001
    740.24675   2.39725332E-001
    738.91297   2.64564690E-001
    737.57919   2.41792426E-001
    736.24542   1.90719410E-001
    734.91164   1.42132902E-001
    733.57786   1.06291838E-001
    732.24408   8.16968291E-002
    730.91030   6.48912870E-002
    729.57653   5.31924500E-002
    728.24275   4.48536630E-002
    726.90897   3.87817990E-002
    725.57519   3.42929501E-002
    724.24141   3.09562575E-002
    722.90764   2.85020388E-002
    721.57386   2.67704216E-002
    720.24008   2.56858640E-002
    718.90630   2.52496428E-002
    717.57252   2.55429876E-002
    716.23875   2.67149766E-002
    714.90497   2.88488937E-002
    713.57119   3.14649717E-002
    712.23741   3.29845398E-002
    710.90363   3.22701117E-002
    709.56986   3.06237181E-002
    708.23608   2.97896343E-002
    706.90230   3.04808065E-002
    705.56852   3.29808718E-002
    704.23474   3.77257741E-002
    702.90097   4.55499984E-002
    701.56719   5.77192412E-002
    700.23341   7.52454225E-002
    698.89963   9.57987637E-002
    697.56586   1.08710932E-001
    696.23208   1.02306655E-001
    694.89830   8.23912143E-002
    693.56452   6.22426638E-002
    692.23074   4.71224921E-002
    690.89697   3.67387088E-002
    689.56319   2.96797950E-002
    688.22941   2.47971455E-002
    686.89563   2.13344148E-002
    685.56185   1.88166080E-002
    684.22808   1.69450311E-002
    682.89430   1.55284625E-002
    681.56052   1.44416556E-002
    680.22674   1.36006738E-002
    678.89296   1.29480852E-002
    677.55919   1.24439119E-002
    676.22541   1.20599808E-002
    674.89163   1.17763257E-002
    673.55785   1.15788576E-002
    672.22407   1.14578384E-002
    670.89030   1.14068794E-002
    669.55652   1.14222951E-002
    668.22274   1.15027080E-002
    666.88896   1.16488442E-002
    665.55519   1.18634848E-002
    664.22141   1.21515619E-002
    662.88763   1.25204037E-002
    661.55385   1.29801519E-002
    660.22007   1.35443952E-002
    658.88630   1.42310937E-002
    657.55252   1.50639100E-002
    656.21874   1.60741291E-002
    654.88496   1.73034559E-002
    653.55118   1.88081502E-002
    652.21741   2.06652529E-002
    650.88363   2.29821554E-002
    649.54985   2.59116389E-002
    648.21607   2.96760478E-002
    646.88229   3.46069467E-002
    645.54852   4.12110065E-002
    644.21474   5.02785307E-002
    642.88096   6.30502473E-002
    641.54718   8.14066012E-002
    640.21340   1.07752198E-001
    638.87963   1.43229019E-001
    637.54585   1.81873503E-001
    636.21207   2.07718582E-001
    634.87829   2.15912832E-001
    633.54451   2.23912518E-001
    632.21074   2.39635075E-001
    630.87696   2.44007015E-001
    629.54318   2.18090811E-001
    628.20940   1.76672096E-001
    626.87563   1.42167090E-001
    625.54185   1.21978866E-001
    624.20807   1.15184456E-001
    622.87429   1.17361514E-001
    621.54051   1.18450016E-001
    620.20674   1.07476491E-001
    618.87296   8.71367836E-002
    617.53918   6.73621574E-002
    616.20540   5.23123174E-002
    614.87162   4.16582347E-002
    613.53785   3.41372985E-002
    612.20407   2.87165872E-002
    610.87029   2.47056204E-002
    609.53651   2.16620721E-002
    608.20273   1.93012174E-002
    606.86896   1.74359829E-002
    605.53518   1.59403867E-002
    604.20140   1.47275191E-002
    602.86762   1.37361321E-002
    601.53384   1.29223119E-002
    600.20007   1.22542024E-002
    598.86629   1.17086054E-002
    597.53251   1.12687702E-002
    596.19873   1.09229692E-002
    594.86495   1.06636257E-002
    593.53118   1.04868635E-002
    592.19740   1.03924272E-002
    590.86362   1.03839868E-002
    589.52984   1.04699144E-002
    588.19607   1.06647255E-002
    586.86229   1.09915410E-002
    585.52851   1.14862125E-002
    584.19473   1.22042432E-002
    582.86095   1.32324634E-002
    581.52718   1.47085712E-002
    580.19340   1.68520856E-002
    578.85962   2.00033798E-002
    577.52584   2.46229022E-002
    576.19206   3.10207467E-002
    574.85829   3.82326716E-002
    573.52451   4.25265477E-002
    572.19073   4.05680692E-002
    570.85695   3.49383610E-002
    569.52317   2.98596512E-002
    568.18940   2.68562603E-002
    566.85562   2.59175727E-002
    565.52184   2.68590598E-002
    564.18806   2.97580688E-002
    562.85428   3.50726360E-002
    561.52051   4.36999420E-002
    560.18673   5.68012213E-002
    558.85295   7.44443401E-002
    557.51917   9.15141492E-002
    556.18540   9.60612552E-002
    554.85162   8.38469424E-002
    553.51784   6.57179918E-002
    552.18406   5.07860144E-002
    550.85028   4.09451009E-002
    549.51651   3.54156525E-002
    548.18273   3.32639839E-002
    546.84895   3.35883993E-002
    545.51517   3.45466169E-002
    544.18139   3.31952800E-002
    542.84762   2.88500542E-002
    541.51384   2.38573954E-002
    540.18006   1.98599432E-002
    538.84628   1.70500594E-002
    537.51250   1.51508059E-002
    536.17873   1.38878254E-002
    534.84495   1.30732702E-002
    533.51117   1.25912242E-002
    532.17739   1.23746515E-002
    530.84361   1.23897046E-002
    529.50984   1.26272518E-002
    528.17606   1.30997828E-002
    526.84228   1.38427278E-002
    525.50850   1.49204195E-002
    524.17472   1.64383034E-002
    522.84095   1.85648913E-002
    521.50717   2.15696560E-002
    520.17339   2.58857507E-002
    518.83961   3.22014995E-002
    517.50584   4.15326517E-002
    516.17206   5.49725868E-002
    514.83828   7.20446672E-002
    513.50450   8.66042812E-002
    512.17072   8.76744366E-002
    510.83695   7.46944014E-002
    509.50317   5.85532304E-002
    508.16939   4.60103066E-002
    506.83561   3.78888972E-002
    505.50183   3.32430573E-002
    504.16806   3.11177752E-002
    502.83428   3.07496651E-002
    501.50050   3.16966731E-002
    500.16672   3.42813839E-002
    498.83294   3.93261419E-002
    497.49917   4.73081035E-002
    496.16539   5.67625732E-002
    494.83161   6.22125139E-002
    493.49783   5.87110787E-002
    492.16405   4.98576270E-002
    490.83028   4.16786443E-002
    489.49650   3.62817466E-002
    488.16272   3.34866404E-002
    486.82894   3.27587182E-002
    485.49517   3.37747401E-002
    484.16139   3.64944858E-002
    482.82761   4.11679555E-002
    481.49383   4.83912162E-002
    480.16005   5.92424990E-002
    478.82628   7.54897375E-002
    477.49250   9.96686958E-002
    476.15872   1.33985543E-001
    474.82494   1.74932429E-001
    473.49116   2.03536413E-001
    472.15739   1.96438528E-001
    470.82361   1.62224391E-001
    469.48983   1.26787215E-001
    468.15605   1.01641390E-001
    466.82227   8.70880346E-002
    465.48850   8.11547579E-002
    464.15472   8.27063951E-002
    462.82094   9.20132914E-002
    461.48716   1.10774865E-001
    460.15338   1.41463864E-001
    458.81961   1.83509963E-001
    457.48583   2.22696714E-001
    456.15205   2.28911411E-001
    454.81827   1.94377029E-001
    453.48449   1.46959985E-001
    452.15072   1.07624199E-001
    450.81694   7.98161814E-002
    449.48316   6.08554820E-002
    448.14938   4.78037514E-002
    446.81561   3.85973245E-002
    445.48183   3.19215464E-002
    444.14805   2.69509234E-002
    442.81427   2.31602298E-002
    441.48049   2.02076476E-002
    440.14672   1.78650849E-002
    438.81294   1.59765515E-002
    437.47916   1.44328903E-002
    436.14538   1.31561108E-002
    434.81160   1.20894550E-002
    433.47783   1.11909637E-002
    432.14405   1.04292327E-002
    430.81027   9.78057333E-003
    429.47649   9.22710836E-003
    428.14271   8.75551829E-003
    426.80894   8.35628089E-003
    425.47516   8.02333909E-003
    424.14138   7.75422156E-003
    422.80760   7.55074446E-003
    421.47382   7.42054736E-003
    420.14005   7.37975428E-003
    418.80627   7.45634325E-003
    417.47249   7.68933746E-003
    416.13871   8.10109256E-003
    414.80493   8.58798507E-003
    413.47116   8.79039809E-003
    412.13738   8.41787295E-003
    410.80360   7.72804741E-003
    409.46982   7.09293890E-003
    408.13605   6.62988130E-003
    406.80227   6.31849278E-003
    405.46849   6.11721224E-003
    404.13471   5.99467469E-003
    402.80093   5.93126458E-003
    401.46716   5.91570139E-003
    400.13338   5.94219921E-003
    398.79960   6.00874229E-003
    397.46582   6.11619140E-003
    396.13204   6.26795451E-003
    394.79827   6.47008045E-003
    393.46449   6.73174289E-003
    392.13071   7.06617907E-003
    390.79693   7.49225824E-003
    389.46315   8.03701530E-003
    388.12938   8.73974852E-003
    386.79560   9.65873353E-003
    385.46182   1.08823707E-002
    384.12804   1.25477220E-002
    382.79426   1.48702572E-002
    381.46049   1.81846417E-002
    380.12671   2.29656560E-002
    378.79293   2.96663113E-002
    377.45915   3.79294763E-002
    376.12538   4.53955179E-002
    374.79160   4.96514164E-002
    373.45782   5.16039864E-002
    372.12404   5.09850592E-002
    370.79026   4.55523442E-002
    369.45649   3.74337236E-002
    368.12271   3.04118096E-002
    366.78893   2.57489934E-002
    365.45515   2.32069002E-002
    364.12137   2.23642786E-002
    362.78760   2.30102234E-002
    361.45382   2.52054578E-002
    360.12004   2.93109783E-002
    358.78626   3.60334479E-002
    357.45248   4.63382005E-002
    356.11871   6.05593169E-002
    354.78493   7.53736940E-002
    353.45115   8.14760466E-002
    352.11737   7.37358159E-002
    350.78359   6.00746846E-002
    349.44982   4.88602371E-002
    348.11604   4.24549691E-002
    346.78226   4.07043709E-002
    345.44848   4.33529672E-002
    344.11470   5.01782976E-002
    342.78093   5.91637878E-002
    341.44715   6.38817369E-002
    340.11337   5.84039508E-002
    338.77959   4.65941487E-002
    337.44582   3.53095502E-002
    336.11204   2.69312572E-002
    334.77826   2.11428778E-002
    333.44448   1.71587021E-002
    332.11070   1.43627138E-002
    330.77693   1.23513069E-002
    329.44315   1.08700334E-002
    328.10937   9.75782912E-003
    326.77559   8.91094099E-003
    325.44181   8.26123030E-003
    324.10804   7.76328870E-003
    322.77426   7.38675440E-003
    321.44048   7.11172287E-003
    320.10670   6.92607180E-003
    318.77292   6.82406618E-003
    317.43915   6.80594915E-003
    316.10537   6.87847307E-003
    314.77159   7.05656758E-003
    313.43781   7.36665653E-003
    312.10403   7.85261435E-003
    310.77026   8.58604661E-003
    309.43648   9.68315541E-003
    308.10270   1.13283663E-002
    306.76892   1.37875826E-002
    305.43515   1.73144654E-002
    304.10137   2.16407674E-002
    302.76759   2.49255487E-002
    301.43381   2.45472982E-002
    300.10003   2.10345837E-002
    298.76626   1.71651377E-002
    297.43248   1.43327952E-002
    296.09870   1.26240066E-002
    294.76492   1.18150249E-002
    293.43114   1.17467592E-002
    292.09737   1.23930155E-002
    290.76359   1.38689324E-002
    289.42981   1.64265375E-002
    288.09603   2.03379029E-002
    286.76225   2.53040527E-002
    285.42848   2.91789163E-002
    284.09470   2.87089282E-002
    282.76092   2.42827130E-002
    281.42714   1.92378962E-002
    280.09336   1.53364251E-002
    278.75959   1.26813276E-002
    277.42581   1.09389204E-002
    276.09203   9.80816533E-003
    274.75825   9.08768300E-003
    273.42447   8.65283919E-003
    272.09070   8.42857623E-003
    270.75692   8.37113374E-003
    269.42314   8.45729366E-003
    268.08936   8.67853697E-003
    266.75559   9.03836360E-003
    265.42181   9.55188298E-003
    264.08803   1.02474225E-002
    262.75425   1.11704520E-002
    261.42047   1.23907577E-002
    260.08670   1.40147381E-002
    258.75292   1.62062369E-002
    257.41914   1.92218218E-002
    256.08536   2.34696619E-002
    254.75158   2.96009582E-002
    253.41781   3.86149043E-002
    252.08403   5.17958282E-002
    250.75025   6.96986108E-002
    249.41647   8.86075932E-002
    248.08269   9.76208726E-002
    246.74892   8.96123781E-002
    245.41514   7.18491857E-002
    244.08136   5.42594975E-002
    242.74758   4.09142485E-002
    241.41380   3.17407123E-002
    240.08003   2.55756763E-002
    238.74625   2.14057311E-002
    237.41247   1.85488691E-002
    236.07869   1.65748212E-002
    234.74491   1.52142142E-002
    233.41114   1.42967678E-002
    232.07736   1.37136770E-002
    230.74358   1.33953086E-002
    229.40980   1.32980053E-002
    228.07603   1.33962970E-002
    226.74225   1.36784245E-002
    225.40847   1.41440213E-002
    224.07469   1.48033642E-002
    222.74091   1.56779690E-002
    221.40714   1.68025978E-002
    220.07336   1.82290451E-002
    218.73958   2.00324764E-002
    217.40580   2.23217282E-002
    216.07202   2.52560346E-002
    214.73825   2.90723418E-002
    213.40447   3.41296204E-002
    212.07069   4.09768553E-002
    210.73691   5.04350922E-002
    209.40313   6.35899092E-002
    208.06936   8.12769875E-002
    206.73558   1.02521389E-001
    205.40180   1.24670558E-001
    204.06802   1.50140173E-001
    202.73424   1.87329319E-001
    201.40047   2.38083956E-001
    200.06669   2.82435715E-001
    198.73291   2.82819042E-001
    197.39913   2.36188863E-001
    196.06536   1.78738219E-001
    194.73158   1.33191280E-001
    193.39780   1.02117598E-001
    192.06402   8.20134083E-002
    190.73024   6.95197190E-002
    189.39647   6.24980451E-002
    188.06269   5.98769286E-002
    186.72891   6.14275097E-002
    185.39513   6.76019389E-002
    184.06135   7.90757125E-002
    182.72758   9.48123873E-002
    181.39380   1.08002622E-001
    180.06002   1.08561948E-001
    178.72624   9.82786287E-002
    177.39246   8.84722553E-002
    176.05869   8.58308258E-002
    174.72491   9.22518941E-002
    173.39113   1.07767256E-001
    172.05735   1.28031422E-001
    170.72357   1.38987950E-001
    169.38980   1.27656495E-001
    168.05602   1.02478117E-001
    166.72224   7.84757678E-002
    165.38846   6.08949446E-002
    164.05468   4.90845266E-002
    162.72091   4.13771340E-002
    161.38713   3.64958207E-002
    160.05335   3.36597143E-002
    158.71957   3.24652881E-002
    157.38580   3.27972150E-002
    156.05202   3.48037557E-002
    154.71824   3.89312067E-002
    153.38446   4.59772192E-002
    152.05068   5.69448813E-002
    150.71691   7.18587737E-002
    149.38313   8.62207743E-002
    148.04935   8.97014331E-002
    146.71557   7.88041857E-002
    145.38179   6.29018901E-002
    144.04802   4.96820068E-002
    142.71424   4.06053762E-002
    141.38046   3.48179658E-002
    140.04668   3.13310054E-002
    138.71290   2.94702345E-002
    137.37913   2.88490278E-002
    136.04535   2.92896961E-002
    134.71157   3.07757231E-002
    133.37779   3.34420203E-002
    132.04401   3.76032518E-002
    130.71024   4.38255226E-002
    129.37646   5.30424886E-002
    128.04268   6.66498596E-002
    126.70890   8.61923025E-002
    125.37513   1.11422504E-001
    124.04135   1.36122118E-001
    122.70757   1.48716855E-001
    121.37379   1.42962020E-001
    120.04001   1.25748301E-001
    118.70624   1.10449867E-001
    117.37246   1.04399904E-001
    116.03868   1.09330543E-001
    114.70490   1.25140264E-001
    113.37112   1.48036035E-001
    112.03735   1.64714562E-001
    110.70357   1.60806714E-001
    109.36979   1.43501685E-001
    108.03601   1.30121901E-001
    106.70223   1.29117152E-001
    105.36846   1.42421304E-001
    104.03468   1.67898470E-001
    102.70090   1.92854518E-001
    101.36712   1.93371687E-001
    100.03334   1.64233458E-001
     98.69957   1.26856451E-001
     97.36579   9.65269869E-002
     96.03201   7.54600661E-002
     94.69823   6.15176019E-002
     93.36445   5.24912938E-002
     92.03068   4.69036838E-002
     90.69690   4.39177433E-002
     89.36312   4.31730751E-002
     88.02934   4.46923903E-002
     86.69557   4.88155967E-002
     85.36179   5.59361744E-002
     84.02801   6.55251714E-002
     82.69423   7.49691130E-002
     81.36045   8.20201963E-002
     80.02668   8.67727771E-002
     78.69290   8.62548660E-002
     77.35912   7.84435320E-002
     76.02534   6.87080800E-002
     74.69156   6.22337441E-002
     73.35779   6.04629196E-002
     72.02401   6.35431677E-002
     70.69023   7.19254116E-002
     69.35645   8.64611239E-002
     68.02267   1.06664544E-001
     66.68890   1.25942308E-001
     65.35512   1.31162558E-001
     64.02134   1.19957082E-001
     62.68756   1.05187374E-001
     61.35378   9.62590214E-002
     60.02001   9.53899477E-002
     58.68623   1.02832460E-001
     57.35245   1.19654565E-001
     56.01867   1.48647507E-001
     54.68489   1.94433922E-001
     53.35112   2.61100082E-001
     52.01734   3.41093297E-001
     50.68356   3.95428122E-001
     49.34978   3.76742406E-001
     48.01601   3.02778264E-001
     46.68223   2.25665479E-001
     45.34845   1.68040229E-001
     44.01467   1.29745373E-001
     42.68089   1.05737538E-001
     41.34712   9.20740532E-002
     40.01334   8.66033503E-002
     38.67956   8.83044914E-002
     37.34578   9.56885430E-002
     36.01200   1.04309106E-001
     34.67823   1.05862125E-001
     33.34445   9.45646437E-002
     32.01067   7.62159400E-002
     30.67689   5.94754540E-002
     29.34311   4.71609402E-002
     28.00934   3.87327366E-002
     26.67556   3.31461671E-002
     25.34178   2.96631825E-002
     24.00800   2.79090201E-002
     22.67422   2.77534877E-002
     21.34045   2.89771112E-002
     20.00667   3.04481910E-002
     18.67289   2.98097928E-002
     17.33911   2.62309923E-002
     16.00534   2.17091998E-002
     14.67156   1.78831073E-002
     13.33778   1.50397292E-002
     12.00400   1.29659009E-002
     10.67022   1.14214225E-002
      9.33645   1.02346977E-002
      8.00267   9.29433980E-003
      6.66889   8.52878754E-003
      5.33511   7.89123272E-003
      4.00133   7.35020901E-003
      2.66756   6.88393127E-003
      1.33378   6.47687996E-003
      0.00000   6.11770234E-003
