   4000.00000   3.41388118E-003
   3998.66622   3.42958276E-003
   3997.33244   3.44540969E-003
   3995.99867   3.46136344E-003
   3994.66489   3.47744552E-003
   3993.33111   3.49365746E-003
   3991.99733   3.51000081E-003
   3990.66355   3.52647715E-003
   3989.32978   3.54308809E-003
   3987.99600   3.55983524E-003
   3986.66222   3.57672028E-003
   3985.32844   3.59374487E-003
   3983.99466   3.61091074E-003
   3982.66089   3.62821960E-003
   3981.32711   3.64567324E-003
   3979.99333   3.66327345E-003
   3978.65955   3.68102205E-003
   3977.32578   3.69892089E-003
   3975.99200   3.71697187E-003
   3974.65822   3.73517690E-003
   3973.32444   3.75353793E-003
   3971.99066   3.77205694E-003
   3970.65689   3.79073595E-003
   3969.32311   3.80957701E-003
   3967.98933   3.82858220E-003
   3966.65555   3.84775365E-003
   3965.32177   3.86709352E-003
   3963.98800   3.88660399E-003
   3962.65422   3.90628731E-003
   3961.32044   3.92614574E-003
   3959.98666   3.94618161E-003
   3958.65288   3.96639725E-003
   3957.31911   3.98679507E-003
   3955.98533   4.00737750E-003
   3954.65155   4.02814703E-003
   3953.31777   4.04910617E-003
   3951.98399   4.07025750E-003
   3950.65022   4.09160364E-003
   3949.31644   4.11314724E-003
   3947.98266   4.13489103E-003
   3946.64888   4.15683776E-003
   3945.31511   4.17899024E-003
   3943.98133   4.20135135E-003
   3942.64755   4.22392400E-003
   3941.31377   4.24671115E-003
   3939.97999   4.26971585E-003
   3938.64622   4.29294117E-003
   3937.31244   4.31639025E-003
   3935.97866   4.34006630E-003
   3934.64488   4.36397259E-003
   3933.31110   4.38811242E-003
   3931.97733   4.41248921E-003
   3930.64355   4.43710639E-003
   3929.30977   4.46196750E-003
   3927.97599   4.48707612E-003
   3926.64221   4.51243591E-003
   3925.30844   4.53805060E-003
   3923.97466   4.56392400E-003
   3922.64088   4.59006000E-003
   3921.30710   4.61646254E-003
   3919.97332   4.64313567E-003
   3918.63955   4.67008351E-003
   3917.30577   4.69731026E-003
   3915.97199   4.72482020E-003
   3914.63821   4.75261771E-003
   3913.30443   4.78070726E-003
   3911.97066   4.80909340E-003
   3910.63688   4.83778078E-003
   3909.30310   4.86677415E-003
   3907.96932   4.89607835E-003
   3906.63555   4.92569834E-003
   3905.30177   4.95563916E-003
   3903.96799   4.98590598E-003
   3902.63421   5.01650407E-003
   3901.30043   5.04743880E-003
   3899.96666   5.07871567E-003
   3898.63288   5.11034031E-003
   3897.29910   5.14231845E-003
   3895.96532   5.17465595E-003
   3894.63154   5.20735881E-003
   3893.29777   5.24043315E-003
   3891.96399   5.27388523E-003
   3890.63021   5.30772146E-003
   3889.29643   5.34194837E-003
   3887.96265   5.37657266E-003
   3886.62888   5.41160117E-003
   3885.29510   5.44704091E-003
   3883.96132   5.48289901E-003
   3882.62754   5.51918282E-003
   3881.29376   5.55589982E-003
   3879.95999   5.59305767E-003
   3878.62621   5.63066423E-003
   3877.29243   5.66872751E-003
   3875.95865   5.70725575E-003
   3874.62487   5.74625735E-003
   3873.29110   5.78574093E-003
   3871.95732   5.82571531E-003
   3870.62354   5.86618952E-003
   3869.28976   5.90717282E-003
   3867.95599   5.94867469E-003
   3866.62221   5.99070483E-003
   3865.28843   6.03327320E-003
   3863.95465   6.07639000E-003
   3862.62087   6.12006568E-003
   3861.28710   6.16431096E-003
   3859.95332   6.20913681E-003
   3858.61954   6.25455451E-003
   3857.28576   6.30057560E-003
   3855.95198   6.34721193E-003
   3854.61821   6.39447565E-003
   3853.28443   6.44237924E-003
   3851.95065   6.49093549E-003
   3850.61687   6.54015754E-003
   3849.28309   6.59005884E-003
   3847.94932   6.64065326E-003
   3846.61554   6.69195498E-003
   3845.28176   6.74397861E-003
   3843.94798   6.79673912E-003
   3842.61420   6.85025191E-003
   3841.28043   6.90453279E-003
   3839.94665   6.95959801E-003
   3838.61287   7.01546427E-003
   3837.27909   7.07214874E-003
   3835.94532   7.12966907E-003
   3834.61154   7.18804340E-003
   3833.27776   7.24729040E-003
   3831.94398   7.30742928E-003
   3830.61020   7.36847977E-003
   3829.27643   7.43046221E-003
   3827.94265   7.49339752E-003
   3826.60887   7.55730722E-003
   3825.27509   7.62221349E-003
   3823.94131   7.68813915E-003
   3822.60754   7.75510773E-003
   3821.27376   7.82314343E-003
   3819.93998   7.89227122E-003
   3818.60620   7.96251683E-003
   3817.27242   8.03390675E-003
   3815.93865   8.10646833E-003
   3814.60487   8.18022975E-003
   3813.27109   8.25522009E-003
   3811.93731   8.33146934E-003
   3810.60353   8.40900844E-003
   3809.26976   8.48786934E-003
   3807.93598   8.56808500E-003
   3806.60220   8.64968948E-003
   3805.26842   8.73271793E-003
   3803.93464   8.81720667E-003
   3802.60087   8.90319324E-003
   3801.26709   8.99071643E-003
   3799.93331   9.07981632E-003
   3798.59953   9.17053438E-003
   3797.26576   9.26291348E-003
   3795.93198   9.35699799E-003
   3794.59820   9.45283380E-003
   3793.26442   9.55046843E-003
   3791.93064   9.64995106E-003
   3790.59687   9.75133262E-003
   3789.26309   9.85466589E-003
   3787.92931   9.96000553E-003
   3786.59553   1.00674082E-002
   3785.26175   1.01769326E-002
   3783.92798   1.02886398E-002
   3782.59420   1.04025928E-002
   3781.26042   1.05188573E-002
   3779.92664   1.06375012E-002
   3778.59286   1.07585953E-002
   3777.25909   1.08822130E-002
   3775.92531   1.10084305E-002
   3774.59153   1.11373269E-002
   3773.25775   1.12689847E-002
   3771.92397   1.14034895E-002
   3770.59020   1.15409305E-002
   3769.25642   1.16814002E-002
   3767.92264   1.18249952E-002
   3766.58886   1.19718161E-002
   3765.25509   1.21219675E-002
   3763.92131   1.22755585E-002
   3762.58753   1.24327028E-002
   3761.25375   1.25935190E-002
   3759.91997   1.27581309E-002
   3758.58620   1.29266676E-002
   3757.25242   1.30992638E-002
   3755.91864   1.32760605E-002
   3754.58486   1.34572048E-002
   3753.25108   1.36428505E-002
   3751.91731   1.38331586E-002
   3750.58353   1.40282972E-002
   3749.24975   1.42284426E-002
   3747.91597   1.44337794E-002
   3746.58219   1.46445008E-002
   3745.24842   1.48608095E-002
   3743.91464   1.50829180E-002
   3742.58086   1.53110492E-002
   3741.24708   1.55454371E-002
   3739.91330   1.57863277E-002
   3738.57953   1.60339791E-002
   3737.24575   1.62886631E-002
   3735.91197   1.65506653E-002
   3734.57819   1.68202863E-002
   3733.24441   1.70978430E-002
   3731.91064   1.73836690E-002
   3730.57686   1.76781162E-002
   3729.24308   1.79815558E-002
   3727.90930   1.82943798E-002
   3726.57553   1.86170020E-002
   3725.24175   1.89498603E-002
   3723.90797   1.92934174E-002
   3722.57419   1.96481632E-002
   3721.24041   2.00146169E-002
   3719.90664   2.03933283E-002
   3718.57286   2.07848812E-002
   3717.23908   2.11898949E-002
   3715.90530   2.16090274E-002
   3714.57152   2.20429785E-002
   3713.23775   2.24924928E-002
   3711.90397   2.29583631E-002
   3710.57019   2.34414345E-002
   3709.23641   2.39426088E-002
   3707.90263   2.44628487E-002
   3706.56886   2.50031833E-002
   3705.23508   2.55647135E-002
   3703.90130   2.61486182E-002
   3702.56752   2.67561611E-002
   3701.23374   2.73886986E-002
   3699.89997   2.80476875E-002
   3698.56619   2.87346946E-002
   3697.23241   2.94514070E-002
   3695.89863   3.01996432E-002
   3694.56485   3.09813660E-002
   3693.23108   3.17986966E-002
   3691.89730   3.26539300E-002
   3690.56352   3.35495531E-002
   3689.22974   3.44882645E-002
   3687.89597   3.54729963E-002
   3686.56219   3.65069394E-002
   3685.22841   3.75935718E-002
   3683.89463   3.87366905E-002
   3682.56085   3.99404476E-002
   3681.22708   4.12093914E-002
   3679.89330   4.25485136E-002
   3678.55952   4.39633023E-002
   3677.22574   4.54598034E-002
   3675.89196   4.70446911E-002
   3674.55819   4.87253485E-002
   3673.22441   5.05099616E-002
   3671.89063   5.24076268E-002
   3670.55685   5.44284779E-002
   3669.22307   5.65838318E-002
   3667.88930   5.88863614E-002
   3666.55552   6.13502969E-002
   3665.22174   6.39916645E-002
   3663.88796   6.68285686E-002
   3662.55418   6.98815273E-002
   3661.22041   7.31738745E-002
   3659.88663   7.67322413E-002
   3658.55285   8.05871380E-002
   3657.21907   8.47736606E-002
   3655.88530   8.93323521E-002
   3654.55152   9.43102609E-002
   3653.21774   9.97622478E-002
   3651.88396   1.05752612E-001
   3650.55018   1.12357130E-001
   3649.21641   1.19665623E-001
   3647.88263   1.27785236E-001
   3646.54885   1.36844634E-001
   3645.21507   1.46999448E-001
   3643.88129   1.58439397E-001
   3642.54752   1.71397711E-001
   3641.21374   1.86163734E-001
   3639.87996   2.03099991E-001
   3638.54618   2.22665623E-001
   3637.21240   2.45448999E-001
   3635.87863   2.72213858E-001
   3634.54485   3.03965643E-001
   3633.21107   3.42048660E-001
   3631.87729   3.88291152E-001
   3630.54351   4.45226533E-001
   3629.20974   5.16438286E-001
   3627.87596   6.07110084E-001
   3626.54218   7.24923140E-001
   3625.20840   8.81548677E-001
   3623.87462   1.09515665E+000
   3622.54085   1.39457897E+000
   3621.20707   1.82568851E+000
   3619.87329   2.45827969E+000
   3618.53951   3.37906067E+000
   3617.20574   4.61067044E+000
   3615.87196   5.84542489E+000
   3614.53818   6.27752726E+000
   3613.20440   5.52202277E+000
   3611.87062   4.27716717E+000
   3610.53685   3.21116880E+000
   3609.20307   2.47827483E+000
   3607.86929   2.02030552E+000
   3606.53551   1.76158469E+000
   3605.20173   1.65391102E+000
   3603.86796   1.67807645E+000
   3602.53418   1.84108274E+000
   3601.20040   2.17642757E+000
   3599.86662   2.74161738E+000
   3598.53284   3.58101102E+000
   3597.19907   4.56789597E+000
   3595.86529   5.16182736E+000
   3594.53151   4.80130687E+000
   3593.19773   3.79844171E+000
   3591.86395   2.80112758E+000
   3590.53018   2.05561145E+000
   3589.19640   1.54304970E+000
   3587.86262   1.19344224E+000
   3586.52884   9.50518090E-001
   3585.19507   7.77291320E-001
   3583.86129   6.50506201E-001
   3582.52751   5.55500463E-001
   3581.19373   4.82854079E-001
   3579.85995   4.26369818E-001
   3578.52618   3.81871757E-001
   3577.19240   3.46482969E-001
   3575.85862   3.18182995E-001
   3574.52484   2.95530915E-001
   3573.19106   2.77488457E-001
   3571.85729   2.63305009E-001
   3570.52351   2.52441963E-001
   3569.18973   2.44522821E-001
   3567.85595   2.39300831E-001
   3566.52217   2.36639173E-001
   3565.18840   2.36500845E-001
   3563.85462   2.38946850E-001
   3562.52084   2.44142486E-001
   3561.18706   2.52372651E-001
   3559.85328   2.64068454E-001
   3558.51951   2.79849213E-001
   3557.18573   3.00586741E-001
   3555.85195   3.27503274E-001
   3554.51817   3.62321871E-001
   3553.18439   4.07500955E-001
   3551.85062   4.66607154E-001
   3550.51684   5.44920437E-001
   3549.18306   6.50436024E-001
   3547.84928   7.95546892E-001
   3546.51551   9.99863512E-001
   3545.18173   1.29472372E+000
   3543.84795   1.72910868E+000
   3542.51417   2.37086617E+000
   3541.18039   3.27239570E+000
   3539.84662   4.31514503E+000
   3538.51284   4.96325658E+000
   3537.17906   4.64403950E+000
   3535.84528   3.66023291E+000
   3534.51150   2.67014472E+000
   3533.17773   1.92968828E+000
   3531.84395   1.42255599E+000
   3530.51017   1.07862635E+000
   3529.17639   8.41165588E-001
   3527.84261   6.72874857E-001
   3526.50884   5.50340906E-001
   3525.17506   4.58838823E-001
   3523.84128   3.88934490E-001
   3522.50750   3.34437396E-001
   3521.17372   2.91183654E-001
   3519.83995   2.56305101E-001
   3518.50617   2.27781827E-001
   3517.17239   2.04162084E-001
   3515.83861   1.84382939E-001
   3514.50483   1.67652893E-001
   3513.17106   1.53373439E-001
   3511.83728   1.41085624E-001
   3510.50350   1.30432974E-001
   3509.16972   1.21135355E-001
   3507.83595   1.12970240E-001
   3506.50217   1.05759105E-001
   3505.16839   9.93574136E-002
   3503.83461   9.36471518E-002
   3502.50083   8.85312030E-002
   3501.16706   8.39290625E-002
   3499.83328   7.97735406E-002
   3498.49950   7.60082034E-002
   3497.16572   7.25853686E-002
   3495.83194   6.94645231E-002
   3494.49817   6.66110646E-002
   3493.16439   6.39952934E-002
   3491.83061   6.15915993E-002
   3490.49683   5.93778013E-002
   3489.16305   5.73346090E-002
   3487.82928   5.54451801E-002
   3486.49550   5.36947549E-002
   3485.16172   5.20703532E-002
   3483.82794   5.05605216E-002
   3482.49416   4.91551216E-002
   3481.16039   4.78451517E-002
   3479.82661   4.66225968E-002
   3478.49283   4.54803002E-002
   3477.15905   4.44118555E-002
   3475.82528   4.34115131E-002
   3474.49150   4.24741008E-002
   3473.15772   4.15949554E-002
   3471.82394   4.07698629E-002
   3470.49016   3.99950082E-002
   3469.15639   3.92669297E-002
   3467.82261   3.85824808E-002
   3466.48883   3.79387965E-002
   3465.15505   3.73332630E-002
   3463.82127   3.67634924E-002
   3462.48750   3.62272992E-002
   3461.15372   3.57226804E-002
   3459.81994   3.52477978E-002
   3458.48616   3.48009617E-002
   3457.15238   3.43806175E-002
   3455.81861   3.39853324E-002
   3454.48483   3.36137852E-002
   3453.15105   3.32647554E-002
   3451.81727   3.29371150E-002
   3450.48349   3.26298203E-002
   3449.14972   3.23419046E-002
   3447.81594   3.20724720E-002
   3446.48216   3.18206914E-002
   3445.14838   3.15857913E-002
   3443.81460   3.13670553E-002
   3442.48083   3.11638174E-002
   3441.14705   3.09754586E-002
   3439.81327   3.08014031E-002
   3438.47949   3.06411151E-002
   3437.14572   3.04940960E-002
   3435.81194   3.03598817E-002
   3434.47816   3.02380403E-002
   3433.14438   3.01281698E-002
   3431.81060   3.00298962E-002
   3430.47683   2.99428715E-002
   3429.14305   2.98667721E-002
   3427.80927   2.98012975E-002
   3426.47549   2.97461685E-002
   3425.14171   2.97011262E-002
   3423.80794   2.96659308E-002
   3422.47416   2.96403603E-002
   3421.14038   2.96242099E-002
   3419.80660   2.96172908E-002
   3418.47282   2.96194292E-002
   3417.13905   2.96304662E-002
   3415.80527   2.96502565E-002
   3414.47149   2.96786677E-002
   3413.13771   2.97155804E-002
   3411.80393   2.97608869E-002
   3410.47016   2.98144912E-002
   3409.13638   2.98763085E-002
   3407.80260   2.99462643E-002
   3406.46882   3.00242950E-002
   3405.13505   3.01103465E-002
   3403.80127   3.02043746E-002
   3402.46749   3.03063447E-002
   3401.13371   3.04162311E-002
   3399.79993   3.05340174E-002
   3398.46616   3.06596958E-002
   3397.13238   3.07932672E-002
   3395.79860   3.09347411E-002
   3394.46482   3.10841355E-002
   3393.13104   3.12414764E-002
   3391.79727   3.14067985E-002
   3390.46349   3.15801445E-002
   3389.12971   3.17615652E-002
   3387.79593   3.19511199E-002
   3386.46215   3.21488759E-002
   3385.12838   3.23549088E-002
   3383.79460   3.25693027E-002
   3382.46082   3.27921498E-002
   3381.12704   3.30235511E-002
   3379.79326   3.32636160E-002
   3378.45949   3.35124626E-002
   3377.12571   3.37702183E-002
   3375.79193   3.40370190E-002
   3374.45815   3.43130104E-002
   3373.12437   3.45983474E-002
   3371.79060   3.48931948E-002
   3370.45682   3.51977273E-002
   3369.12304   3.55121301E-002
   3367.78926   3.58365987E-002
   3366.45549   3.61713398E-002
   3365.12171   3.65165713E-002
   3363.78793   3.68725231E-002
   3362.45415   3.72394369E-002
   3361.12037   3.76175672E-002
   3359.78660   3.80071815E-002
   3358.45282   3.84085611E-002
   3357.11904   3.88220013E-002
   3355.78526   3.92478123E-002
   3354.45148   3.96863198E-002
   3353.11771   4.01378655E-002
   3351.78393   4.06028080E-002
   3350.45015   4.10815236E-002
   3349.11637   4.15744071E-002
   3347.78259   4.20818726E-002
   3346.44882   4.26043547E-002
   3345.11504   4.31423093E-002
   3343.78126   4.36962147E-002
   3342.44748   4.42665730E-002
   3341.11370   4.48539110E-002
   3339.77993   4.54587820E-002
   3338.44615   4.60817668E-002
   3337.11237   4.67234753E-002
   3335.77859   4.73845485E-002
   3334.44481   4.80656600E-002
   3333.11104   4.87675176E-002
   3331.77726   4.94908660E-002
   3330.44348   5.02364883E-002
   3329.10970   5.10052090E-002
   3327.77593   5.17978959E-002
   3326.44215   5.26154631E-002
   3325.10837   5.34588739E-002
   3323.77459   5.43291441E-002
   3322.44081   5.52273449E-002
   3321.10704   5.61546071E-002
   3319.77326   5.71121246E-002
   3318.43948   5.81011591E-002
   3317.10570   5.91230442E-002
   3315.77192   6.01791909E-002
   3314.43815   6.12710926E-002
   3313.10437   6.24003313E-002
   3311.77059   6.35685836E-002
   3310.43681   6.47776280E-002
   3309.10303   6.60293524E-002
   3307.76926   6.73257620E-002
   3306.43548   6.86689885E-002
   3305.10170   7.00613001E-002
   3303.76792   7.15051117E-002
   3302.43414   7.30029970E-002
   3301.10037   7.45577012E-002
   3299.76659   7.61721550E-002
   3298.43281   7.78494904E-002
   3297.09903   7.95930575E-002
   3295.76526   8.14064430E-002
   3294.43148   8.32934915E-002
   3293.09770   8.52583280E-002
   3291.76392   8.73053834E-002
   3290.43014   8.94394223E-002
   3289.09637   9.16655746E-002
   3287.76259   9.39893701E-002
   3286.42881   9.64167770E-002
   3285.09503   9.89542450E-002
   3283.76125   1.01608754E-001
   3282.42748   1.04387868E-001
   3281.09370   1.07299795E-001
   3279.75992   1.10353457E-001
   3278.42614   1.13558566E-001
   3277.09236   1.16925712E-001
   3275.75859   1.20466459E-001
   3274.42481   1.24193461E-001
   3273.09103   1.28120588E-001
   3271.75725   1.32263069E-001
   3270.42347   1.36637662E-001
   3269.08970   1.41262845E-001
   3267.75592   1.46159032E-001
   3266.42214   1.51348834E-001
   3265.08836   1.56857346E-001
   3263.75458   1.62712494E-001
   3262.42081   1.68945429E-001
   3261.08703   1.75590998E-001
   3259.75325   1.82688290E-001
   3258.41947   1.90281282E-001
   3257.08570   1.98419602E-001
   3255.75192   2.07159445E-001
   3254.41814   2.16564656E-001
   3253.08436   2.26708035E-001
   3251.75058   2.37672921E-001
   3250.41681   2.49555097E-001
   3249.08303   2.62465128E-001
   3247.74925   2.76531228E-001
   3246.41547   2.91902801E-001
   3245.08169   3.08754850E-001
   3243.74792   3.27293491E-001
   3242.41414   3.47762932E-001
   3241.08036   3.70454343E-001
   3239.74658   3.95717249E-001
   3238.41280   4.23974307E-001
   3237.07903   4.55740633E-001
   3235.74525   4.91649395E-001
   3234.41147   5.32486060E-001
   3233.07769   5.79234817E-001
   3231.74391   6.33142339E-001
   3230.41014   6.95806655E-001
   3229.07636   7.69302946E-001
   3227.74258   8.56364680E-001
   3226.40880   9.60649223E-001
   3225.07503   1.08713506E+000
   3223.74125   1.24272852E+000
   3222.40747   1.43721134E+000
   3221.07369   1.68475478E+000
   3219.73991   2.00639368E+000
   3218.40614   2.43414629E+000
   3217.07236   3.01793811E+000
   3215.73858   3.83704583E+000
   3214.40480   5.01735030E+000
   3213.07102   6.74844028E+000
   3211.73725   9.25610017E+000
   3210.40347   1.25542997E+001
   3209.06969   1.57018724E+001
   3207.73591   1.65426347E+001
   3206.40213   1.43742349E+001
   3205.06836   1.11794269E+001
   3203.73458   8.57445924E+000
   3202.40080   6.88331105E+000
   3201.06702   5.96253308E+000
   3199.73324   5.65466027E+000
   3198.39947   5.85456870E+000
   3197.06569   6.39625093E+000
   3195.73191   6.91666123E+000
   3194.39813   7.18540975E+000
   3193.06435   7.52831283E+000
   3191.73058   8.21837852E+000
   3190.39680   8.79521677E+000
   3189.06302   8.41537331E+000
   3187.72924   7.19071886E+000
   3186.39547   5.97052435E+000
   3185.06169   5.20515539E+000
   3183.72791   4.95903358E+000
   3182.39413   5.21867657E+000
   3181.06035   5.96188973E+000
   3179.72658   6.98022427E+000
   3178.39280   7.59255128E+000
   3177.05902   7.14760880E+000
   3175.72524   6.05806349E+000
   3174.39146   5.10497209E+000
   3173.05769   4.58690560E+000
   3171.72391   4.44473164E+000
   3170.39013   4.39797500E+000
   3169.05635   4.10882539E+000
   3167.72257   3.60332512E+000
   3166.38880   3.15793776E+000
   3165.05502   2.91664049E+000
   3163.72124   2.90458977E+000
   3162.38746   3.13586116E+000
   3161.05368   3.65204715E+000
   3159.71991   4.49614334E+000
   3158.38613   5.55938529E+000
   3157.05235   6.29970039E+000
   3155.71857   6.03783077E+000
   3154.38479   4.99579467E+000
   3153.05102   3.90720940E+000
   3151.71724   3.10078542E+000
   3150.38346   2.57840613E+000
   3149.04968   2.27000434E+000
   3147.71591   2.12088595E+000
   3146.38213   2.10376071E+000
   3145.04835   2.21658283E+000
   3143.71457   2.48184337E+000
   3142.38079   2.94653323E+000
   3141.04702   3.66461283E+000
   3139.71324   4.59981498E+000
   3138.37946   5.39603838E+000
   3137.04568   5.45179235E+000
   3135.71190   4.77550725E+000
   3134.37813   3.98329084E+000
   3133.04435   3.44793737E+000
   3131.71057   3.23223994E+000
   3130.37679   3.32433707E+000
   3129.04301   3.73954491E+000
   3127.70924   4.52517981E+000
   3126.37546   5.66723762E+000
   3125.04168   6.83453832E+000
   3123.70790   7.29257067E+000
   3122.37412   6.64621997E+000
   3121.04035   5.37557665E+000
   3119.70657   4.16325716E+000
   3118.37279   3.27904887E+000
   3117.03901   2.70337595E+000
   3115.70524   2.35693008E+000
   3114.37146   2.18008898E+000
   3113.03768   2.14297800E+000
   3111.70390   2.24260819E+000
   3110.37012   2.50138258E+000
   3109.03635   2.96351212E+000
   3107.70257   3.66237516E+000
   3106.36879   4.48721790E+000
   3105.03501   4.98694128E+000
   3103.70123   4.71280127E+000
   3102.36746   3.94035245E+000
   3101.03368   3.20085945E+000
   3099.69990   2.69471310E+000
   3098.36612   2.41406226E+000
   3097.03234   2.31721808E+000
   3095.69857   2.38145122E+000
   3094.36479   2.60213118E+000
   3093.03101   2.95479503E+000
   3091.69723   3.30845832E+000
   3090.36345   3.44291580E+000
   3089.02968   3.35796568E+000
   3087.69590   3.29093702E+000
   3086.36212   3.40564454E+000
   3085.02834   3.76465627E+000
   3083.69456   4.42421665E+000
   3082.36079   5.48407849E+000
   3081.02701   7.09292793E+000
   3079.69323   9.35303072E+000
   3078.35945   1.19407143E+001
   3077.02568   1.36657458E+001
   3075.69190   1.36325470E+001
   3074.35812   1.28887845E+001
   3073.02434   1.27915748E+001
   3071.69056   1.33639821E+001
   3070.35679   1.33647277E+001
   3069.02301   1.19042972E+001
   3067.68923   9.84453566E+000
   3066.35545   8.26163388E+000
   3065.02167   7.48889150E+000
   3063.68790   7.53935562E+000
   3062.35412   8.41948554E+000
   3061.02034   1.00670647E+001
   3059.68656   1.18802299E+001
   3058.35278   1.23767322E+001
   3057.01901   1.07849595E+001
   3055.68523   8.30731559E+000
   3054.35145   6.15036204E+000
   3053.01767   4.59376542E+000
   3051.68389   3.52107005E+000
   3050.35012   2.77680485E+000
   3049.01634   2.24769616E+000
   3047.68256   1.86075689E+000
   3046.34878   1.56996326E+000
   3045.01501   1.34596637E+000
   3043.68123   1.16962568E+000
   3042.34745   1.02813488E+000
   3041.01367   9.12705044E-001
   3039.67989   8.17157957E-001
   3038.34612   7.37053624E-001
   3037.01234   6.69136350E-001
   3035.67856   6.10974885E-001
   3034.34478   5.60723391E-001
   3033.01100   5.16959351E-001
   3031.67723   4.78571490E-001
   3030.34345   4.44680887E-001
   3029.00967   4.14584521E-001
   3027.67589   3.87714253E-001
   3026.34211   3.63606596E-001
   3025.00834   3.41880145E-001
   3023.67456   3.22218530E-001
   3022.34078   3.04357377E-001
   3021.00700   2.88074252E-001
   3019.67322   2.73180818E-001
   3018.33945   2.59516660E-001
   3017.00567   2.46944397E-001
   3015.67189   2.35345765E-001
   3014.33811   2.24618465E-001
   3013.00433   2.14673608E-001
   3011.67056   2.05433629E-001
   3010.33678   1.96830572E-001
   3009.00300   1.88804676E-001
   3007.66922   1.81303198E-001
   3006.33545   1.74279432E-001
   3005.00167   1.67691886E-001
   3003.66789   1.61503587E-001
   3002.33411   1.55681496E-001
   3001.00033   1.50196006E-001
   2999.66656   1.45020518E-001
   2998.33278   1.40131073E-001
   2996.99900   1.35506045E-001
   2995.66522   1.31125861E-001
   2994.33144   1.26972774E-001
   2992.99767   1.23030658E-001
   2991.66389   1.19284826E-001
   2990.33011   1.15721884E-001
   2988.99633   1.12329589E-001
   2987.66255   1.09096730E-001
   2986.32878   1.06013029E-001
   2984.99500   1.03069041E-001
   2983.66122   1.00256079E-001
   2982.32744   9.75661363E-002
   2980.99366   9.49918255E-002
   2979.65989   9.25263199E-002
   2978.32611   9.01633023E-002
   2976.99233   8.78969193E-002
   2975.65855   8.57217407E-002
   2974.32477   8.36327223E-002
   2972.99100   8.16251730E-002
   2971.65722   7.96947253E-002
   2970.32344   7.78373080E-002
   2968.98966   7.60491224E-002
   2967.65589   7.43266202E-002
   2966.32211   7.26664833E-002
   2964.98833   7.10656064E-002
   2963.65455   6.95210800E-002
   2962.32077   6.80301759E-002
   2960.98700   6.65903335E-002
   2959.65322   6.51991470E-002
   2958.31944   6.38543548E-002
   2956.98566   6.25538285E-002
   2955.65188   6.12955636E-002
   2954.31811   6.00776710E-002
   2952.98433   5.88983687E-002
   2951.65055   5.77559745E-002
   2950.31677   5.66488995E-002
   2948.98299   5.55756416E-002
   2947.64922   5.45347799E-002
   2946.31544   5.35249692E-002
   2944.98166   5.25449354E-002
   2943.64788   5.15934709E-002
   2942.31410   5.06694303E-002
   2940.98033   4.97717263E-002
   2939.64655   4.88993268E-002
   2938.31277   4.80512510E-002
   2936.97899   4.72265662E-002
   2935.64522   4.64243855E-002
   2934.31144   4.56438645E-002
   2932.97766   4.48841992E-002
   2931.64388   4.41446237E-002
   2930.31010   4.34244076E-002
   2928.97633   4.27228544E-002
   2927.64255   4.20392996E-002
   2926.30877   4.13731086E-002
   2924.97499   4.07236753E-002
   2923.64121   4.00904207E-002
   2922.30744   3.94727909E-002
   2920.97366   3.88702565E-002
   2919.63988   3.82823108E-002
   2918.30610   3.77084686E-002
   2916.97232   3.71482653E-002
   2915.63855   3.66012559E-002
   2914.30477   3.60670138E-002
   2912.97099   3.55451298E-002
   2911.63721   3.50352117E-002
   2910.30343   3.45368829E-002
   2908.96966   3.40497820E-002
   2907.63588   3.35735618E-002
   2906.30210   3.31078890E-002
   2904.96832   3.26524430E-002
   2903.63454   3.22069159E-002
   2902.30077   3.17710113E-002
   2900.96699   3.13444444E-002
   2899.63321   3.09269409E-002
   2898.29943   3.05182368E-002
   2896.96566   3.01180779E-002
   2895.63188   2.97262193E-002
   2894.29810   2.93424252E-002
   2892.96432   2.89664681E-002
   2891.63054   2.85981288E-002
   2890.29677   2.82371958E-002
   2888.96299   2.78834653E-002
   2887.62921   2.75367405E-002
   2886.29543   2.71968312E-002
   2884.96165   2.68635542E-002
   2883.62788   2.65367324E-002
   2882.29410   2.62161945E-002
   2880.96032   2.59017754E-002
   2879.62654   2.55933150E-002
   2878.29276   2.52906591E-002
   2876.95899   2.49936582E-002
   2875.62521   2.47021678E-002
   2874.29143   2.44160480E-002
   2872.95765   2.41351637E-002
   2871.62387   2.38593838E-002
   2870.29010   2.35885816E-002
   2868.95632   2.33226343E-002
   2867.62254   2.30614230E-002
   2866.28876   2.28048324E-002
   2864.95498   2.25527509E-002
   2863.62121   2.23050703E-002
   2862.28743   2.20616856E-002
   2860.95365   2.18224952E-002
   2859.61987   2.15874003E-002
   2858.28610   2.13563053E-002
   2856.95232   2.11291172E-002
   2855.61854   2.09057460E-002
   2854.28476   2.06861042E-002
   2852.95098   2.04701068E-002
   2851.61721   2.02576714E-002
   2850.28343   2.00487178E-002
   2848.94965   1.98431683E-002
   2847.61587   1.96409472E-002
   2846.28209   1.94419811E-002
   2844.94832   1.92461986E-002
   2843.61454   1.90535303E-002
   2842.28076   1.88639088E-002
   2840.94698   1.86772682E-002
   2839.61320   1.84935450E-002
   2838.27943   1.83126769E-002
   2836.94565   1.81346035E-002
   2835.61187   1.79592662E-002
   2834.27809   1.77866076E-002
   2832.94431   1.76165720E-002
   2831.61054   1.74491053E-002
   2830.27676   1.72841547E-002
   2828.94298   1.71216687E-002
   2827.60920   1.69615972E-002
   2826.27543   1.68038916E-002
   2824.94165   1.66485042E-002
   2823.60787   1.64953887E-002
   2822.27409   1.63444999E-002
   2820.94031   1.61957940E-002
   2819.60654   1.60492280E-002
   2818.27276   1.59047600E-002
   2816.93898   1.57623492E-002
   2815.60520   1.56219560E-002
   2814.27142   1.54835415E-002
   2812.93765   1.53470678E-002
   2811.60387   1.52124980E-002
   2810.27009   1.50797960E-002
   2808.93631   1.49489268E-002
   2807.60253   1.48198559E-002
   2806.26876   1.46925499E-002
   2804.93498   1.45669760E-002
   2803.60120   1.44431022E-002
   2802.26742   1.43208975E-002
   2800.93364   1.42003312E-002
   2799.59987   1.40813737E-002
   2798.26609   1.39639959E-002
   2796.93231   1.38481693E-002
   2795.59853   1.37338662E-002
   2794.26475   1.36210594E-002
   2792.93098   1.35097225E-002
   2791.59720   1.33998295E-002
   2790.26342   1.32913551E-002
   2788.92964   1.31842744E-002
   2787.59587   1.30785634E-002
   2786.26209   1.29741983E-002
   2784.92831   1.28711559E-002
   2783.59453   1.27694135E-002
   2782.26075   1.26689490E-002
   2780.92698   1.25697408E-002
   2779.59320   1.24717675E-002
   2778.25942   1.23750084E-002
   2776.92564   1.22794432E-002
   2775.59186   1.21850521E-002
   2774.25809   1.20918154E-002
   2772.92431   1.19997142E-002
   2771.59053   1.19087299E-002
   2770.25675   1.18188441E-002
   2768.92297   1.17300389E-002
   2767.58920   1.16422969E-002
   2766.25542   1.15556009E-002
   2764.92164   1.14699340E-002
   2763.58786   1.13852798E-002
   2762.25408   1.13016223E-002
   2760.92031   1.12189454E-002
   2759.58653   1.11372339E-002
   2758.25275   1.10564725E-002
   2756.91897   1.09766463E-002
   2755.58520   1.08977408E-002
   2754.25142   1.08197416E-002
   2752.91764   1.07426349E-002
   2751.58386   1.06664068E-002
   2750.25008   1.05910438E-002
   2748.91631   1.05165329E-002
   2747.58253   1.04428609E-002
   2746.24875   1.03700154E-002
   2744.91497   1.02979837E-002
   2743.58119   1.02267537E-002
   2742.24742   1.01563134E-002
   2740.91364   1.00866510E-002
   2739.57986   1.00177551E-002
   2738.24608   9.94961425E-003
   2736.91230   9.88221744E-003
   2735.57853   9.81555375E-003
   2734.24475   9.74961249E-003
   2732.91097   9.68438316E-003
   2731.57719   9.61985547E-003
   2730.24341   9.55601931E-003
   2728.90964   9.49286476E-003
   2727.57586   9.43038207E-003
   2726.24208   9.36856168E-003
   2724.90830   9.30739419E-003
   2723.57452   9.24687039E-003
   2722.24075   9.18698122E-003
   2720.90697   9.12771777E-003
   2719.57319   9.06907132E-003
   2718.23941   9.01103329E-003
   2716.90564   8.95359523E-003
   2715.57186   8.89674888E-003
   2714.23808   8.84048610E-003
   2712.90430   8.78479889E-003
   2711.57052   8.72967939E-003
   2710.23675   8.67511990E-003
   2708.90297   8.62111282E-003
   2707.56919   8.56765071E-003
   2706.23541   8.51472624E-003
   2704.90163   8.46233220E-003
   2703.56786   8.41046152E-003
   2702.23408   8.35910725E-003
   2700.90030   8.30826254E-003
   2699.56652   8.25792066E-003
   2698.23274   8.20807502E-003
   2696.89897   8.15871910E-003
   2695.56519   8.10984652E-003
   2694.23141   8.06145098E-003
   2692.89763   8.01352631E-003
   2691.56385   7.96606644E-003
   2690.23008   7.91906536E-003
   2688.89630   7.87251722E-003
   2687.56252   7.82641622E-003
   2686.22874   7.78075666E-003
   2684.89496   7.73553296E-003
   2683.56119   7.69073960E-003
   2682.22741   7.64637116E-003
   2680.89363   7.60242231E-003
   2679.55985   7.55888781E-003
   2678.22608   7.51576248E-003
   2676.89230   7.47304125E-003
   2675.55852   7.43071912E-003
   2674.22474   7.38879116E-003
   2672.89096   7.34725254E-003
   2671.55719   7.30609847E-003
   2670.22341   7.26532427E-003
   2668.88963   7.22492532E-003
   2667.55585   7.18489707E-003
   2666.22207   7.14523504E-003
   2664.88830   7.10593482E-003
   2663.55452   7.06699206E-003
   2662.22074   7.02840250E-003
   2660.88696   6.99016192E-003
   2659.55318   6.95226619E-003
   2658.21941   6.91471120E-003
   2656.88563   6.87749296E-003
   2655.55185   6.84060748E-003
   2654.21807   6.80405089E-003
   2652.88429   6.76781932E-003
   2651.55052   6.73190901E-003
   2650.21674   6.69631621E-003
   2648.88296   6.66103727E-003
   2647.54918   6.62606855E-003
   2646.21541   6.59140650E-003
   2644.88163   6.55704760E-003
   2643.54785   6.52298839E-003
   2642.21407   6.48922547E-003
   2640.88029   6.45575547E-003
   2639.54652   6.42257508E-003
   2638.21274   6.38968104E-003
   2636.87896   6.35707012E-003
   2635.54518   6.32473917E-003
   2634.21140   6.29268506E-003
   2632.87763   6.26090471E-003
   2631.54385   6.22939508E-003
   2630.21007   6.19815318E-003
   2628.87629   6.16717606E-003
   2627.54251   6.13646081E-003
   2626.20874   6.10600457E-003
   2624.87496   6.07580452E-003
   2623.54118   6.04585785E-003
   2622.20740   6.01616184E-003
   2620.87362   5.98671376E-003
   2619.53985   5.95751095E-003
   2618.20607   5.92855077E-003
   2616.87229   5.89983063E-003
   2615.53851   5.87134795E-003
   2614.20473   5.84310023E-003
   2612.87096   5.81508496E-003
   2611.53718   5.78729968E-003
   2610.20340   5.75974198E-003
   2608.86962   5.73240946E-003
   2607.53585   5.70529976E-003
   2606.20207   5.67841056E-003
   2604.86829   5.65173956E-003
   2603.53451   5.62528450E-003
   2602.20073   5.59904314E-003
   2600.86696   5.57301328E-003
   2599.53318   5.54719274E-003
   2598.19940   5.52157939E-003
   2596.86562   5.49617109E-003
   2595.53184   5.47096578E-003
   2594.19807   5.44596137E-003
   2592.86429   5.42115585E-003
   2591.53051   5.39654720E-003
   2590.19673   5.37213344E-003
   2588.86295   5.34791261E-003
   2587.52918   5.32388280E-003
   2586.19540   5.30004209E-003
   2584.86162   5.27638861E-003
   2583.52784   5.25292049E-003
   2582.19406   5.22963592E-003
   2580.86029   5.20653308E-003
   2579.52651   5.18361018E-003
   2578.19273   5.16086547E-003
   2576.85895   5.13829722E-003
   2575.52518   5.11590369E-003
   2574.19140   5.09368320E-003
   2572.85762   5.07163408E-003
   2571.52384   5.04975467E-003
   2570.19006   5.02804335E-003
   2568.85629   5.00649850E-003
   2567.52251   4.98511853E-003
   2566.18873   4.96390188E-003
   2564.85495   4.94284699E-003
   2563.52117   4.92195233E-003
   2562.18740   4.90121640E-003
   2560.85362   4.88063769E-003
   2559.51984   4.86021474E-003
   2558.18606   4.83994609E-003
   2556.85228   4.81983030E-003
   2555.51851   4.79986596E-003
   2554.18473   4.78005165E-003
   2552.85095   4.76038599E-003
   2551.51717   4.74086762E-003
   2550.18339   4.72149518E-003
   2548.84962   4.70226735E-003
   2547.51584   4.68318279E-003
   2546.18206   4.66424021E-003
   2544.84828   4.64543832E-003
   2543.51450   4.62677585E-003
   2542.18073   4.60825154E-003
   2540.84695   4.58986415E-003
   2539.51317   4.57161246E-003
   2538.17939   4.55349526E-003
   2536.84562   4.53551135E-003
   2535.51184   4.51765954E-003
   2534.17806   4.49993867E-003
   2532.84428   4.48234759E-003
   2531.51050   4.46488515E-003
   2530.17673   4.44755023E-003
   2528.84295   4.43034171E-003
   2527.50917   4.41325849E-003
   2526.17539   4.39629949E-003
   2524.84161   4.37946364E-003
   2523.50784   4.36274986E-003
   2522.17406   4.34615711E-003
   2520.84028   4.32968436E-003
   2519.50650   4.31333057E-003
   2518.17272   4.29709474E-003
   2516.83895   4.28097587E-003
   2515.50517   4.26497296E-003
   2514.17139   4.24908503E-003
   2512.83761   4.23331113E-003
   2511.50383   4.21765029E-003
   2510.17006   4.20210157E-003
   2508.83628   4.18666404E-003
   2507.50250   4.17133677E-003
   2506.16872   4.15611886E-003
   2504.83494   4.14100939E-003
   2503.50117   4.12600749E-003
   2502.16739   4.11111226E-003
   2500.83361   4.09632284E-003
   2499.49983   4.08163837E-003
   2498.16606   4.06705799E-003
   2496.83228   4.05258086E-003
   2495.49850   4.03820616E-003
   2494.16472   4.02393306E-003
   2492.83094   4.00976074E-003
   2491.49717   3.99568841E-003
   2490.16339   3.98171526E-003
   2488.82961   3.96784052E-003
   2487.49583   3.95406340E-003
   2486.16205   3.94038313E-003
   2484.82828   3.92679897E-003
   2483.49450   3.91331015E-003
   2482.16072   3.89991593E-003
   2480.82694   3.88661559E-003
   2479.49316   3.87340839E-003
   2478.15939   3.86029361E-003
   2476.82561   3.84727055E-003
   2475.49183   3.83433850E-003
   2474.15805   3.82149678E-003
   2472.82427   3.80874468E-003
   2471.49050   3.79608155E-003
   2470.15672   3.78350669E-003
   2468.82294   3.77101946E-003
   2467.48916   3.75861919E-003
   2466.15539   3.74630524E-003
   2464.82161   3.73407696E-003
   2463.48783   3.72193372E-003
   2462.15405   3.70987489E-003
   2460.82027   3.69789985E-003
   2459.48650   3.68600799E-003
   2458.15272   3.67419870E-003
   2456.81894   3.66247138E-003
   2455.48516   3.65082543E-003
   2454.15138   3.63926027E-003
   2452.81761   3.62777533E-003
   2451.48383   3.61637001E-003
   2450.15005   3.60504376E-003
   2448.81627   3.59379602E-003
   2447.48249   3.58262623E-003
   2446.14872   3.57153383E-003
   2444.81494   3.56051829E-003
   2443.48116   3.54957908E-003
   2442.14738   3.53871565E-003
   2440.81360   3.52792748E-003
   2439.47983   3.51721406E-003
   2438.14605   3.50657486E-003
   2436.81227   3.49600939E-003
   2435.47849   3.48551713E-003
   2434.14471   3.47509760E-003
   2432.81094   3.46475029E-003
   2431.47716   3.45447473E-003
   2430.14338   3.44427043E-003
   2428.80960   3.43413692E-003
   2427.47583   3.42407372E-003
   2426.14205   3.41408038E-003
   2424.80827   3.40415642E-003
   2423.47449   3.39430140E-003
   2422.14071   3.38451487E-003
   2420.80694   3.37479638E-003
   2419.47316   3.36514549E-003
   2418.13938   3.35556177E-003
   2416.80560   3.34604478E-003
   2415.47182   3.33659410E-003
   2414.13805   3.32720932E-003
   2412.80427   3.31789000E-003
   2411.47049   3.30863575E-003
   2410.13671   3.29944616E-003
   2408.80293   3.29032081E-003
   2407.46916   3.28125933E-003
   2406.13538   3.27226130E-003
   2404.80160   3.26332635E-003
   2403.46782   3.25445409E-003
   2402.13404   3.24564413E-003
   2400.80027   3.23689610E-003
   2399.46649   3.22820964E-003
   2398.13271   3.21958437E-003
   2396.79893   3.21101993E-003
   2395.46516   3.20251596E-003
   2394.13138   3.19407210E-003
   2392.79760   3.18568801E-003
   2391.46382   3.17736333E-003
   2390.13004   3.16909773E-003
   2388.79627   3.16089087E-003
   2387.46249   3.15274240E-003
   2386.12871   3.14465200E-003
   2384.79493   3.13661934E-003
   2383.46115   3.12864410E-003
   2382.12738   3.12072595E-003
   2380.79360   3.11286459E-003
   2379.45982   3.10505969E-003
   2378.12604   3.09731095E-003
   2376.79226   3.08961807E-003
   2375.45849   3.08198073E-003
   2374.12471   3.07439866E-003
   2372.79093   3.06687154E-003
   2371.45715   3.05939909E-003
   2370.12337   3.05198102E-003
   2368.78960   3.04461705E-003
   2367.45582   3.03730689E-003
   2366.12204   3.03005027E-003
   2364.78826   3.02284692E-003
   2363.45448   3.01569657E-003
   2362.12071   3.00859894E-003
   2360.78693   3.00155378E-003
   2359.45315   2.99456082E-003
   2358.11937   2.98761981E-003
   2356.78560   2.98073049E-003
   2355.45182   2.97389261E-003
   2354.11804   2.96710593E-003
   2352.78426   2.96037019E-003
   2351.45048   2.95368517E-003
   2350.11671   2.94705061E-003
   2348.78293   2.94046629E-003
   2347.44915   2.93393198E-003
   2346.11537   2.92744744E-003
   2344.78159   2.92101244E-003
   2343.44782   2.91462678E-003
   2342.11404   2.90829022E-003
   2340.78026   2.90200254E-003
   2339.44648   2.89576355E-003
   2338.11270   2.88957301E-003
   2336.77893   2.88343074E-003
   2335.44515   2.87733651E-003
   2334.11137   2.87129013E-003
   2332.77759   2.86529141E-003
   2331.44381   2.85934013E-003
   2330.11004   2.85343612E-003
   2328.77626   2.84757917E-003
   2327.44248   2.84176911E-003
   2326.10870   2.83600574E-003
   2324.77492   2.83028888E-003
   2323.44115   2.82461836E-003
   2322.10737   2.81899399E-003
   2320.77359   2.81341561E-003
   2319.43981   2.80788303E-003
   2318.10604   2.80239610E-003
   2316.77226   2.79695465E-003
   2315.43848   2.79155851E-003
   2314.10470   2.78620752E-003
   2312.77092   2.78090153E-003
   2311.43715   2.77564038E-003
   2310.10337   2.77042391E-003
   2308.76959   2.76525199E-003
   2307.43581   2.76012445E-003
   2306.10203   2.75504116E-003
   2304.76826   2.75000197E-003
   2303.43448   2.74500675E-003
   2302.10070   2.74005535E-003
   2300.76692   2.73514765E-003
   2299.43314   2.73028351E-003
   2298.09937   2.72546280E-003
   2296.76559   2.72068540E-003
   2295.43181   2.71595118E-003
   2294.09803   2.71126002E-003
   2292.76425   2.70661181E-003
   2291.43048   2.70200642E-003
   2290.09670   2.69744374E-003
   2288.76292   2.69292367E-003
   2287.42914   2.68844609E-003
   2286.09537   2.68401089E-003
   2284.76159   2.67961798E-003
   2283.42781   2.67526726E-003
   2282.09403   2.67095861E-003
   2280.76025   2.66669196E-003
   2279.42648   2.66246720E-003
   2278.09270   2.65828425E-003
   2276.75892   2.65414301E-003
   2275.42514   2.65004341E-003
   2274.09136   2.64598535E-003
   2272.75759   2.64196876E-003
   2271.42381   2.63799355E-003
   2270.09003   2.63405966E-003
   2268.75625   2.63016701E-003
   2267.42247   2.62631553E-003
   2266.08870   2.62250515E-003
   2264.75492   2.61873580E-003
   2263.42114   2.61500743E-003
   2262.08736   2.61131997E-003
   2260.75358   2.60767336E-003
   2259.41981   2.60406756E-003
   2258.08603   2.60050250E-003
   2256.75225   2.59697813E-003
   2255.41847   2.59349441E-003
   2254.08469   2.59005130E-003
   2252.75092   2.58664874E-003
   2251.41714   2.58328671E-003
   2250.08336   2.57996516E-003
   2248.74958   2.57668406E-003
   2247.41581   2.57344337E-003
   2246.08203   2.57024307E-003
   2244.74825   2.56708313E-003
   2243.41447   2.56396352E-003
   2242.08069   2.56088422E-003
   2240.74692   2.55784523E-003
   2239.41314   2.55484650E-003
   2238.07936   2.55188805E-003
   2236.74558   2.54896984E-003
   2235.41180   2.54609188E-003
   2234.07803   2.54325416E-003
   2232.74425   2.54045667E-003
   2231.41047   2.53769942E-003
   2230.07669   2.53498241E-003
   2228.74291   2.53230564E-003
   2227.40914   2.52966912E-003
   2226.07536   2.52707286E-003
   2224.74158   2.52451688E-003
   2223.40780   2.52200120E-003
   2222.07402   2.51952582E-003
   2220.74025   2.51709077E-003
   2219.40647   2.51469609E-003
   2218.07269   2.51234179E-003
   2216.73891   2.51002791E-003
   2215.40514   2.50775448E-003
   2214.07136   2.50552154E-003
   2212.73758   2.50332912E-003
   2211.40380   2.50117727E-003
   2210.07002   2.49906604E-003
   2208.73625   2.49699548E-003
   2207.40247   2.49496563E-003
   2206.06869   2.49297655E-003
   2204.73491   2.49102829E-003
   2203.40113   2.48912093E-003
   2202.06736   2.48725452E-003
   2200.73358   2.48542914E-003
   2199.39980   2.48364484E-003
   2198.06602   2.48190172E-003
   2196.73224   2.48019983E-003
   2195.39847   2.47853927E-003
   2194.06469   2.47692012E-003
   2192.73091   2.47534246E-003
   2191.39713   2.47380638E-003
   2190.06335   2.47231199E-003
   2188.72958   2.47085937E-003
   2187.39580   2.46944863E-003
   2186.06202   2.46807987E-003
   2184.72824   2.46675321E-003
   2183.39446   2.46546874E-003
   2182.06069   2.46422659E-003
   2180.72691   2.46302688E-003
   2179.39313   2.46186973E-003
   2178.05935   2.46075526E-003
   2176.72558   2.45968361E-003
   2175.39180   2.45865491E-003
   2174.05802   2.45766930E-003
   2172.72424   2.45672692E-003
   2171.39046   2.45582791E-003
   2170.05669   2.45497243E-003
   2168.72291   2.45416064E-003
   2167.38913   2.45339268E-003
   2166.05535   2.45266872E-003
   2164.72157   2.45198893E-003
   2163.38780   2.45135348E-003
   2162.05402   2.45076255E-003
   2160.72024   2.45021631E-003
   2159.38646   2.44971495E-003
   2158.05268   2.44925865E-003
   2156.71891   2.44884762E-003
   2155.38513   2.44848205E-003
   2154.05135   2.44816213E-003
   2152.71757   2.44788809E-003
   2151.38379   2.44766013E-003
   2150.05002   2.44747846E-003
   2148.71624   2.44734332E-003
   2147.38246   2.44725492E-003
   2146.04868   2.44721351E-003
   2144.71490   2.44721931E-003
   2143.38113   2.44727257E-003
   2142.04735   2.44737354E-003
   2140.71357   2.44752247E-003
   2139.37979   2.44771962E-003
   2138.04602   2.44796526E-003
   2136.71224   2.44825965E-003
   2135.37846   2.44860307E-003
   2134.04468   2.44899581E-003
   2132.71090   2.44943815E-003
   2131.37713   2.44993038E-003
   2130.04335   2.45047280E-003
   2128.70957   2.45106573E-003
   2127.37579   2.45170947E-003
   2126.04201   2.45240433E-003
   2124.70824   2.45315066E-003
   2123.37446   2.45394877E-003
   2122.04068   2.45479901E-003
   2120.70690   2.45570172E-003
   2119.37312   2.45665726E-003
   2118.03935   2.45766597E-003
   2116.70557   2.45872824E-003
   2115.37179   2.45984443E-003
   2114.03801   2.46101493E-003
   2112.70423   2.46224012E-003
   2111.37046   2.46352041E-003
   2110.03668   2.46485618E-003
   2108.70290   2.46624787E-003
   2107.36912   2.46769588E-003
   2106.03535   2.46920064E-003
   2104.70157   2.47076260E-003
   2103.36779   2.47238220E-003
   2102.03401   2.47405989E-003
   2100.70023   2.47579613E-003
   2099.36646   2.47759141E-003
   2098.03268   2.47944619E-003
   2096.69890   2.48136097E-003
   2095.36512   2.48333625E-003
   2094.03134   2.48537253E-003
   2092.69757   2.48747035E-003
   2091.36379   2.48963022E-003
   2090.03001   2.49185269E-003
   2088.69623   2.49413831E-003
   2087.36245   2.49648764E-003
   2086.02868   2.49890124E-003
   2084.69490   2.50137972E-003
   2083.36112   2.50392364E-003
   2082.02734   2.50653363E-003
   2080.69356   2.50921030E-003
   2079.35979   2.51195428E-003
   2078.02601   2.51476621E-003
   2076.69223   2.51764675E-003
   2075.35845   2.52059656E-003
   2074.02467   2.52361631E-003
   2072.69090   2.52670671E-003
   2071.35712   2.52986846E-003
   2070.02334   2.53310228E-003
   2068.68956   2.53640890E-003
   2067.35579   2.53978908E-003
   2066.02201   2.54324356E-003
   2064.68823   2.54677314E-003
   2063.35445   2.55037861E-003
   2062.02067   2.55406077E-003
   2060.68690   2.55782045E-003
   2059.35312   2.56165848E-003
   2058.01934   2.56557574E-003
   2056.68556   2.56957308E-003
   2055.35178   2.57365141E-003
   2054.01801   2.57781163E-003
   2052.68423   2.58205467E-003
   2051.35045   2.58638147E-003
   2050.01667   2.59079301E-003
   2048.68289   2.59529026E-003
   2047.34912   2.59987423E-003
   2046.01534   2.60454594E-003
   2044.68156   2.60930644E-003
   2043.34778   2.61415680E-003
   2042.01400   2.61909810E-003
   2040.68023   2.62413145E-003
   2039.34645   2.62925798E-003
   2038.01267   2.63447886E-003
   2036.67889   2.63979525E-003
   2035.34512   2.64520837E-003
   2034.01134   2.65071944E-003
   2032.67756   2.65632972E-003
   2031.34378   2.66204048E-003
   2030.01000   2.66785304E-003
   2028.67623   2.67376872E-003
   2027.34245   2.67978890E-003
   2026.00867   2.68591495E-003
   2024.67489   2.69214830E-003
   2023.34111   2.69849041E-003
   2022.00734   2.70494274E-003
   2020.67356   2.71150682E-003
   2019.33978   2.71818419E-003
   2018.00600   2.72497643E-003
   2016.67222   2.73188514E-003
   2015.33845   2.73891199E-003
   2014.00467   2.74605865E-003
   2012.67089   2.75332683E-003
   2011.33711   2.76071831E-003
   2010.00333   2.76823487E-003
   2008.66956   2.77587835E-003
   2007.33578   2.78365063E-003
   2006.00200   2.79155363E-003
   2004.66822   2.79958930E-003
   2003.33444   2.80775966E-003
   2002.00067   2.81606676E-003
   2000.66689   2.82451268E-003
   1999.33311   2.83309959E-003
   1997.99933   2.84182966E-003
   1996.66556   2.85070515E-003
   1995.33178   2.85972835E-003
   1993.99800   2.86890162E-003
   1992.66422   2.87822735E-003
   1991.33044   2.88770801E-003
   1989.99667   2.89734611E-003
   1988.66289   2.90714423E-003
   1987.32911   2.91710502E-003
   1985.99533   2.92723117E-003
   1984.66155   2.93752545E-003
   1983.32778   2.94799069E-003
   1981.99400   2.95862979E-003
   1980.66022   2.96944574E-003
   1979.32644   2.98044156E-003
   1977.99266   2.99162038E-003
   1976.65889   3.00298541E-003
   1975.32511   3.01453990E-003
   1973.99133   3.02628723E-003
   1972.65755   3.03823083E-003
   1971.32377   3.05037422E-003
   1969.99000   3.06272104E-003
   1968.65622   3.07527499E-003
   1967.32244   3.08803987E-003
   1965.98866   3.10101959E-003
   1964.65488   3.11421816E-003
   1963.32111   3.12763967E-003
   1961.98733   3.14128835E-003
   1960.65355   3.15516853E-003
   1959.31977   3.16928464E-003
   1957.98600   3.18364125E-003
   1956.65222   3.19824304E-003
   1955.31844   3.21309482E-003
   1953.98466   3.22820152E-003
   1952.65088   3.24356824E-003
   1951.31711   3.25920016E-003
   1949.98333   3.27510266E-003
   1948.64955   3.29128124E-003
   1947.31577   3.30774157E-003
   1945.98199   3.32448945E-003
   1944.64822   3.34153088E-003
   1943.31444   3.35887200E-003
   1941.98066   3.37651916E-003
   1940.64688   3.39447886E-003
   1939.31310   3.41275782E-003
   1937.97933   3.43136292E-003
   1936.64555   3.45030126E-003
   1935.31177   3.46958018E-003
   1933.97799   3.48920718E-003
   1932.64421   3.50919003E-003
   1931.31044   3.52953673E-003
   1929.97666   3.55025549E-003
   1928.64288   3.57135482E-003
   1927.30910   3.59284346E-003
   1925.97533   3.61473042E-003
   1924.64155   3.63702502E-003
   1923.30777   3.65973684E-003
   1921.97399   3.68287579E-003
   1920.64021   3.70645208E-003
   1919.30644   3.73047625E-003
   1917.97266   3.75495920E-003
   1916.63888   3.77991216E-003
   1915.30510   3.80534676E-003
   1913.97132   3.83127497E-003
   1912.63755   3.85770922E-003
   1911.30377   3.88466230E-003
   1909.96999   3.91214748E-003
   1908.63621   3.94017846E-003
   1907.30243   3.96876941E-003
   1905.96866   3.99793499E-003
   1904.63488   4.02769041E-003
   1903.30110   4.05805137E-003
   1901.96732   4.08903414E-003
   1900.63354   4.12065560E-003
   1899.29977   4.15293322E-003
   1897.96599   4.18588510E-003
   1896.63221   4.21953001E-003
   1895.29843   4.25388743E-003
   1893.96465   4.28897756E-003
   1892.63088   4.32482136E-003
   1891.29710   4.36144059E-003
   1889.96332   4.39885784E-003
   1888.62954   4.43709658E-003
   1887.29577   4.47618121E-003
   1885.96199   4.51613706E-003
   1884.62821   4.55699050E-003
   1883.29443   4.59876894E-003
   1881.96065   4.64150091E-003
   1880.62688   4.68521610E-003
   1879.29310   4.72994544E-003
   1877.95932   4.77572113E-003
   1876.62554   4.82257674E-003
   1875.29176   4.87054725E-003
   1873.95799   4.91966918E-003
   1872.62421   4.96998058E-003
   1871.29043   5.02152121E-003
   1869.95665   5.07433256E-003
   1868.62287   5.12845800E-003
   1867.28910   5.18394283E-003
   1865.95532   5.24083443E-003
   1864.62154   5.29918238E-003
   1863.28776   5.35903854E-003
   1861.95398   5.42045722E-003
   1860.62021   5.48349534E-003
   1859.28643   5.54821254E-003
   1857.95265   5.61467135E-003
   1856.61887   5.68293741E-003
   1855.28510   5.75307961E-003
   1853.95132   5.82517030E-003
   1852.61754   5.89928553E-003
   1851.28376   5.97550528E-003
   1849.94998   6.05391367E-003
   1848.61621   6.13459929E-003
   1847.28243   6.21765545E-003
   1845.94865   6.30318052E-003
   1844.61487   6.39127826E-003
   1843.28109   6.48205816E-003
   1841.94732   6.57563590E-003
   1840.61354   6.67213371E-003
   1839.27976   6.77168090E-003
   1837.94598   6.87441432E-003
   1836.61220   6.98047894E-003
   1835.27843   7.09002841E-003
   1833.94465   7.20322577E-003
   1832.61087   7.32024411E-003
   1831.27709   7.44126736E-003
   1829.94331   7.56649113E-003
   1828.60954   7.69612366E-003
   1827.27576   7.83038681E-003
   1825.94198   7.96951717E-003
   1824.60820   8.11376729E-003
   1823.27442   8.26340705E-003
   1821.94065   8.41872507E-003
   1820.60687   8.58003040E-003
   1819.27309   8.74765430E-003
   1817.93931   8.92195224E-003
   1816.60554   9.10330609E-003
   1815.27176   9.29212659E-003
   1813.93798   9.48885606E-003
   1812.60420   9.69397146E-003
   1811.27042   9.90798773E-003
   1809.93665   1.01314616E-002
   1808.60287   1.03649959E-002
   1807.26909   1.06092441E-002
   1805.93531   1.08649160E-002
   1804.60153   1.11327834E-002
   1803.26776   1.14136871E-002
   1801.93398   1.17085448E-002
   1800.60020   1.20183595E-002
   1799.26642   1.23442296E-002
   1797.93264   1.26873603E-002
   1796.59887   1.30490769E-002
   1795.26509   1.34308390E-002
   1793.93131   1.38342586E-002
   1792.59753   1.42611191E-002
   1791.26375   1.47133990E-002
   1789.92998   1.51932980E-002
   1788.59620   1.57032685E-002
   1787.26242   1.62460521E-002
   1785.92864   1.68247221E-002
   1784.59486   1.74427343E-002
   1783.26109   1.81039868E-002
   1781.92731   1.88128915E-002
   1780.59353   1.95744590E-002
   1779.25975   2.03944014E-002
   1777.92598   2.12792557E-002
   1776.59220   2.22365347E-002
   1775.25842   2.32749107E-002
   1773.92464   2.44044416E-002
   1772.59086   2.56368505E-002
   1771.25709   2.69858751E-002
   1769.92331   2.84677057E-002
   1768.58953   3.01015402E-002
   1767.25575   3.19102922E-002
   1765.92197   3.39215038E-002
   1764.58820   3.61685329E-002
   1763.25442   3.86921140E-002
   1761.92064   4.15424323E-002
   1760.58686   4.47819155E-002
   1759.25308   4.84890368E-002
   1757.91931   5.27635730E-002
   1756.58553   5.77339799E-002
   1755.25175   6.35679129E-002
   1753.91797   7.04874969E-002
   1752.58419   7.87919171E-002
   1751.25042   8.88915306E-002
   1749.91664   1.01360503E-001
   1748.58286   1.17019900E-001
   1747.24908   1.37071883E-001
   1745.91531   1.63321107E-001
   1744.58153   1.98545719E-001
   1743.24775   2.47119170E-001
   1741.91397   3.16010199E-001
   1740.58019   4.16128537E-001
   1739.24642   5.62805560E-001
   1737.91264   7.69036678E-001
   1736.57886   1.01274354E+000
   1735.24508   1.17895145E+000
   1733.91130   1.12987669E+000
   1732.57753   9.20072248E-001
   1731.24375   7.02673813E-001
   1729.90997   5.43486127E-001
   1728.57619   4.41985653E-001
   1727.24241   3.83607167E-001
   1725.90864   3.57099752E-001
   1724.57486   3.56766695E-001
   1723.24108   3.81906772E-001
   1721.90730   4.36572405E-001
   1720.57352   5.29643877E-001
   1719.23975   6.72531714E-001
   1717.90597   8.66058838E-001
   1716.57219   1.07399781E+000
   1715.23841   1.24325308E+000
   1713.90463   1.37168897E+000
   1712.57086   1.41744316E+000
   1711.23708   1.27870521E+000
   1709.90330   1.00860581E+000
   1708.56952   7.47842892E-001
   1707.23575   5.53143703E-001
   1705.90197   4.18870034E-001
   1704.56819   3.26968684E-001
   1703.23441   2.62938819E-001
   1701.90063   2.17216930E-001
   1700.56686   1.83763903E-001
   1699.23308   1.58754791E-001
   1697.89930   1.39721171E-001
   1696.56552   1.25032469E-001
   1695.23174   1.13586142E-001
   1693.89797   1.04620658E-001
   1692.56419   9.76004243E-002
   1691.23041   9.21434803E-002
   1689.89663   8.79751126E-002
   1688.56285   8.48975792E-002
   1687.22908   8.27700959E-002
   1685.89530   8.14955544E-002
   1684.56152   8.10118089E-002
   1683.22774   8.12862058E-002
   1681.89396   8.23125605E-002
   1680.56019   8.41101452E-002
   1679.22641   8.67245164E-002
   1677.89263   9.02302422E-002
   1676.55885   9.47358201E-002
   1675.22508   1.00391361E-001
   1673.89130   1.07400001E-001
   1672.55752   1.16034576E-001
   1671.22374   1.26661981E-001
   1669.88996   1.39779068E-001
   1668.55619   1.56066303E-001
   1667.22241   1.76469392E-001
   1665.88863   2.02325980E-001
   1664.55485   2.35566637E-001
   1663.22107   2.79040821E-001
   1661.88730   3.37056460E-001
   1660.55352   4.16285935E-001
   1659.21974   5.27283158E-001
   1657.88596   6.86902018E-001
   1656.55218   9.21426344E-001
   1655.21841   1.26697090E+000
   1653.88463   1.75007513E+000
   1652.55085   2.30244611E+000
   1651.21707   2.63339832E+000
   1649.88329   2.44988736E+000
   1648.54952   1.92792761E+000
   1647.21574   1.41178689E+000
   1645.88196   1.02942986E+000
   1644.54818   7.70107558E-001
   1643.21440   5.97019263E-001
   1641.88063   4.80967901E-001
   1640.54685   4.03157678E-001
   1639.21307   3.52331931E-001
   1637.87929   3.22245771E-001
   1636.54552   3.10216302E-001
   1635.21174   3.16575623E-001
   1633.87796   3.44771494E-001
   1632.54418   4.01469259E-001
   1631.21040   4.93799070E-001
   1629.87663   6.14496039E-001
   1628.54285   7.08982907E-001
   1627.20907   6.92437631E-001
   1625.87529   5.72476380E-001
   1624.54151   4.35274526E-001
   1623.20774   3.27393588E-001
   1621.87396   2.51839294E-001
   1620.54018   1.99905859E-001
   1619.20640   1.63634416E-001
   1617.87262   1.37633907E-001
   1616.53885   1.18493466E-001
   1615.20507   1.04066816E-001
   1613.87129   9.29827534E-002
   1612.53751   8.43470210E-002
   1611.20373   7.75653409E-002
   1609.86996   7.22381459E-002
   1608.53618   6.80975144E-002
   1607.20240   6.49695708E-002
   1605.86862   6.27530971E-002
   1604.53484   6.14095598E-002
   1603.20107   6.09626753E-002
   1601.86729   6.15080195E-002
   1600.53351   6.32358389E-002
   1599.19973   6.64739684E-002
   1597.86596   7.17635438E-002
   1596.53218   7.99878779E-002
   1595.19840   9.25765369E-002
   1593.86462   1.11754042E-001
   1592.53084   1.40477228E-001
   1591.19707   1.80419422E-001
   1589.86329   2.24131765E-001
   1588.52951   2.46130455E-001
   1587.19573   2.26698203E-001
   1585.86195   1.84789059E-001
   1584.52818   1.46535820E-001
   1583.19440   1.20147954E-001
   1581.86062   1.04485239E-001
   1580.52684   9.72101890E-002
   1579.19306   9.70634651E-002
   1577.85929   1.04154730E-001
   1576.52551   1.19834488E-001
   1575.19173   1.45715212E-001
   1573.85795   1.79257656E-001
   1572.52417   2.04647869E-001
   1571.19040   1.98913022E-001
   1569.85662   1.65710611E-001
   1568.52284   1.28728794E-001
   1567.18906   1.00011811E-001
   1565.85529   8.00786190E-002
   1564.52151   6.65093997E-002
   1563.18773   5.71511437E-002
   1561.85395   5.05550503E-002
   1560.52017   4.58065125E-002
   1559.18640   4.23306574E-002
   1557.85262   3.97605758E-002
   1556.51884   3.78572202E-002
   1555.18506   3.64618022E-002
   1553.85128   3.54673686E-002
   1552.51751   3.48016205E-002
   1551.18373   3.44164470E-002
   1549.84995   3.42816283E-002
   1548.51617   3.43813083E-002
   1547.18239   3.47125524E-002
   1545.84862   3.52858123E-002
   1544.51484   3.61276048E-002
   1543.18106   3.72863066E-002
   1541.84728   3.88427725E-002
   1540.51350   4.09282442E-002
   1539.17973   4.37503955E-002
   1537.84595   4.76125011E-002
   1536.51217   5.28343851E-002
   1535.17839   5.92601668E-002
   1533.84461   6.50961845E-002
   1532.51084   6.73297613E-002
   1531.17706   6.60742525E-002
   1529.84328   6.44708929E-002
   1528.50950   6.43852880E-002
   1527.17573   6.60949247E-002
   1525.84195   6.94563629E-002
   1524.50817   7.43983274E-002
   1523.17439   8.10213639E-002
   1521.84061   8.96175058E-002
   1520.50684   1.00707333E-001
   1519.17306   1.15125019E-001
   1517.83928   1.34178293E-001
   1516.50550   1.59924248E-001
   1515.17172   1.95604548E-001
   1513.83795   2.46168347E-001
   1512.50417   3.18111814E-001
   1511.17039   4.15170415E-001
   1509.83661   5.22262480E-001
   1508.50283   5.90061770E-001
   1507.16906   5.87466364E-001
   1505.83528   5.60904203E-001
   1504.50150   5.68446869E-001
   1503.16772   6.36790878E-001
   1501.83394   7.74903149E-001
   1500.50017   9.64551027E-001
   1499.16639   1.11500447E+000
   1497.83261   1.09846700E+000
   1496.49883   9.30004486E-001
   1495.16506   7.40430829E-001
   1493.83128   6.03670094E-001
   1492.49750   5.28566814E-001
   1491.16372   5.07244870E-001
   1489.82994   5.35059851E-001
   1488.49617   6.11008140E-001
   1487.16239   7.25586926E-001
   1485.82861   8.48966120E-001
   1484.49483   9.67062113E-001
   1483.16105   1.10316809E+000
   1481.82728   1.21458702E+000
   1480.49350   1.17227043E+000
   1479.15972   9.65403201E-001
   1477.82594   7.25639232E-001
   1476.49216   5.35033846E-001
   1475.15839   4.01237490E-001
   1473.82461   3.09504121E-001
   1472.49083   2.45738562E-001
   1471.15705   2.00275222E-001
   1469.82327   1.66968000E-001
   1468.48950   1.41936817E-001
   1467.15572   1.22692969E-001
   1465.82194   1.07602229E-001
   1464.48816   9.55641422E-002
   1463.15438   8.58194216E-002
   1461.82061   7.78322032E-002
   1460.48683   7.12164763E-002
   1459.15305   6.56890511E-002
   1457.81927   6.10388213E-002
   1456.48550   5.71062572E-002
   1455.15172   5.37694711E-002
   1453.81794   5.09345994E-002
   1452.48416   4.85290866E-002
   1451.15038   4.64969716E-002
   1449.81661   4.47955990E-002
   1448.48283   4.33933907E-002
   1447.14905   4.22684585E-002
   1445.81527   4.14079524E-002
   1444.48149   4.08081369E-002
   1443.14772   4.04753040E-002
   1441.81394   4.04277740E-002
   1440.48016   4.06994687E-002
   1439.14638   4.13459149E-002
   1437.81260   4.24541928E-002
   1436.47883   4.41594925E-002
   1435.14505   4.66729459E-002
   1433.81127   5.03286069E-002
   1432.47749   5.56611544E-002
   1431.14371   6.35224071E-002
   1429.80994   7.51927121E-002
   1428.47616   9.21712726E-002
   1427.14238   1.14420099E-001
   1425.80860   1.35276116E-001
   1424.47482   1.40181482E-001
   1423.14105   1.25122905E-001
   1421.80727   1.03630399E-001
   1420.47349   8.61075917E-002
   1419.13971   7.43650414E-002
   1417.80594   6.71629615E-002
   1416.47216   6.31233239E-002
   1415.13838   6.13031901E-002
   1413.80460   6.11414014E-002
   1412.47082   6.23381418E-002
   1411.13705   6.47711308E-002
   1409.80327   6.84508195E-002
   1408.46949   7.35046188E-002
   1407.13571   8.01842559E-002
   1405.80193   8.88963073E-002
   1404.46816   1.00262469E-001
   1403.13438   1.15224750E-001
   1401.80060   1.35224109E-001
   1400.46682   1.62501500E-001
   1399.13304   2.00593640E-001
   1397.79927   2.55074507E-001
   1396.46549   3.34274686E-001
   1395.13171   4.48076094E-001
   1393.79793   5.97782200E-001
   1392.46415   7.49490965E-001
   1391.13038   8.36809702E-001
   1389.79660   8.53990655E-001
   1388.46282   8.45085537E-001
   1387.12904   7.86578415E-001
   1385.79527   6.53113192E-001
   1384.46149   4.99271489E-001
   1383.12771   3.74740783E-001
   1381.79393   2.87039942E-001
   1380.46015   2.27497325E-001
   1379.12638   1.87034184E-001
   1377.79260   1.59317424E-001
   1376.45882   1.40354381E-001
   1375.12504   1.27717876E-001
   1373.79126   1.19999599E-001
   1372.45749   1.16500523E-001
   1371.12371   1.17096952E-001
   1369.78993   1.22245966E-001
   1368.45615   1.33119095E-001
   1367.12237   1.51821298E-001
   1365.78860   1.81363430E-001
   1364.45482   2.23894024E-001
   1363.12104   2.73821122E-001
   1361.78726   3.10573872E-001
   1360.45348   3.18235136E-001
   1359.11971   3.04486281E-001
   1357.78593   2.73536034E-001
   1356.45215   2.31076296E-001
   1355.11837   1.92898619E-001
   1353.78459   1.67271903E-001
   1352.45082   1.54241400E-001
   1351.11704   1.52115222E-001
   1349.78326   1.59296499E-001
   1348.44948   1.71679246E-001
   1347.11571   1.78810817E-001
   1345.78193   1.72041149E-001
   1344.44815   1.57764134E-001
   1343.11437   1.46112448E-001
   1341.78059   1.40497372E-001
   1340.44682   1.40615376E-001
   1339.11304   1.45692107E-001
   1337.77926   1.55412882E-001
   1336.44548   1.70048383E-001
   1335.11170   1.90488564E-001
   1333.77793   2.18374449E-001
   1332.44415   2.56401871E-001
   1331.11037   3.08889839E-001
   1329.77659   3.82765473E-001
   1328.44281   4.89140769E-001
   1327.10904   6.45293920E-001
   1325.77526   8.74528741E-001
   1324.44148   1.19188656E+000
   1323.10770   1.54554889E+000
   1321.77392   1.74094649E+000
   1320.44015   1.60801123E+000
   1319.10637   1.28100665E+000
   1317.77259   9.72966806E-001
   1316.43881   7.56399781E-001
   1315.10504   6.23919661E-001
   1313.77126   5.55611471E-001
   1312.43748   5.36153879E-001
   1311.10370   5.48788553E-001
   1309.76992   5.63444834E-001
   1308.43615   5.55315240E-001
   1307.10237   5.41945960E-001
   1305.76859   5.56625326E-001
   1304.43481   6.19620891E-001
   1303.10103   7.46635209E-001
   1301.76726   9.54794745E-001
   1300.43348   1.24098783E+000
   1299.09970   1.51148775E+000
   1297.76592   1.56254656E+000
   1296.43214   1.33513166E+000
   1295.09837   1.01588766E+000
   1293.76459   7.49913430E-001
   1292.43081   5.62371624E-001
   1291.09703   4.35450959E-001
   1289.76325   3.49199182E-001
   1288.42948   2.89579263E-001
   1287.09570   2.47687704E-001
   1285.76192   2.17995692E-001
   1284.42814   1.97067264E-001
   1283.09436   1.82774228E-001
   1281.76059   1.73842441E-001
   1280.42681   1.69603638E-001
   1279.09303   1.69881259E-001
   1277.75925   1.74978951E-001
   1276.42548   1.85771307E-001
   1275.09170   2.03924745E-001
   1273.75792   2.32300042E-001
   1272.42414   2.75556824E-001
   1271.09036   3.40629198E-001
   1269.75659   4.35030269E-001
   1268.42281   5.55898828E-001
   1267.08903   6.63901629E-001
   1265.75525   6.92643262E-001
   1264.42147   6.47691717E-001
   1263.08770   6.05907989E-001
   1261.75392   6.16273496E-001
   1260.42014   6.82021317E-001
   1259.08636   7.57874907E-001
   1257.75258   7.54656805E-001
   1256.41881   6.46522873E-001
   1255.08503   5.07873294E-001
   1253.75125   3.95292911E-001
   1252.41747   3.17533728E-001
   1251.08369   2.66756071E-001
   1249.74992   2.34676013E-001
   1248.41614   2.15658457E-001
   1247.08236   2.06365970E-001
   1245.74858   2.05076390E-001
   1244.41480   2.11246863E-001
   1243.08103   2.25350498E-001
   1241.74725   2.48961741E-001
   1240.41347   2.85116352E-001
   1239.07969   3.39033536E-001
   1237.74592   4.19282710E-001
   1236.41214   5.39031623E-001
   1235.07836   7.14527124E-001
   1233.74458   9.49141196E-001
   1232.41080   1.18247525E+000
   1231.07703   1.26300331E+000
   1229.74325   1.12656658E+000
   1228.40947   9.08874546E-001
   1227.07569   7.33641622E-001
   1225.74191   6.30717643E-001
   1224.40814   5.94075032E-001
   1223.07436   6.17098593E-001
   1221.74058   6.97084945E-001
   1220.40680   8.20972020E-001
   1219.07302   9.45723080E-001
   1217.73925   1.02601856E+000
   1216.40547   1.04375849E+000
   1215.07169   9.88206788E-001
   1213.73791   9.10947668E-001
   1212.40413   8.88781607E-001
   1211.07036   9.44013555E-001
   1209.73658   1.02316610E+000
   1208.40280   1.00824992E+000
   1207.06902   8.57944442E-001
   1205.73525   6.66438877E-001
   1204.40147   5.09799558E-001
   1203.06769   4.00738465E-001
   1201.73391   3.29284954E-001
   1200.40013   2.84953169E-001
   1199.06636   2.61297965E-001
   1197.73258   2.55735782E-001
   1196.39880   2.68532078E-001
   1195.06502   2.99930986E-001
   1193.73124   3.40824925E-001
   1192.39747   3.60682496E-001
   1191.06369   3.32338829E-001
   1189.72991   2.75418664E-001
   1188.39613   2.22515112E-001
   1187.06235   1.84832530E-001
   1185.72858   1.61222749E-001
   1184.39480   1.48722732E-001
   1183.06102   1.45669013E-001
   1181.72724   1.52125331E-001
   1180.39346   1.69685482E-001
   1179.05969   2.00042740E-001
   1177.72591   2.38972073E-001
   1176.39213   2.65372800E-001
   1175.05835   2.52742168E-001
   1173.72457   2.09594165E-001
   1172.39080   1.64380888E-001
   1171.05702   1.29784834E-001
   1169.72324   1.05705667E-001
   1168.38946   8.91537983E-002
   1167.05569   7.76037150E-002
   1165.72191   6.93787867E-002
   1164.38813   6.34286632E-002
   1163.05435   5.91018804E-002
   1161.72057   5.59961343E-002
   1160.38680   5.38702901E-002
   1159.05302   5.25964765E-002
   1157.71924   5.21387590E-002
   1156.38546   5.25525460E-002
   1155.05168   5.40048145E-002
   1153.71791   5.68188220E-002
   1152.38413   6.15396434E-002
   1151.05035   6.89548382E-002
   1149.71657   7.97311959E-002
   1148.38279   9.26800709E-002
   1147.04902   1.01742071E-001
   1145.71524   9.97844010E-002
   1144.38146   8.98161357E-002
   1143.04768   7.98871571E-002
   1141.71390   7.34633781E-002
   1140.38013   7.06081596E-002
   1139.04635   7.07163431E-002
   1137.71257   7.34334356E-002
   1136.37879   7.88111200E-002
   1135.04502   8.73477082E-002
   1133.71124   1.00089971E-001
   1132.37746   1.18802908E-001
   1131.04368   1.45970673E-001
   1129.70990   1.83498441E-001
   1128.37613   2.27264943E-001
   1127.04235   2.60004160E-001
   1125.70857   2.67224401E-001
   1124.37479   2.64423824E-001
   1123.04101   2.76416387E-001
   1121.70724   3.16090942E-001
   1120.37346   3.86051928E-001
   1119.03968   4.70214867E-001
   1117.70590   5.22040836E-001
   1116.37212   5.13475780E-001
   1115.03835   4.83517474E-001
   1113.70457   4.64465347E-001
   1112.37079   4.33876580E-001
   1111.03701   3.67251672E-001
   1109.70323   2.86907871E-001
   1108.36946   2.19921103E-001
   1107.03568   1.71885369E-001
   1105.70190   1.38753832E-001
   1104.36812   1.15786889E-001
   1103.03434   9.95736191E-002
   1101.70057   8.79081615E-002
   1100.36679   7.93890499E-002
   1099.03301   7.31162586E-002
   1097.69923   6.85007150E-002
   1096.36546   6.51495350E-002
   1095.03168   6.27969511E-002
   1093.69790   6.12622170E-002
   1092.36412   6.04235852E-002
   1091.03034   6.02020948E-002
   1089.69657   6.05515638E-002
   1088.36279   6.14527163E-002
   1087.02901   6.29102863E-002
   1085.69523   6.49525282E-002
   1084.36145   6.76329851E-002
   1083.02768   7.10347516E-002
   1081.69390   7.52778964E-002
   1080.36012   8.05313095E-002
   1079.02634   8.70311686E-002
   1077.69256   9.51097743E-002
   1076.35879   1.05241182E-001
   1075.02501   1.18114766E-001
   1073.69123   1.34756065E-001
   1072.35745   1.56727729E-001
   1071.02367   1.86460886E-001
   1069.68990   2.27765620E-001
   1068.35612   2.86414555E-001
   1067.02234   3.69801401E-001
   1065.68856   4.81378230E-001
   1064.35478   6.01395655E-001
   1063.02101   6.72719698E-001
   1061.68723   6.67290650E-001
   1060.35345   6.42944839E-001
   1059.01967   6.63179643E-001
   1057.68590   7.56372763E-001
   1056.35212   9.29165492E-001
   1055.01834   1.14465109E+000
   1053.68456   1.27423456E+000
   1052.35078   1.19969151E+000
   1051.01701   1.00445058E+000
   1049.68323   8.33569521E-001
   1048.34945   7.33662315E-001
   1047.01567   6.73865702E-001
   1045.68189   5.98291102E-001
   1044.34812   4.96734120E-001
   1043.01434   4.01765979E-001
   1041.68056   3.31152964E-001
   1040.34678   2.83655928E-001
   1039.01300   2.53451525E-001
   1037.67923   2.35806052E-001
   1036.34545   2.27782494E-001
   1035.01167   2.27890598E-001
   1033.67789   2.35773187E-001
   1032.34411   2.52108553E-001
   1031.01034   2.78724041E-001
   1029.67656   3.18808646E-001
   1028.34278   3.76609759E-001
   1027.00900   4.54268390E-001
   1025.67523   5.42383939E-001
   1024.34145   6.18205447E-001
   1023.00767   6.82488658E-001
   1021.67389   7.74942929E-001
   1020.34011   9.35658593E-001
   1019.00634   1.19100621E+000
   1017.67256   1.54298679E+000
   1016.33878   1.94027889E+000
   1015.00500   2.32144792E+000
   1013.67122   2.64993404E+000
   1012.33745   2.73230464E+000
   1011.00367   2.39552843E+000
   1009.66989   1.84795757E+000
   1008.33611   1.35475105E+000
   1007.00233   9.94088609E-001
   1005.66856   7.46587900E-001
   1004.33478   5.77464238E-001
   1003.00100   4.59935975E-001
   1001.66722   3.76550941E-001
   1000.33344   3.16424442E-001
    998.99967   2.72860768E-001
    997.66589   2.41863225E-001
    996.33211   2.21309969E-001
    994.99833   2.10514756E-001
    993.66455   2.09707303E-001
    992.33078   2.18096648E-001
    990.99700   2.28376032E-001
    989.66322   2.24160727E-001
    988.32944   1.98908469E-001
    986.99567   1.66472656E-001
    985.66189   1.38848318E-001
    984.32811   1.18318777E-001
    982.99433   1.03426589E-001
    981.66055   9.24636964E-002
    980.32678   8.42027360E-002
    978.99300   7.78486948E-002
    977.65922   7.28954114E-002
    976.32544   6.90184154E-002
    974.99166   6.60083152E-002
    973.65789   6.37314353E-002
    972.32411   6.21071018E-002
    970.99033   6.10951534E-002
    969.65655   6.06901853E-002
    968.32277   6.09208935E-002
    966.98900   6.18541856E-002
    965.65522   6.36048697E-002
    964.32144   6.63531126E-002
    962.98766   7.03739232E-002
    961.65388   7.60863863E-002
    960.32011   8.41362836E-002
    958.98633   9.55352684E-002
    957.65255   1.11891189E-001
    956.31877   1.35756957E-001
    954.98499   1.70986735E-001
    953.65122   2.22243168E-001
    952.31744   2.90233287E-001
    950.98366   3.57182906E-001
    949.64988   3.81260891E-001
    948.31611   3.48881168E-001
    946.98233   3.00508955E-001
    945.64855   2.69436735E-001
    944.31477   2.58142805E-001
    942.98099   2.48719156E-001
    941.64722   2.24155947E-001
    940.31344   1.91507668E-001
    938.97966   1.65367780E-001
    937.64588   1.50823835E-001
    936.31210   1.47755720E-001
    934.97833   1.56064219E-001
    933.64455   1.77348615E-001
    932.31077   2.14698389E-001
    930.97699   2.69004903E-001
    929.64321   3.26551895E-001
    928.30944   3.48904958E-001
    926.97566   3.13623707E-001
    925.64188   2.52081229E-001
    924.30810   1.98240471E-001
    922.97432   1.60798666E-001
    921.64055   1.37078162E-001
    920.30677   1.23154871E-001
    918.97299   1.16285265E-001
    917.63921   1.14943985E-001
    916.30544   1.18537733E-001
    914.97166   1.27237976E-001
    913.63788   1.41991689E-001
    912.30410   1.64730448E-001
    910.97032   1.98828972E-001
    909.63655   2.49861343E-001
    908.30277   3.26408091E-001
    906.96899   4.39018438E-001
    905.63521   5.89596806E-001
    904.30143   7.37754222E-001
    902.96766   7.83231013E-001
    901.63388   6.84011611E-001
    900.30010   5.28893940E-001
    898.96632   3.97458878E-001
    897.63254   3.06793519E-001
    896.29877   2.49324654E-001
    894.96499   2.15783694E-001
    893.63121   2.00337795E-001
    892.29743   2.00697644E-001
    890.96365   2.17678939E-001
    889.62988   2.54637326E-001
    888.29610   3.14484712E-001
    886.96232   3.87659186E-001
    885.62854   4.32850624E-001
    884.29476   4.04989119E-001
    882.96099   3.26080404E-001
    881.62721   2.46880646E-001
    880.29343   1.87478943E-001
    878.95965   1.46708666E-001
    877.62588   1.19145863E-001
    876.29210   1.00417065E-001
    874.95832   8.77097815E-002
    873.62454   7.93725524E-002
    872.29076   7.45450790E-002
    870.95699   7.28903942E-002
    869.62321   7.41842093E-002
    868.28943   7.71946709E-002
    866.95565   7.83081245E-002
    865.62187   7.44342535E-002
    864.28810   6.78424226E-002
    862.95432   6.21879007E-002
    861.62054   5.87035389E-002
    860.28676   5.72608979E-002
    858.95298   5.75453078E-002
    857.61921   5.93927320E-002
    856.28543   6.28299158E-002
    854.95165   6.80754896E-002
    853.61787   7.55679953E-002
    852.28409   8.60418725E-002
    850.95032   1.00675087E-001
    849.61654   1.21350303E-001
    848.28276   1.51093255E-001
    846.94898   1.94731063E-001
    845.61521   2.59508908E-001
    844.28143   3.53824235E-001
    842.94765   4.77019855E-001
    841.61387   5.90379626E-001
    840.28009   6.11565040E-001
    838.94632   5.20245196E-001
    837.61254   3.93488661E-001
    836.27876   2.88760604E-001
    834.94498   2.15493364E-001
    833.61120   1.66429077E-001
    832.27743   1.33647196E-001
    830.94365   1.11652159E-001
    829.60987   9.70422835E-002
    828.27609   8.78274612E-002
    826.94231   8.29606789E-002
    825.60854   8.20987816E-002
    824.27476   8.55450139E-002
    822.94098   9.43413601E-002
    821.60720   1.10436461E-001
    820.27342   1.36502408E-001
    818.93965   1.73598245E-001
    817.60587   2.12893047E-001
    816.27209   2.28336168E-001
    814.93831   2.03661730E-001
    813.60453   1.59789176E-001
    812.27076   1.20461158E-001
    810.93698   9.19593718E-002
    809.60320   7.24269886E-002
    808.26942   5.90094882E-002
    806.93565   4.95898294E-002
    805.60187   4.28027618E-002
    804.26809   3.77916957E-002
    802.93431   3.40147900E-002
    801.60053   3.11223882E-002
    800.26676   2.88837017E-002
    798.93298   2.71431726E-002
    797.59920   2.57941755E-002
    796.26542   2.47628807E-002
    794.93164   2.39981782E-002
    793.59787   2.34653100E-002
    792.26409   2.31418439E-002
    790.93031   2.30151921E-002
    789.59653   2.30812089E-002
    788.26275   2.33436133E-002
    786.92898   2.38141246E-002
    785.59520   2.45133067E-002
    784.26142   2.54722274E-002
    782.92764   2.67351675E-002
    781.59386   2.83637882E-002
    780.26009   3.04434451E-002
    778.92631   3.30927769E-002
    777.59253   3.64784485E-002
    776.25875   4.08382196E-002
    774.92497   4.65177874E-002
    773.59120   5.40308774E-002
    772.25742   6.41590944E-002
    770.92364   7.81194784E-002
    769.58986   9.78416963E-002
    768.25609   1.26389672E-001
    766.92231   1.68403757E-001
    765.58853   2.29586344E-001
    764.25475   3.11386620E-001
    762.92097   3.95064284E-001
    761.58720   4.34388302E-001
    760.25342   4.01985741E-001
    758.91964   3.23467119E-001
    757.58586   2.41799097E-001
    756.25208   1.78834520E-001
    754.91831   1.35618001E-001
    753.58453   1.07055722E-001
    752.25075   8.86122418E-002
    750.91697   7.74322730E-002
    749.58319   7.20324605E-002
    748.24942   7.16829469E-002
    746.91564   7.50312573E-002
    745.58186   7.75841966E-002
    744.24808   7.30319592E-002
    742.91430   6.19238445E-002
    741.58053   5.02296898E-002
    740.24675   4.10341541E-002
    738.91297   3.44236998E-002
    737.57919   2.97165159E-002
    736.24542   2.63090029E-002
    734.91164   2.37916393E-002
    733.57786   2.19033281E-002
    732.24408   2.04793042E-002
    730.91030   1.94160353E-002
    729.57653   1.86503910E-002
    728.24275   1.81482460E-002
    726.90897   1.78994068E-002
    725.57519   1.79175157E-002
    724.24141   1.82450572E-002
    722.90764   1.89649070E-002
    721.57386   2.02204770E-002
    720.24008   2.22420043E-002
    718.90630   2.53462149E-002
    717.57252   2.97521298E-002
    716.23875   3.48115585E-002
    714.90497   3.79759357E-002
    713.57119   3.69534344E-002
    712.23741   3.35342985E-002
    710.90363   3.06834319E-002
    709.56986   2.95365104E-002
    708.23608   3.02076994E-002
    706.90230   3.27589993E-002
    705.56852   3.75470735E-002
    704.23474   4.53638090E-002
    702.90097   5.74887395E-002
    701.56719   7.52243885E-002
    700.23341   9.73505548E-002
    698.89963   1.14581863E-001
    697.56586   1.12776773E-001
    696.23208   9.36286394E-002
    694.89830   7.16908486E-002
    693.56452   5.46602749E-002
    692.23074   4.29983744E-002
    690.89697   3.52578812E-002
    689.56319   3.01310411E-002
    688.22941   2.67430447E-002
    686.89563   2.45529688E-002
    685.56185   2.32361582E-002
    684.22808   2.26056331E-002
    682.89430   2.25669028E-002
    681.56052   2.30953209E-002
    680.22674   2.42292881E-002
    678.89296   2.60770873E-002
    677.55919   2.88392774E-002
    676.22541   3.28532514E-002
    674.89163   3.86722492E-002
    673.55785   4.71943102E-002
    672.22407   5.98326699E-002
    670.89030   7.85509461E-002
    669.55652   1.04870003E-001
    668.22274   1.35364384E-001
    666.88896   1.54514663E-001
    665.55519   1.45705151E-001
    664.22141   1.17694387E-001
    662.88763   8.95907652E-002
    661.55385   6.88467835E-002
    660.22007   5.50181843E-002
    658.88630   4.61039616E-002
    657.55252   4.05014589E-002
    656.21874   3.71870057E-002
    654.88496   3.55617738E-002
    653.55118   3.53113777E-002
    652.21741   3.63237118E-002
    650.88363   3.86561193E-002
    649.54985   4.25438737E-002
    648.21607   4.84515693E-002
    646.88229   5.71771751E-002
    645.54852   7.00090732E-002
    644.21474   8.88331107E-002
    642.88096   1.15610704E-001
    641.54718   1.49458894E-001
    640.21340   1.81183255E-001
    638.87963   1.99523655E-001
    637.54585   2.11559298E-001
    636.21207   2.30184667E-001
    634.87829   2.45558541E-001
    633.54451   2.32601279E-001
    632.21074   1.93183226E-001
    630.87696   1.52365924E-001
    629.54318   1.23542006E-001
    628.20940   1.07879160E-001
    626.87563   1.03822681E-001
    625.54185   1.10429488E-001
    624.20807   1.25938496E-001
    622.87429   1.42038271E-001
    621.54051   1.42189406E-001
    620.20674   1.21464212E-001
    618.87296   9.42356995E-002
    617.53918   7.16476949E-002
    616.20540   5.55294691E-002
    614.87162   4.44003831E-002
    613.53785   3.66398142E-002
    612.20407   3.11053580E-002
    610.87029   2.70658845E-002
    609.53651   2.40604565E-002
    608.20273   2.17954725E-002
    606.86896   2.00809863E-002
    605.53518   1.87928555E-002
    604.20140   1.78504240E-002
    602.86762   1.72034855E-002
    601.53384   1.68250170E-002
    600.20007   1.67078421E-002
    598.86629   1.68644555E-002
    597.53251   1.73300589E-002
    596.19873   1.81697046E-002
    594.86495   1.94916095E-002
    593.53118   2.14705256E-002
    592.19740   2.43878256E-002
    590.86362   2.86978022E-002
    589.52984   3.51246750E-002
    588.19607   4.47409539E-002
    586.86229   5.87120471E-002
    585.52851   7.65768518E-002
    584.19473   9.18989733E-002
    582.86095   9.29350079E-002
    581.52718   7.87838180E-002
    580.19340   6.09725877E-002
    578.85962   4.67848884E-002
    577.52584   3.70832310E-002
    576.19206   3.07709500E-002
    574.85829   2.67714172E-002
    573.52451   2.43666223E-002
    572.19073   2.31364157E-002
    570.85695   2.28687290E-002
    569.52317   2.35055829E-002
    568.18940   2.51266200E-002
    566.85562   2.79670500E-002
    565.52184   3.24693938E-002
    564.18806   3.93519074E-002
    562.85428   4.95680788E-002
    561.52051   6.36461719E-002
    560.18673   7.95777702E-002
    558.85295   9.20009907E-002
    557.51917   9.95517187E-002
    556.18540   1.06345388E-001
    554.85162   1.09388988E-001
    553.51784   1.01623159E-001
    552.18406   8.64451256E-002
    550.85028   7.02990509E-002
    549.51651   5.53431365E-002
    548.18273   4.30950145E-002
    546.84895   3.41412408E-002
    545.51517   2.79071872E-002
    544.18139   2.35945423E-002
    542.84762   2.05927737E-002
    541.51384   1.85017532E-002
    540.18006   1.70718072E-002
    538.84628   1.61521886E-002
    537.51250   1.56588901E-002
    536.17873   1.55575551E-002
    534.84495   1.58574183E-002
    533.51117   1.66147430E-002
    532.17739   1.79469554E-002
    530.84361   2.00615705E-002
    529.50984   2.33061750E-002
    528.17606   2.82394045E-002
    526.84228   3.56691720E-002
    525.50850   4.63588787E-002
    524.17472   5.94550998E-002
    522.84095   6.93106819E-002
    521.50717   6.80748590E-002
    520.17339   5.75904664E-002
    518.83961   4.63457400E-002
    517.50584   3.86129805E-002
    516.17206   3.48384775E-002
    514.83828   3.45929118E-002
    513.50450   3.72928779E-002
    512.17072   4.11137492E-002
    510.83695   4.19279091E-002
    509.50317   3.73136705E-002
    508.16939   3.02907566E-002
    506.83561   2.41732972E-002
    505.50183   1.97717463E-002
    504.16806   1.67715141E-002
    502.83428   1.47378391E-002
    501.50050   1.33522056E-002
    500.16672   1.24097554E-002
    498.83294   1.17825780E-002
    497.49917   1.13910310E-002
    496.16539   1.11857357E-002
    494.83161   1.11369182E-002
    493.49783   1.12282388E-002
    492.16405   1.14533353E-002
    490.83028   1.18140822E-002
    489.49650   1.23200461E-002
    488.16272   1.29889185E-002
    486.82894   1.38479210E-002
    485.49517   1.49363790E-002
    484.16139   1.63098947E-002
    482.82761   1.80469023E-002
    481.49383   2.02589511E-002
    480.16005   2.31070387E-002
    478.82628   2.68280234E-002
    477.49250   3.17781714E-002
    476.15872   3.85061057E-002
    474.82494   4.78754610E-002
    473.49116   6.12649929E-002
    472.15739   8.08536001E-002
    470.82361   1.09812789E-001
    469.48983   1.51353577E-001
    468.15605   2.03080527E-001
    466.82227   2.44213262E-001
    465.48850   2.41713848E-001
    464.15472   1.98050735E-001
    462.82094   1.46885597E-001
    461.48716   1.06734613E-001
    460.15338   7.89498084E-002
    458.81961   6.01945558E-002
    457.48583   4.73898493E-002
    456.15205   3.84515994E-002
    454.81827   3.20665135E-002
    453.48449   2.74133782E-002
    452.15072   2.39720136E-002
    450.81694   2.14070555E-002
    449.48316   1.94991908E-002
    448.14938   1.81045178E-002
    446.81561   1.71305264E-002
    445.48183   1.65222301E-002
    444.14805   1.62549754E-002
    442.81427   1.63323057E-002
    441.48049   1.67885904E-002
    440.14672   1.76974072E-002
    438.81294   1.91882924E-002
    437.47916   2.14768705E-002
    436.14538   2.49164618E-002
    434.81160   3.00797135E-002
    433.47783   3.78564265E-002
    432.14405   4.94179467E-002
    430.81027   6.53696157E-002
    429.47649   8.25476518E-002
    428.14271   9.06465571E-002
    426.80894   8.22167649E-002
    425.47516   6.51436806E-002
    424.14138   4.95760360E-002
    422.80760   3.85150557E-002
    421.47382   3.13660561E-002
    420.14005   2.70432744E-002
    418.80627   2.47116010E-002
    417.47249   2.36014195E-002
    416.13871   2.27090989E-002
    414.80493   2.13968588E-002
    413.47116   2.01018236E-002
    412.13738   1.94412151E-002
    410.80360   1.96460973E-002
    409.46982   2.08130593E-002
    408.13605   2.31320624E-002
    406.80227   2.69922352E-002
    405.46849   3.30329308E-002
    404.13471   4.19883254E-002
    402.80093   5.36356321E-002
    401.46716   6.40566752E-002
    400.13338   6.57980970E-002
    398.79960   5.80063777E-002
    397.46582   4.80595093E-002
    396.13204   4.09319270E-002
    394.79827   3.75357958E-002
    393.46449   3.76394092E-002
    392.13071   4.12732362E-002
    390.79693   4.90140643E-002
    389.46315   6.15709720E-002
    388.12938   7.76764167E-002
    386.79560   8.97936299E-002
    385.46182   8.71944986E-002
    384.12804   7.18229923E-002
    382.79426   5.48061533E-002
    381.46049   4.17032246E-002
    380.12671   3.27241457E-002
    378.79293   2.67376352E-002
    377.45915   2.27474423E-002
    376.12538   2.00900457E-002
    374.79160   1.83546846E-002
    373.45782   1.72937378E-002
    372.12404   1.67632291E-002
    370.79026   1.66884413E-002
    369.45649   1.70462354E-002
    368.12271   1.78588335E-002
    366.78893   1.91970381E-002
    365.45515   2.11936898E-002
    364.12137   2.40712416E-002
    362.78760   2.81913142E-002
    361.45382   3.41383215E-002
    360.12004   4.28452898E-002
    358.78626   5.57121841E-002
    357.45248   7.43676754E-002
    356.11871   9.87426459E-002
    354.78493   1.21646185E-001
    353.45115   1.27948522E-001
    352.11737   1.14523452E-001
    350.78359   9.64705444E-002
    349.44982   8.53154191E-002
    348.11604   8.37384486E-002
    346.78226   8.98922380E-002
    345.44848   9.65560201E-002
    344.11470   9.25521518E-002
    342.78093   7.67870186E-002
    341.44715   5.88754003E-002
    340.11337   4.46858173E-002
    338.77959   3.47032040E-002
    337.44582   2.78380226E-002
    336.11204   2.30644074E-002
    334.77826   1.96809848E-002
    333.44448   1.72431007E-002
    332.11070   1.54727875E-002
    330.77693   1.41966747E-002
    329.44315   1.33087679E-002
    328.10937   1.27497042E-002
    326.77559   1.24968099E-002
    325.44181   1.25622674E-002
    324.10804   1.29991044E-002
    322.77426   1.39166927E-002
    321.44048   1.55078915E-002
    320.10670   1.80811581E-002
    318.77292   2.20381118E-002
    317.43915   2.75377930E-002
    316.10537   3.33090261E-002
    314.77159   3.56315943E-002
    313.43781   3.22456304E-002
    312.10403   2.61787337E-002
    310.77026   2.07984343E-002
    309.43648   1.69875102E-002
    308.10270   1.44870608E-002
    306.76892   1.29046894E-002
    305.43515   1.19587402E-002
    304.10137   1.14821882E-002
    302.76759   1.13925825E-002
    301.43381   1.16721797E-002
    300.10003   1.23633951E-002
    298.76626   1.35794925E-002
    297.43248   1.55295470E-002
    296.09870   1.85421981E-002
    294.76492   2.29946196E-002
    293.43114   2.88012124E-002
    292.09737   3.40341385E-002
    290.76359   3.48631419E-002
    289.42981   3.06282874E-002
    288.09603   2.49945721E-002
    286.76225   2.05022231E-002
    285.42848   1.75229365E-002
    284.09470   1.57181612E-002
    282.76092   1.47384208E-002
    281.42714   1.43520028E-002
    280.09336   1.44284311E-002
    278.75959   1.49091520E-002
    277.42581   1.57893771E-002
    276.09203   1.71118885E-002
    274.75825   1.89716085E-002
    273.42447   2.15319903E-002
    272.09070   2.50577561E-002
    270.75692   2.99731942E-002
    269.42314   3.69601973E-002
    268.08936   4.71054898E-002
    266.75559   6.20381651E-002
    265.42181   8.36446864E-002
    264.08803   1.11782620E-001
    262.75425   1.37814024E-001
    261.42047   1.43468412E-001
    260.08670   1.24443835E-001
    258.75292   9.80562561E-002
    257.41914   7.72143735E-002
    256.08536   6.42754767E-002
    254.75158   5.80915274E-002
    253.41781   5.76565773E-002
    252.08403   6.28878307E-002
    250.75025   7.43757144E-002
    249.41647   9.16975874E-002
    248.08269   1.08746477E-001
    246.74892   1.12146582E-001
    245.41514   9.76154003E-002
    244.08136   7.72727867E-002
    242.74758   6.08796474E-002
    241.41380   5.00339228E-002
    240.08003   4.27464270E-002
    238.74625   3.66205018E-002
    237.41247   3.10410881E-002
    236.07869   2.65661534E-002
    234.74491   2.33518122E-002
    233.41114   2.11699156E-002
    232.07736   1.97580472E-002
    230.74358   1.89272863E-002
    229.40980   1.85609731E-002
    228.07603   1.85961963E-002
    226.74225   1.90101534E-002
    225.40847   1.98135465E-002
    224.07469   2.10501123E-002
    222.74091   2.28020477E-002
    221.40714   2.52025257E-002
    220.07336   2.84584833E-002
    218.73958   3.28899242E-002
    217.40580   3.89968982E-002
    216.07202   4.75723372E-002
    214.73825   5.98829966E-002
    213.40447   7.79081368E-002
    212.07069   1.04396598E-001
    210.73691   1.41524009E-001
    209.40313   1.84738351E-001
    208.06936   2.12852777E-001
    206.73558   2.02889983E-001
    205.40180   1.66866153E-001
    204.06802   1.31609109E-001
    202.73424   1.08143619E-001
    201.40047   9.68411950E-002
    200.06669   9.63963881E-002
    198.73291   1.06517741E-001
    197.39913   1.26815994E-001
    196.06536   1.51287126E-001
    194.73158   1.62107537E-001
    193.39780   1.45594582E-001
    192.06402   1.14244027E-001
    190.73024   8.53776207E-002
    189.39647   6.42249593E-002
    188.06269   4.96672061E-002
    186.72891   3.96527919E-002
    185.39513   3.26220152E-002
    184.06135   2.75607327E-002
    182.72758   2.38303103E-002
    181.39380   2.10259794E-002
    180.06002   1.88863481E-002
    178.72624   1.72391169E-002
    177.39246   1.59688184E-002
    176.05869   1.49975213E-002
    174.72491   1.42732469E-002
    173.39113   1.37631539E-002
    172.05735   1.34499158E-002
    170.72357   1.33305680E-002
    169.38980   1.34177472E-002
    168.05602   1.37438786E-002
    166.72224   1.43696567E-002
    165.38846   1.53990345E-002
    164.05468   1.70025972E-002
    162.72091   1.94422577E-002
    161.38713   2.30413101E-002
    160.05335   2.78720544E-002
    158.71957   3.27718125E-002
    157.38580   3.48646770E-002
    156.05202   3.30560269E-002
    154.71824   3.00876830E-002
    153.38446   2.84644155E-002
    152.05068   2.89988447E-002
    150.71691   3.19612110E-002
    149.38313   3.76539857E-002
    148.04935   4.58612471E-002
    146.71557   5.38470529E-002
    145.38179   5.58606526E-002
    144.04802   5.03663075E-002
    142.71424   4.27167298E-002
    141.38046   3.70635626E-002
    140.04668   3.42775786E-002
    138.71290   3.41615610E-002
    137.37913   3.66515208E-002
    136.04535   4.21175329E-002
    134.71157   5.12946049E-002
    133.37779   6.44565174E-002
    132.04401   7.85881978E-002
    130.71024   8.48491761E-002
    129.37646   7.76598658E-002
    128.04268   6.41012162E-002
    126.70890   5.23116277E-002
    125.37513   4.45203044E-002
    124.04135   4.02042553E-002
    122.70757   3.85420815E-002
    121.37379   3.90350818E-002
    120.04001   4.15563496E-002
    118.70624   4.63391164E-002
    117.37246   5.40194611E-002
    116.03868   6.57164859E-002
    114.70490   8.29232855E-002
    113.37112   1.06289072E-001
    112.03735   1.31681680E-001
    110.70357   1.48170239E-001
    109.36979   1.52307835E-001
    108.03601   1.56891133E-001
    106.70223   1.72470507E-001
    105.36846   1.95113324E-001
    104.03468   2.07386260E-001
    102.70090   2.01188597E-001
    101.36712   1.91673944E-001
    100.03334   1.88491313E-001
     98.69957   1.80815520E-001
     97.36579   1.57724655E-001
     96.03201   1.28265638E-001
     94.69823   1.04495552E-001
     93.36445   8.96480050E-002
     92.03068   8.29177598E-002
     90.69690   8.34325816E-002
     89.36312   9.10024320E-002
     88.02934   1.04664999E-001
     86.69557   1.18501014E-001
     85.36179   1.20869860E-001
     84.02801   1.09074494E-001
     82.69423   9.39544663E-002
     81.36045   8.37100184E-002
     80.02668   8.02153310E-002
     78.69290   8.34753175E-002
     77.35912   9.38642547E-002
     76.02534   1.11998719E-001
     74.69156   1.36274267E-001
     73.35779   1.59556112E-001
     72.02401   1.73293316E-001
     70.69023   1.72794499E-001
     69.35645   1.58559847E-001
     68.02267   1.41999412E-001
     66.68890   1.34066540E-001
     65.35512   1.38838510E-001
     64.02134   1.58335921E-001
     62.68756   1.95781895E-001
     61.35378   2.54301194E-001
     60.02001   3.26873708E-001
     58.68623   3.77503903E-001
     57.35245   3.60600901E-001
     56.01867   2.90613404E-001
     54.68489   2.16695666E-001
     53.35112   1.61004175E-001
     52.01734   1.23510874E-001
     50.68356   9.88110530E-002
     49.34978   8.19815698E-002
     48.01601   7.03209785E-002
     46.68223   6.31633531E-002
     45.34845   6.03646684E-002
     44.01467   6.13975959E-002
     42.68089   6.39048209E-002
     41.34712   6.26980203E-002
     40.01334   5.51376590E-002
     38.67956   4.51568907E-002
     37.34578   3.66377375E-002
     36.01200   3.04241744E-002
     34.67823   2.60970083E-002
     33.34445   2.31409197E-002
     32.01067   2.12109273E-002
     30.67689   2.01354532E-002
     29.34311   1.98915585E-002
     28.00934   2.05970803E-002
     26.67556   2.24917305E-002
     25.34178   2.57535201E-002
     24.00800   2.97453634E-002
     22.67422   3.19016907E-002
     21.34045   2.96585105E-002
     20.00667   2.45467026E-002
     18.67289   1.95481937E-002
     17.33911   1.57602679E-002
     16.00534   1.30779989E-002
     14.67156   1.11722526E-002
     13.33778   9.78045294E-003
     12.00400   8.72971149E-003
     10.67022   7.91070644E-003
      9.33645   7.25392271E-003
      8.00267   6.71418968E-003
      6.66889   6.26135843E-003
      5.33511   5.87474373E-003
      4.00133   5.53977192E-003
      2.66756   5.24591761E-003
      1.33378   4.98540383E-003
      0.00000   4.75236341E-003
