   4000.00000   7.74999328E-003
   3998.66622   7.80421270E-003
   3997.33244   7.85932420E-003
   3995.99867   7.91535281E-003
   3994.66489   7.97232452E-003
   3993.33111   8.03026639E-003
   3991.99733   8.08920659E-003
   3990.66355   8.14917446E-003
   3989.32978   8.21020054E-003
   3987.99600   8.27231669E-003
   3986.66222   8.33555612E-003
   3985.32844   8.39995350E-003
   3983.99466   8.46554500E-003
   3982.66089   8.53236840E-003
   3981.32711   8.60046319E-003
   3979.99333   8.66987065E-003
   3978.65955   8.74063396E-003
   3977.32578   8.81279834E-003
   3975.99200   8.88641112E-003
   3974.65822   8.96152191E-003
   3973.32444   9.03818273E-003
   3971.99066   9.11644815E-003
   3970.65689   9.19637547E-003
   3969.32311   9.27802488E-003
   3967.98933   9.36145967E-003
   3966.65555   9.44674638E-003
   3965.32177   9.53395509E-003
   3963.98800   9.62315960E-003
   3962.65422   9.71443771E-003
   3961.32044   9.80787151E-003
   3959.98666   9.90354765E-003
   3958.65288   1.00015577E-002
   3957.31911   1.01019984E-002
   3955.98533   1.02049724E-002
   3954.65155   1.03105880E-002
   3953.31777   1.04189603E-002
   3951.98399   1.05302114E-002
   3950.65022   1.06444710E-002
   3949.31644   1.07618767E-002
   3947.98266   1.08825753E-002
   3946.64888   1.10067229E-002
   3945.31511   1.11344858E-002
   3943.98133   1.12660420E-002
   3942.64755   1.14015810E-002
   3941.31377   1.15413060E-002
   3939.97999   1.16854344E-002
   3938.64622   1.18341992E-002
   3937.31244   1.19878505E-002
   3935.97866   1.21466571E-002
   3934.64488   1.23109084E-002
   3933.31110   1.24809159E-002
   3931.97733   1.26570158E-002
   3930.64355   1.28395714E-002
   3929.30977   1.30289758E-002
   3927.97599   1.32256547E-002
   3926.64221   1.34300704E-002
   3925.30844   1.36427253E-002
   3923.97466   1.38641662E-002
   3922.64088   1.40949897E-002
   3921.30710   1.43358475E-002
   3919.97332   1.45874530E-002
   3918.63955   1.48505884E-002
   3917.30577   1.51261132E-002
   3915.97199   1.54149738E-002
   3914.63821   1.57182142E-002
   3913.30443   1.60369891E-002
   3911.97066   1.63725780E-002
   3910.63688   1.67264026E-002
   3909.30310   1.71000460E-002
   3907.96932   1.74952760E-002
   3906.63555   1.79140720E-002
   3905.30177   1.83586560E-002
   3903.96799   1.88315306E-002
   3902.63421   1.93355223E-002
   3901.30043   1.98738345E-002
   3899.96666   2.04501094E-002
   3898.63288   2.10685034E-002
   3897.29910   2.17337773E-002
   3895.96532   2.24514058E-002
   3894.63154   2.32277109E-002
   3893.29777   2.40700250E-002
   3891.96399   2.49868922E-002
   3890.63021   2.59883178E-002
   3889.29643   2.70860794E-002
   3887.96265   2.82941187E-002
   3886.62888   2.96290366E-002
   3885.29510   3.11107267E-002
   3883.96132   3.27631898E-002
   3882.62754   3.46155934E-002
   3881.29376   3.67036616E-002
   3879.95999   3.90715185E-002
   3878.62621   4.17741614E-002
   3877.29243   4.48808179E-002
   3875.95865   4.84795648E-002
   3874.62487   5.26837733E-002
   3873.29110   5.76412399E-002
   3871.95732   6.35473414E-002
   3870.62354   7.06643267E-002
   3869.28976   7.93501623E-002
   3867.95599   9.01025621E-002
   3866.62221   1.03627684E-001
   3865.28843   1.20949765E-001
   3863.95465   1.43590026E-001
   3862.62087   1.73864348E-001
   3861.28710   2.15383948E-001
   3859.95332   2.73887610E-001
   3858.61954   3.58523285E-001
   3857.28576   4.83263233E-001
   3855.95198   6.65681689E-001
   3854.61821   9.11323638E-001
   3853.28443   1.16079531E+000
   3851.95065   1.25170773E+000
   3850.61687   1.09826398E+000
   3849.28309   8.37735664E-001
   3847.94932   6.09011989E-001
   3846.61554   4.45376626E-001
   3845.28176   3.34468386E-001
   3843.94798   2.59156237E-001
   3842.61420   2.06939210E-001
   3841.28043   1.69797539E-001
   3839.94665   1.42710223E-001
   3838.61287   1.22504239E-001
   3837.27909   1.07131906E-001
   3835.94532   9.52392516E-002
   3834.61154   8.59089808E-002
   3833.27776   7.85052204E-002
   3831.94398   7.25777954E-002
   3830.61020   6.78018657E-002
   3829.27643   6.39389979E-002
   3827.94265   6.08115165E-002
   3826.60887   5.82852614E-002
   3825.27509   5.62577782E-002
   3823.94131   5.46500920E-002
   3822.60754   5.34008862E-002
   3821.27376   5.24623271E-002
   3819.93998   5.17970316E-002
   3818.60620   5.13758427E-002
   3817.27242   5.11761839E-002
   3815.93865   5.11808364E-002
   3814.60487   5.13770287E-002
   3813.27109   5.17557618E-002
   3811.93731   5.23113161E-002
   3810.60353   5.30409007E-002
   3809.26976   5.39444192E-002
   3807.93598   5.50243327E-002
   3806.60220   5.62856079E-002
   3805.26842   5.77357455E-002
   3803.93464   5.93848835E-002
   3802.60087   6.12459802E-002
   3801.26709   6.33350812E-002
   3799.93331   6.56716812E-002
   3798.59953   6.82791954E-002
   3797.26576   7.11855619E-002
   3795.93198   7.44240037E-002
   3794.59820   7.80339890E-002
   3793.26442   8.20624397E-002
   3791.93064   8.65652572E-002
   3790.59687   9.16092566E-002
   3789.26309   9.72746312E-002
   3787.92931   1.03658115E-001
   3786.59553   1.10877075E-001
   3785.26175   1.19074843E-001
   3783.92798   1.28427744E-001
   3782.59420   1.39154444E-001
   3781.26042   1.51528530E-001
   3779.92664   1.65895652E-001
   3778.59286   1.82697183E-001
   3777.25909   2.02503355E-001
   3775.92531   2.26060400E-001
   3774.59153   2.54358742E-001
   3773.25775   2.88733463E-001
   3771.92397   3.31015255E-001
   3770.59020   3.83762025E-001
   3769.25642   4.50622210E-001
   3767.92264   5.36917769E-001
   3766.58886   6.50600364E-001
   3765.25509   8.03848212E-001
   3763.92131   1.01575219E+000
   3762.58753   1.31673791E+000
   3761.25375   1.75510492E+000
   3759.91997   2.40279925E+000
   3758.58620   3.34097481E+000
   3757.25242   4.55285575E+000
   3755.91864   5.63387868E+000
   3754.58486   5.77850746E+000
   3753.25108   4.84666330E+000
   3751.91731   3.60804554E+000
   3750.58353   2.59594658E+000
   3749.24975   1.88683195E+000
   3747.91597   1.40689916E+000
   3746.58219   1.07907553E+000
   3745.24842   8.49810045E-001
   3743.91464   6.85129174E-001
   3742.58086   5.63752671E-001
   3741.24708   4.72170787E-001
   3739.91330   4.01612896E-001
   3738.57953   3.46242887E-001
   3737.24575   3.02081890E-001
   3735.91197   2.66354581E-001
   3734.57819   2.37083945E-001
   3733.24441   2.12834317E-001
   3731.91064   1.92544765E-001
   3730.57686   1.75418726E-001
   3729.24308   1.60849424E-001
   3727.90930   1.48368540E-001
   3726.57553   1.37610250E-001
   3725.24175   1.28285649E-001
   3723.90797   1.20164275E-001
   3722.57419   1.13060588E-001
   3721.24041   1.06823952E-001
   3719.90664   1.01331113E-001
   3718.57286   9.64805095E-002
   3717.23908   9.21879023E-002
   3715.90530   8.83830081E-002
   3714.57152   8.50068683E-002
   3713.23775   8.20097833E-002
   3711.90397   7.93496759E-002
   3710.57019   7.69907861E-002
   3709.23641   7.49026244E-002
   3707.90263   7.30591252E-002
   3706.56886   7.14379609E-002
   3705.23508   7.00199819E-002
   3703.90130   6.87887575E-002
   3702.56752   6.77301995E-002
   3701.23374   6.68322513E-002
   3699.89997   6.60846311E-002
   3698.56619   6.54786208E-002
   3697.23241   6.50068904E-002
   3695.89863   6.46633551E-002
   3694.56485   6.44430576E-002
   3693.23108   6.43420734E-002
   3691.89730   6.43574359E-002
   3690.56352   6.44870777E-002
   3689.22974   6.47297888E-002
   3687.89597   6.50851881E-002
   3686.56219   6.55537079E-002
   3685.22841   6.61365924E-002
   3683.89463   6.68359077E-002
   3682.56085   6.76545649E-002
   3681.22708   6.85963569E-002
   3679.89330   6.96660093E-002
   3678.55952   7.08692464E-002
   3677.22574   7.22128753E-002
   3675.89196   7.37048890E-002
   3674.55819   7.53545923E-002
   3673.22441   7.71727542E-002
   3671.89063   7.91717909E-002
   3670.55685   8.13659855E-002
   3669.22307   8.37717521E-002
   3667.88930   8.64079529E-002
   3666.55552   8.92962802E-002
   3665.22174   9.24617176E-002
   3663.88796   9.59330996E-002
   3662.55418   9.97437920E-002
   3661.22041   1.03932526E-001
   3659.88663   1.08544423E-001
   3658.55285   1.13632263E-001
   3657.21907   1.19258069E-001
   3655.88530   1.25495085E-001
   3654.55152   1.32430289E-001
   3653.21774   1.40167584E-001
   3651.88396   1.48831908E-001
   3650.55018   1.58574563E-001
   3649.21641   1.69580201E-001
   3647.88263   1.82076082E-001
   3646.54885   1.96344481E-001
   3645.21507   2.12739535E-001
   3643.88129   2.31710423E-001
   3642.54752   2.53833739E-001
   3641.21374   2.79859420E-001
   3639.87996   3.10777042E-001
   3638.54618   3.47913300E-001
   3637.21240   3.93078244E-001
   3635.87863   4.48789362E-001
   3634.54485   5.18622771E-001
   3633.21107   6.07776381E-001
   3631.87729   7.23993119E-001
   3630.54351   8.79101913E-001
   3629.20974   1.09160701E+000
   3627.87596   1.39093745E+000
   3626.54218   1.82366687E+000
   3625.20840   2.45866870E+000
   3623.87462   3.37155064E+000
   3622.54085   4.53714213E+000
   3621.20707   5.55267694E+000
   3619.87329   5.66602804E+000
   3618.53951   4.80199911E+000
   3617.20574   3.69702861E+000
   3615.87196   2.82906109E+000
   3614.53818   2.26175990E+000
   3613.20440   1.93169274E+000
   3611.87062   1.77924079E+000
   3610.53685   1.77347865E+000
   3609.20307   1.91223862E+000
   3607.86929   2.22209550E+000
   3606.53551   2.76039483E+000
   3605.20173   3.60351766E+000
   3603.86796   4.75747129E+000
   3602.53418   5.88423157E+000
   3601.20040   6.17575218E+000
   3599.86662   5.31905733E+000
   3598.53284   4.03317373E+000
   3597.19907   2.93860732E+000
   3595.86529   2.15977787E+000
   3594.53151   1.62924239E+000
   3593.19773   1.26541378E+000
   3591.86395   1.00998915E+000
   3590.53018   8.25698533E-001
   3589.19640   6.89161008E-001
   3587.86262   5.85537317E-001
   3586.52884   5.05199033E-001
   3585.19507   4.41740793E-001
   3583.86129   3.90794403E-001
   3582.52751   3.49310398E-001
   3581.19373   3.15113499E-001
   3579.85995   2.86621186E-001
   3578.52618   2.62661466E-001
   3577.19240   2.42352281E-001
   3575.85862   2.25020064E-001
   3574.52484   2.10143695E-001
   3573.19106   1.97315239E-001
   3571.85729   1.86212013E-001
   3570.52351   1.76576398E-001
   3569.18973   1.68201064E-001
   3567.85595   1.60918014E-001
   3566.52217   1.54590370E-001
   3565.18840   1.49106160E-001
   3563.85462   1.44373569E-001
   3562.52084   1.40317289E-001
   3561.18706   1.36875695E-001
   3559.85328   1.33998664E-001
   3558.51951   1.31645875E-001
   3557.18573   1.29785510E-001
   3555.85195   1.28393260E-001
   3554.51817   1.27451589E-001
   3553.18439   1.26949220E-001
   3551.85062   1.26880807E-001
   3550.51684   1.27246783E-001
   3549.18306   1.28053372E-001
   3547.84928   1.29312765E-001
   3546.51551   1.31043472E-001
   3545.18173   1.33270862E-001
   3543.84795   1.36027922E-001
   3542.51417   1.39356268E-001
   3541.18039   1.43307471E-001
   3539.84662   1.47944763E-001
   3538.51284   1.53345224E-001
   3537.17906   1.59602589E-001
   3535.84528   1.66830845E-001
   3534.51150   1.75168886E-001
   3533.17773   1.84786544E-001
   3531.84395   1.95892482E-001
   3530.51017   2.08744618E-001
   3529.17639   2.23664014E-001
   3527.84261   2.41053598E-001
   3526.50884   2.61423701E-001
   3525.17506   2.85427364E-001
   3523.84128   3.13909840E-001
   3522.50750   3.47979094E-001
   3521.17372   3.89107936E-001
   3519.83995   4.39284683E-001
   3518.50617   5.01239852E-001
   3517.17239   5.78794501E-001
   3515.83861   6.77407511E-001
   3514.50483   8.05055135E-001
   3513.17106   9.73675599E-001
   3511.83728   1.20158394E+000
   3510.50350   1.51753309E+000
   3509.16972   1.96737644E+000
   3507.83595   2.62378079E+000
   3506.50217   3.59403995E+000
   3505.16839   4.99442593E+000
   3503.83461   6.77801788E+000
   3502.50083   8.30029924E+000
   3501.16706   8.38901646E+000
   3499.83328   6.95767012E+000
   3498.49950   5.15670003E+000
   3497.16572   3.71004108E+000
   3495.83194   2.70124710E+000
   3494.49817   2.01851567E+000
   3493.16439   1.55138808E+000
   3491.83061   1.22396670E+000
   3490.49683   9.88216279E-001
   3489.16305   8.14037040E-001
   3487.82928   6.82294088E-001
   3486.49550   5.80544138E-001
   3485.16172   5.00493045E-001
   3483.82794   4.36476797E-001
   3482.49416   3.84538521E-001
   3481.16039   3.41855441E-001
   3479.82661   3.06374941E-001
   3478.49283   2.76578237E-001
   3477.15905   2.51323606E-001
   3475.82528   2.29740321E-001
   3474.49150   2.11155541E-001
   3473.15772   1.95043056E-001
   3471.82394   1.80986772E-001
   3470.49016   1.68654323E-001
   3469.15639   1.57777736E-001
   3467.82261   1.48139088E-001
   3466.48883   1.39559736E-001
   3465.15505   1.31892151E-001
   3463.82127   1.25013655E-001
   3462.48750   1.18821579E-001
   3461.15372   1.13229481E-001
   3459.81994   1.08164173E-001
   3458.48616   1.03563360E-001
   3457.15238   9.93737557E-002
   3455.81861   9.55495668E-002
   3454.48483   9.20512669E-002
   3453.15105   8.88445967E-002
   3451.81727   8.58997457E-002
   3450.48349   8.31906783E-002
   3449.14972   8.06945756E-002
   3447.81594   7.83913717E-002
   3446.48216   7.62633656E-002
   3445.14838   7.42948956E-002
   3443.81460   7.24720648E-002
   3442.48083   7.07825089E-002
   3441.14705   6.92151989E-002
   3439.81327   6.77602723E-002
   3438.47949   6.64088898E-002
   3437.14572   6.51531109E-002
   3435.81194   6.39857881E-002
   3434.47816   6.29004741E-002
   3433.14438   6.18913427E-002
   3431.81060   6.09531190E-002
   3430.47683   6.00810193E-002
   3429.14305   5.92706982E-002
   3427.80927   5.85182023E-002
   3426.47549   5.78199300E-002
   3425.14171   5.71725952E-002
   3423.80794   5.65731962E-002
   3422.47416   5.60189878E-002
   3421.14038   5.55074566E-002
   3419.80660   5.50362991E-002
   3418.47282   5.46034023E-002
   3417.13905   5.42068263E-002
   3415.80527   5.38447889E-002
   3414.47149   5.35156517E-002
   3413.13771   5.32179079E-002
   3411.80393   5.29501709E-002
   3410.47016   5.27111649E-002
   3409.13638   5.24997152E-002
   3407.80260   5.23147406E-002
   3406.46882   5.21552464E-002
   3405.13505   5.20203170E-002
   3403.80127   5.19091111E-002
   3402.46749   5.18208552E-002
   3401.13371   5.17548397E-002
   3399.79993   5.17104140E-002
   3398.46616   5.16869827E-002
   3397.13238   5.16840021E-002
   3395.79860   5.17009767E-002
   3394.46482   5.17374565E-002
   3393.13104   5.17930342E-002
   3391.79727   5.18673428E-002
   3390.46349   5.19600536E-002
   3389.12971   5.20708737E-002
   3387.79593   5.21995448E-002
   3386.46215   5.23458415E-002
   3385.12838   5.25095694E-002
   3383.79460   5.26905643E-002
   3382.46082   5.28886910E-002
   3381.12704   5.31038419E-002
   3379.79326   5.33359364E-002
   3378.45949   5.35849203E-002
   3377.12571   5.38507645E-002
   3375.79193   5.41334650E-002
   3374.45815   5.44330423E-002
   3373.12437   5.47495407E-002
   3371.79060   5.50830283E-002
   3370.45682   5.54335966E-002
   3369.12304   5.58013607E-002
   3367.78926   5.61864585E-002
   3366.45549   5.65890516E-002
   3365.12171   5.70093248E-002
   3363.78793   5.74474864E-002
   3362.45415   5.79037684E-002
   3361.12037   5.83784272E-002
   3359.78660   5.88717433E-002
   3358.45282   5.93840225E-002
   3357.11904   5.99155958E-002
   3355.78526   6.04668205E-002
   3354.45148   6.10380808E-002
   3353.11771   6.16297885E-002
   3351.78393   6.22423838E-002
   3350.45015   6.28763366E-002
   3349.11637   6.35321475E-002
   3347.78259   6.42103487E-002
   3346.44882   6.49115058E-002
   3345.11504   6.56362186E-002
   3343.78126   6.63851233E-002
   3342.44748   6.71588938E-002
   3341.11370   6.79582435E-002
   3339.77993   6.87839275E-002
   3338.44615   6.96367445E-002
   3337.11237   7.05175394E-002
   3335.77859   7.14272055E-002
   3334.44481   7.23666874E-002
   3333.11104   7.33369841E-002
   3331.77726   7.43391518E-002
   3330.44348   7.53743075E-002
   3329.10970   7.64436331E-002
   3327.77593   7.75483788E-002
   3326.44215   7.86898681E-002
   3325.10837   7.98695022E-002
   3323.77459   8.10887653E-002
   3322.44081   8.23492303E-002
   3321.10704   8.36525649E-002
   3319.77326   8.50005381E-002
   3318.43948   8.63950278E-002
   3317.10570   8.78380285E-002
   3315.77192   8.93316601E-002
   3314.43815   9.08781774E-002
   3313.10437   9.24799805E-002
   3311.77059   9.41396260E-002
   3310.43681   9.58598401E-002
   3309.10303   9.76435316E-002
   3307.76926   9.94938077E-002
   3306.43548   1.01413991E-001
   3305.10170   1.03407636E-001
   3303.76792   1.05478554E-001
   3302.43414   1.07630829E-001
   3301.10037   1.09868851E-001
   3299.76659   1.12197338E-001
   3298.43281   1.14621368E-001
   3297.09903   1.17146418E-001
   3295.76526   1.19778398E-001
   3294.43148   1.22523699E-001
   3293.09770   1.25389239E-001
   3291.76392   1.28382522E-001
   3290.43014   1.31511699E-001
   3289.09637   1.34785639E-001
   3287.76259   1.38214010E-001
   3286.42881   1.41807374E-001
   3285.09503   1.45577288E-001
   3283.76125   1.49536429E-001
   3282.42748   1.53698729E-001
   3281.09370   1.58079540E-001
   3279.75992   1.62695815E-001
   3278.42614   1.67566325E-001
   3277.09236   1.72711912E-001
   3275.75859   1.78155783E-001
   3274.42481   1.83923855E-001
   3273.09103   1.90045164E-001
   3271.75725   1.96552356E-001
   3270.42347   2.03482258E-001
   3269.08970   2.10876583E-001
   3267.75592   2.18782761E-001
   3266.42214   2.27254961E-001
   3265.08836   2.36355332E-001
   3263.75458   2.46155528E-001
   3262.42081   2.56738603E-001
   3261.08703   2.68201358E-001
   3259.75325   2.80657314E-001
   3258.41947   2.94240456E-001
   3257.08570   3.09110044E-001
   3255.75192   3.25456816E-001
   3254.41814   3.43511087E-001
   3253.08436   3.63553448E-001
   3251.75058   3.85929052E-001
   3250.41681   4.11066961E-001
   3249.08303   4.39506700E-001
   3247.74925   4.71935270E-001
   3246.41547   5.09239577E-001
   3245.08169   5.52582039E-001
   3243.74792   6.03511689E-001
   3242.41414   6.64130825E-001
   3241.08036   7.37350477E-001
   3239.74658   8.27291079E-001
   3238.41280   9.39925632E-001
   3237.07903   1.08413519E+000
   3235.74525   1.27347151E+000
   3234.41147   1.52911475E+000
   3233.07769   1.88469395E+000
   3231.74391   2.39315821E+000
   3230.41014   3.13147961E+000
   3229.07636   4.17806857E+000
   3227.74258   5.47803910E+000
   3226.40880   6.53670604E+000
   3225.07503   6.56244093E+000
   3223.74125   5.61293859E+000
   3222.40747   4.50092910E+000
   3221.07369   3.68013707E+000
   3219.73991   3.19384185E+000
   3218.40614   2.97652718E+000
   3217.07236   2.97613641E+000
   3215.73858   3.17667016E+000
   3214.40480   3.60057769E+000
   3213.07102   4.31375353E+000
   3211.73725   5.43269937E+000
   3210.40347   7.10407941E+000
   3209.06969   9.33867824E+000
   3207.73591   1.15120975E+001
   3206.40213   1.21748129E+001
   3205.06836   1.08378401E+001
   3203.73458   8.84597192E+000
   3202.40080   7.32752048E+000
   3201.06702   6.54923506E+000
   3199.73324   6.47390523E+000
   3198.39947   7.04508610E+000
   3197.06569   8.10223178E+000
   3195.73191   9.04200470E+000
   3194.39813   8.97486157E+000
   3193.06435   7.97160902E+000
   3191.73058   6.93621605E+000
   3190.39680   6.40011338E+000
   3189.06302   6.48597615E+000
   3187.72924   7.24175194E+000
   3186.39547   8.72917068E+000
   3185.06169   1.08024056E+001
   3183.72791   1.25439908E+001
   3182.39413   1.24589052E+001
   3181.06035   1.05345554E+001
   3179.72658   8.23942705E+000
   3178.39280   6.45585702E+000
   3177.05902   5.27750979E+000
   3175.72524   4.56852172E+000
   3174.39146   4.20559681E+000
   3173.05769   4.12089516E+000
   3171.72391   4.29737650E+000
   3170.39013   4.75429062E+000
   3169.05635   5.49930906E+000
   3167.72257   6.38201414E+000
   3166.38880   6.96881768E+000
   3165.05502   7.01449057E+000
   3163.72124   6.93665193E+000
   3162.38746   7.23291744E+000
   3161.05368   8.15265264E+000
   3159.71991   9.87161324E+000
   3158.38613   1.25727419E+001
   3157.05235   1.62716229E+001
   3155.71857   2.05748966E+001
   3154.38479   2.47074673E+001
   3153.05102   2.67359816E+001
   3151.71724   2.44361148E+001
   3150.38346   1.92734053E+001
   3149.04968   1.42646562E+001
   3147.71591   1.05525633E+001
   3146.38213   8.02192678E+000
   3145.04835   6.31942725E+000
   3143.71457   5.16471282E+000
   3142.38079   4.37567832E+000
   3141.04702   3.84070431E+000
   3139.71324   3.49375756E+000
   3138.37946   3.29905606E+000
   3137.04568   3.24336697E+000
   3135.71190   3.33395533E+000
   3134.37813   3.60095772E+000
   3133.04435   4.10127910E+000
   3131.71057   4.90884672E+000
   3130.37679   6.03300466E+000
   3129.04301   7.17518688E+000
   3127.70924   7.64980468E+000
   3126.37546   7.27151088E+000
   3125.04168   6.76035831E+000
   3123.70790   6.73509225E+000
   3122.37412   7.35209389E+000
   3121.04035   8.33119547E+000
   3119.70657   8.79138548E+000
   3118.37279   7.98210934E+000
   3117.03901   6.43144797E+000
   3115.70524   4.99464726E+000
   3114.37146   3.94922218E+000
   3113.03768   3.24526628E+000
   3111.70390   2.78100357E+000
   3110.37012   2.47867213E+000
   3109.03635   2.28847066E+000
   3107.70257   2.18030800E+000
   3106.36879   2.13685981E+000
   3105.03501   2.14929675E+000
   3103.70123   2.21502214E+000
   3102.36746   2.33680818E+000
   3101.03368   2.52304787E+000
   3099.69990   2.78916250E+000
   3098.36612   3.16055029E+000
   3097.03234   3.67790816E+000
   3095.69857   4.40630040E+000
   3094.36479   5.44938403E+000
   3093.03101   6.96613189E+000
   3091.69723   9.16328628E+000
   3090.36345   1.21456214E+001
   3089.02968   1.53766916E+001
   3087.69590   1.72087490E+001
   3086.36212   1.66412203E+001
   3085.02834   1.50287447E+001
   3083.69456   1.39166531E+001
   3082.36079   1.39946410E+001
   3081.02701   1.55768983E+001
   3079.69323   1.85996175E+001
   3078.35945   2.20343901E+001
   3077.02568   2.36428466E+001
   3075.69190   2.20874254E+001
   3074.35812   1.89345443E+001
   3073.02434   1.61252546E+001
   3071.69056   1.36998349E+001
   3070.35679   1.11070513E+001
   3069.02301   8.63211626E+000
   3067.68923   6.68789688E+000
   3066.35545   5.29956670E+000
   3065.02167   4.33093337E+000
   3063.68790   3.65269414E+000
   3062.35412   3.17537582E+000
   3061.02034   2.84231602E+000
   3059.68656   2.61912773E+000
   3058.35278   2.48647530E+000
   3057.01901   2.43613208E+000
   3055.68523   2.46955857E+000
   3054.35145   2.59867296E+000
   3053.01767   2.84908426E+000
   3051.68389   3.26665730E+000
   3050.35012   3.92839977E+000
   3049.01634   4.95539638E+000
   3047.68256   6.50584212E+000
   3046.34878   8.65095910E+000
   3045.01501   1.09230483E+001
   3043.68123   1.18886587E+001
   3042.34745   1.06039376E+001
   3041.01367   8.20375420E+000
   3039.67989   6.03147443E+000
   3038.34612   4.45577551E+000
   3037.01234   3.37824851E+000
   3035.67856   2.64005217E+000
   3034.34478   2.12269474E+000
   3033.01100   1.74970834E+000
   3031.67723   1.47314675E+000
   3030.34345   1.26270227E+000
   3029.00967   1.09881139E+000
   3027.67589   9.68528850E-001
   3026.34211   8.63071209E-001
   3025.00834   7.76334782E-001
   3023.67456   7.03982897E-001
   3022.34078   6.42870968E-001
   3021.00700   5.90676015E-001
   3019.67322   5.45652661E-001
   3018.33945   5.06469080E-001
   3017.00567   4.72094561E-001
   3015.67189   4.41721052E-001
   3014.33811   4.14707511E-001
   3013.00433   3.90539820E-001
   3011.67056   3.68801491E-001
   3010.33678   3.49151990E-001
   3009.00300   3.31310488E-001
   3007.66922   3.15043537E-001
   3006.33545   3.00155646E-001
   3005.00167   2.86481970E-001
   3003.66789   2.73882616E-001
   3002.33411   2.62238151E-001
   3001.00033   2.51446034E-001
   2999.66656   2.41417765E-001
   2998.33278   2.32076581E-001
   2996.99900   2.23355591E-001
   2995.66522   2.15196251E-001
   2994.33144   2.07547110E-001
   2992.99767   2.00362776E-001
   2991.66389   1.93603052E-001
   2990.33011   1.87232220E-001
   2988.99633   1.81218435E-001
   2987.66255   1.75533218E-001
   2986.32878   1.70151024E-001
   2984.99500   1.65048873E-001
   2983.66122   1.60206040E-001
   2982.32744   1.55603784E-001
   2980.99366   1.51225116E-001
   2979.65989   1.47054602E-001
   2978.32611   1.43078187E-001
   2976.99233   1.39283047E-001
   2975.65855   1.35657454E-001
   2974.32477   1.32190666E-001
   2972.99100   1.28872820E-001
   2971.65722   1.25694852E-001
   2970.32344   1.22648408E-001
   2968.98966   1.19725786E-001
   2967.65589   1.16919865E-001
   2966.32211   1.14224057E-001
   2964.98833   1.11632257E-001
   2963.65455   1.09138797E-001
   2962.32077   1.06738410E-001
   2960.98700   1.04426197E-001
   2959.65322   1.02197591E-001
   2958.31944   1.00048332E-001
   2956.98566   9.79744426E-002
   2955.65188   9.59722022E-002
   2954.31811   9.40381294E-002
   2952.98433   9.21689616E-002
   2951.65055   9.03616385E-002
   2950.31677   8.86132870E-002
   2948.98299   8.69212066E-002
   2947.64922   8.52828571E-002
   2946.31544   8.36958466E-002
   2944.98166   8.21579214E-002
   2943.64788   8.06669554E-002
   2942.31410   7.92209422E-002
   2940.98033   7.78179859E-002
   2939.64655   7.64562942E-002
   2938.31277   7.51341714E-002
   2936.97899   7.38500117E-002
   2935.64522   7.26022939E-002
   2934.31144   7.13895751E-002
   2932.97766   7.02104868E-002
   2931.64388   6.90637292E-002
   2930.31010   6.79480677E-002
   2928.97633   6.68623284E-002
   2927.64255   6.58053948E-002
   2926.30877   6.47762041E-002
   2924.97499   6.37737441E-002
   2923.64121   6.27970504E-002
   2922.30744   6.18452034E-002
   2920.97366   6.09173258E-002
   2919.63988   6.00125804E-002
   2918.30610   5.91301676E-002
   2916.97232   5.82693236E-002
   2915.63855   5.74293181E-002
   2914.30477   5.66094528E-002
   2912.97099   5.58090594E-002
   2911.63721   5.50274985E-002
   2910.30343   5.42641574E-002
   2908.96966   5.35184492E-002
   2907.63588   5.27898115E-002
   2906.30210   5.20777049E-002
   2904.96832   5.13816118E-002
   2903.63454   5.07010357E-002
   2902.30077   5.00354998E-002
   2900.96699   4.93845461E-002
   2899.63321   4.87477346E-002
   2898.29943   4.81246425E-002
   2896.96566   4.75148630E-002
   2895.63188   4.69180052E-002
   2894.29810   4.63336925E-002
   2892.96432   4.57615627E-002
   2891.63054   4.52012670E-002
   2890.29677   4.46524695E-002
   2888.96299   4.41148464E-002
   2887.62921   4.35880857E-002
   2886.29543   4.30718866E-002
   2884.96165   4.25659589E-002
   2883.62788   4.20700229E-002
   2882.29410   4.15838084E-002
   2880.96032   4.11070547E-002
   2879.62654   4.06395101E-002
   2878.29276   4.01809314E-002
   2876.95899   3.97310838E-002
   2875.62521   3.92897404E-002
   2874.29143   3.88566816E-002
   2872.95765   3.84316953E-002
   2871.62387   3.80145763E-002
   2870.29010   3.76051262E-002
   2868.95632   3.72031529E-002
   2867.62254   3.68084705E-002
   2866.28876   3.64208991E-002
   2864.95498   3.60402643E-002
   2863.62121   3.56663973E-002
   2862.28743   3.52991348E-002
   2860.95365   3.49383181E-002
   2859.61987   3.45837937E-002
   2858.28610   3.42354127E-002
   2856.95232   3.38930308E-002
   2855.61854   3.35565078E-002
   2854.28476   3.32257081E-002
   2852.95098   3.29004996E-002
   2851.61721   3.25807547E-002
   2850.28343   3.22663490E-002
   2848.94965   3.19571621E-002
   2847.61587   3.16530768E-002
   2846.28209   3.13539795E-002
   2844.94832   3.10597597E-002
   2843.61454   3.07703102E-002
   2842.28076   3.04855265E-002
   2840.94698   3.02053074E-002
   2839.61320   2.99295543E-002
   2838.27943   2.96581713E-002
   2836.94565   2.93910653E-002
   2835.61187   2.91281456E-002
   2834.27809   2.88693241E-002
   2832.94431   2.86145148E-002
   2831.61054   2.83636344E-002
   2830.27676   2.81166015E-002
   2828.94298   2.78733370E-002
   2827.60920   2.76337638E-002
   2826.27543   2.73978070E-002
   2824.94165   2.71653934E-002
   2823.60787   2.69364519E-002
   2822.27409   2.67109131E-002
   2820.94031   2.64887094E-002
   2819.60654   2.62697749E-002
   2818.27276   2.60540456E-002
   2816.93898   2.58414587E-002
   2815.60520   2.56319532E-002
   2814.27142   2.54254698E-002
   2812.93765   2.52219503E-002
   2811.60387   2.50213381E-002
   2810.27009   2.48235780E-002
   2808.93631   2.46286161E-002
   2807.60253   2.44364000E-002
   2806.26876   2.42468781E-002
   2804.93498   2.40600006E-002
   2803.60120   2.38757185E-002
   2802.26742   2.36939840E-002
   2800.93364   2.35147506E-002
   2799.59987   2.33379727E-002
   2798.26609   2.31636059E-002
   2796.93231   2.29916068E-002
   2795.59853   2.28219329E-002
   2794.26475   2.26545429E-002
   2792.93098   2.24893961E-002
   2791.59720   2.23264531E-002
   2790.26342   2.21656751E-002
   2788.92964   2.20070244E-002
   2787.59587   2.18504640E-002
   2786.26209   2.16959576E-002
   2784.92831   2.15434701E-002
   2783.59453   2.13929668E-002
   2782.26075   2.12444139E-002
   2780.92698   2.10977783E-002
   2779.59320   2.09530278E-002
   2778.25942   2.08101307E-002
   2776.92564   2.06690559E-002
   2775.59186   2.05297733E-002
   2774.25809   2.03922531E-002
   2772.92431   2.02564663E-002
   2771.59053   2.01223846E-002
   2770.25675   1.99899800E-002
   2768.92297   1.98592255E-002
   2767.58920   1.97300943E-002
   2766.25542   1.96025602E-002
   2764.92164   1.94765979E-002
   2763.58786   1.93521821E-002
   2762.25408   1.92292884E-002
   2760.92031   1.91078928E-002
   2759.58653   1.89879716E-002
   2758.25275   1.88695019E-002
   2756.91897   1.87524611E-002
   2755.58520   1.86368269E-002
   2754.25142   1.85225778E-002
   2752.91764   1.84096923E-002
   2751.58386   1.82981497E-002
   2750.25008   1.81879295E-002
   2748.91631   1.80790117E-002
   2747.58253   1.79713766E-002
   2746.24875   1.78650050E-002
   2744.91497   1.77598779E-002
   2743.58119   1.76559769E-002
   2742.24742   1.75532837E-002
   2740.91364   1.74517806E-002
   2739.57986   1.73514500E-002
   2738.24608   1.72522748E-002
   2736.91230   1.71542381E-002
   2735.57853   1.70573235E-002
   2734.24475   1.69615147E-002
   2732.91097   1.68667959E-002
   2731.57719   1.67731514E-002
   2730.24341   1.66805659E-002
   2728.90964   1.65890244E-002
   2727.57586   1.64985122E-002
   2726.24208   1.64090146E-002
   2724.90830   1.63205176E-002
   2723.57452   1.62330072E-002
   2722.24075   1.61464695E-002
   2720.90697   1.60608913E-002
   2719.57319   1.59762592E-002
   2718.23941   1.58925603E-002
   2716.90564   1.58097818E-002
   2715.57186   1.57279112E-002
   2714.23808   1.56469362E-002
   2712.90430   1.55668446E-002
   2711.57052   1.54876247E-002
   2710.23675   1.54092648E-002
   2708.90297   1.53317533E-002
   2707.56919   1.52550791E-002
   2706.23541   1.51792310E-002
   2704.90163   1.51041982E-002
   2703.56786   1.50299700E-002
   2702.23408   1.49565358E-002
   2700.90030   1.48838854E-002
   2699.56652   1.48120086E-002
   2698.23274   1.47408954E-002
   2696.89897   1.46705360E-002
   2695.56519   1.46009208E-002
   2694.23141   1.45320402E-002
   2692.89763   1.44638850E-002
   2691.56385   1.43964460E-002
   2690.23008   1.43297141E-002
   2688.89630   1.42636805E-002
   2687.56252   1.41983365E-002
   2686.22874   1.41336735E-002
   2684.89496   1.40696830E-002
   2683.56119   1.40063567E-002
   2682.22741   1.39436866E-002
   2680.89363   1.38816645E-002
   2679.55985   1.38202826E-002
   2678.22608   1.37595330E-002
   2676.89230   1.36994082E-002
   2675.55852   1.36399005E-002
   2674.22474   1.35810027E-002
   2672.89096   1.35227073E-002
   2671.55719   1.34650073E-002
   2670.22341   1.34078956E-002
   2668.88963   1.33513652E-002
   2667.55585   1.32954093E-002
   2666.22207   1.32400212E-002
   2664.88830   1.31851941E-002
   2663.55452   1.31309217E-002
   2662.22074   1.30771975E-002
   2660.88696   1.30240152E-002
   2659.55318   1.29713685E-002
   2658.21941   1.29192513E-002
   2656.88563   1.28676576E-002
   2655.55185   1.28165815E-002
   2654.21807   1.27660170E-002
   2652.88429   1.27159585E-002
   2651.55052   1.26664002E-002
   2650.21674   1.26173367E-002
   2648.88296   1.25687623E-002
   2647.54918   1.25206716E-002
   2646.21541   1.24730594E-002
   2644.88163   1.24259203E-002
   2643.54785   1.23792492E-002
   2642.21407   1.23330409E-002
   2640.88029   1.22872906E-002
   2639.54652   1.22419931E-002
   2638.21274   1.21971436E-002
   2636.87896   1.21527373E-002
   2635.54518   1.21087696E-002
   2634.21140   1.20652356E-002
   2632.87763   1.20221308E-002
   2631.54385   1.19794507E-002
   2630.21007   1.19371909E-002
   2628.87629   1.18953468E-002
   2627.54251   1.18539143E-002
   2626.20874   1.18128889E-002
   2624.87496   1.17722665E-002
   2623.54118   1.17320430E-002
   2622.20740   1.16922142E-002
   2620.87362   1.16527762E-002
   2619.53985   1.16137248E-002
   2618.20607   1.15750564E-002
   2616.87229   1.15367668E-002
   2615.53851   1.14988525E-002
   2614.20473   1.14613095E-002
   2612.87096   1.14241342E-002
   2611.53718   1.13873230E-002
   2610.20340   1.13508722E-002
   2608.86962   1.13147783E-002
   2607.53585   1.12790379E-002
   2606.20207   1.12436474E-002
   2604.86829   1.12086034E-002
   2603.53451   1.11739027E-002
   2602.20073   1.11395418E-002
   2600.86696   1.11055176E-002
   2599.53318   1.10718269E-002
   2598.19940   1.10384663E-002
   2596.86562   1.10054329E-002
   2595.53184   1.09727236E-002
   2594.19807   1.09403352E-002
   2592.86429   1.09082649E-002
   2591.53051   1.08765096E-002
   2590.19673   1.08450664E-002
   2588.86295   1.08139324E-002
   2587.52918   1.07831048E-002
   2586.19540   1.07525809E-002
   2584.86162   1.07223578E-002
   2583.52784   1.06924328E-002
   2582.19406   1.06628032E-002
   2580.86029   1.06334664E-002
   2579.52651   1.06044197E-002
   2578.19273   1.05756607E-002
   2576.85895   1.05471866E-002
   2575.52518   1.05189951E-002
   2574.19140   1.04910835E-002
   2572.85762   1.04634496E-002
   2571.52384   1.04360909E-002
   2570.19006   1.04090049E-002
   2568.85629   1.03821894E-002
   2567.52251   1.03556420E-002
   2566.18873   1.03293605E-002
   2564.85495   1.03033425E-002
   2563.52117   1.02775859E-002
   2562.18740   1.02520885E-002
   2560.85362   1.02268480E-002
   2559.51984   1.02018624E-002
   2558.18606   1.01771295E-002
   2556.85228   1.01526473E-002
   2555.51851   1.01284137E-002
   2554.18473   1.01044266E-002
   2552.85095   1.00806841E-002
   2551.51717   1.00571842E-002
   2550.18339   1.00339250E-002
   2548.84962   1.00109044E-002
   2547.51584   9.98812072E-003
   2546.18206   9.96557194E-003
   2544.84828   9.94325625E-003
   2543.51450   9.92117183E-003
   2542.18073   9.89931688E-003
   2540.84695   9.87768962E-003
   2539.51317   9.85628828E-003
   2538.17939   9.83511115E-003
   2536.84562   9.81415651E-003
   2535.51184   9.79342267E-003
   2534.17806   9.77290798E-003
   2532.84428   9.75261077E-003
   2531.51050   9.73252944E-003
   2530.17673   9.71266239E-003
   2528.84295   9.69300802E-003
   2527.50917   9.67356479E-003
   2526.17539   9.65433116E-003
   2524.84161   9.63530560E-003
   2523.50784   9.61648662E-003
   2522.17406   9.59787274E-003
   2520.84028   9.57946250E-003
   2519.50650   9.56125445E-003
   2518.17272   9.54324717E-003
   2516.83895   9.52543927E-003
   2515.50517   9.50782936E-003
   2514.17139   9.49041606E-003
   2512.83761   9.47319803E-003
   2511.50383   9.45617394E-003
   2510.17006   9.43934247E-003
   2508.83628   9.42270233E-003
   2507.50250   9.40625224E-003
   2506.16872   9.38999093E-003
   2504.83494   9.37391716E-003
   2503.50117   9.35802970E-003
   2502.16739   9.34232733E-003
   2500.83361   9.32680886E-003
   2499.49983   9.31147310E-003
   2498.16606   9.29631890E-003
   2496.83228   9.28134509E-003
   2495.49850   9.26655054E-003
   2494.16472   9.25193413E-003
   2492.83094   9.23749476E-003
   2491.49717   9.22323134E-003
   2490.16339   9.20914279E-003
   2488.82961   9.19522805E-003
   2487.49583   9.18148606E-003
   2486.16205   9.16791581E-003
   2484.82828   9.15451627E-003
   2483.49450   9.14128642E-003
   2482.16072   9.12822529E-003
   2480.82694   9.11533190E-003
   2479.49316   9.10260527E-003
   2478.15939   9.09004446E-003
   2476.82561   9.07764852E-003
   2475.49183   9.06541654E-003
   2474.15805   9.05334759E-003
   2472.82427   9.04144079E-003
   2471.49050   9.02969523E-003
   2470.15672   9.01811005E-003
   2468.82294   9.00668438E-003
   2467.48916   8.99541736E-003
   2466.15539   8.98430817E-003
   2464.82161   8.97335597E-003
   2463.48783   8.96255995E-003
   2462.15405   8.95191930E-003
   2460.82027   8.94143324E-003
   2459.48650   8.93110097E-003
   2458.15272   8.92092173E-003
   2456.81894   8.91089476E-003
   2455.48516   8.90101932E-003
   2454.15138   8.89129466E-003
   2452.81761   8.88172006E-003
   2451.48383   8.87229480E-003
   2450.15005   8.86301819E-003
   2448.81627   8.85388953E-003
   2447.48249   8.84490812E-003
   2446.14872   8.83607331E-003
   2444.81494   8.82738442E-003
   2443.48116   8.81884081E-003
   2442.14738   8.81044183E-003
   2440.81360   8.80218685E-003
   2439.47983   8.79407525E-003
   2438.14605   8.78610640E-003
   2436.81227   8.77827972E-003
   2435.47849   8.77059460E-003
   2434.14471   8.76305047E-003
   2432.81094   8.75564674E-003
   2431.47716   8.74838286E-003
   2430.14338   8.74125826E-003
   2428.80960   8.73427240E-003
   2427.47583   8.72742474E-003
   2426.14205   8.72071475E-003
   2424.80827   8.71414192E-003
   2423.47449   8.70770573E-003
   2422.14071   8.70140568E-003
   2420.80694   8.69524128E-003
   2419.47316   8.68921205E-003
   2418.13938   8.68331750E-003
   2416.80560   8.67755718E-003
   2415.47182   8.67193062E-003
   2414.13805   8.66643738E-003
   2412.80427   8.66107701E-003
   2411.47049   8.65584907E-003
   2410.13671   8.65075316E-003
   2408.80293   8.64578884E-003
   2407.46916   8.64095572E-003
   2406.13538   8.63625338E-003
   2404.80160   8.63168145E-003
   2403.46782   8.62723953E-003
   2402.13404   8.62292725E-003
   2400.80027   8.61874424E-003
   2399.46649   8.61469014E-003
   2398.13271   8.61076460E-003
   2396.79893   8.60696728E-003
   2395.46516   8.60329783E-003
   2394.13138   8.59975594E-003
   2392.79760   8.59634127E-003
   2391.46382   8.59305352E-003
   2390.13004   8.58989237E-003
   2388.79627   8.58685753E-003
   2387.46249   8.58394872E-003
   2386.12871   8.58116563E-003
   2384.79493   8.57850801E-003
   2383.46115   8.57597558E-003
   2382.12738   8.57356807E-003
   2380.79360   8.57128524E-003
   2379.45982   8.56912684E-003
   2378.12604   8.56709263E-003
   2376.79226   8.56518238E-003
   2375.45849   8.56339586E-003
   2374.12471   8.56173285E-003
   2372.79093   8.56019314E-003
   2371.45715   8.55877654E-003
   2370.12337   8.55748283E-003
   2368.78960   8.55631184E-003
   2367.45582   8.55526339E-003
   2366.12204   8.55433728E-003
   2364.78826   8.55353337E-003
   2363.45448   8.55285148E-003
   2362.12071   8.55229147E-003
   2360.78693   8.55185318E-003
   2359.45315   8.55153647E-003
   2358.11937   8.55134121E-003
   2356.78560   8.55126728E-003
   2355.45182   8.55131455E-003
   2354.11804   8.55148291E-003
   2352.78426   8.55177225E-003
   2351.45048   8.55218248E-003
   2350.11671   8.55271350E-003
   2348.78293   8.55336523E-003
   2347.44915   8.55413758E-003
   2346.11537   8.55503049E-003
   2344.78159   8.55604389E-003
   2343.44782   8.55717773E-003
   2342.11404   8.55843193E-003
   2340.78026   8.55980648E-003
   2339.44648   8.56130132E-003
   2338.11270   8.56291642E-003
   2336.77893   8.56465176E-003
   2335.44515   8.56650732E-003
   2334.11137   8.56848309E-003
   2332.77759   8.57057907E-003
   2331.44381   8.57279525E-003
   2330.11004   8.57513164E-003
   2328.77626   8.57758826E-003
   2327.44248   8.58016514E-003
   2326.10870   8.58286230E-003
   2324.77492   8.58567977E-003
   2323.44115   8.58861760E-003
   2322.10737   8.59167584E-003
   2320.77359   8.59485454E-003
   2319.43981   8.59815377E-003
   2318.10604   8.60157359E-003
   2316.77226   8.60511408E-003
   2315.43848   8.60877533E-003
   2314.10470   8.61255742E-003
   2312.77092   8.61646045E-003
   2311.43715   8.62048453E-003
   2310.10337   8.62462975E-003
   2308.76959   8.62889625E-003
   2307.43581   8.63328414E-003
   2306.10203   8.63779356E-003
   2304.76826   8.64242464E-003
   2303.43448   8.64717752E-003
   2302.10070   8.65205237E-003
   2300.76692   8.65704933E-003
   2299.43314   8.66216857E-003
   2298.09937   8.66741027E-003
   2296.76559   8.67277460E-003
   2295.43181   8.67826175E-003
   2294.09803   8.68387191E-003
   2292.76425   8.68960529E-003
   2291.43048   8.69546208E-003
   2290.09670   8.70144252E-003
   2288.76292   8.70754681E-003
   2287.42914   8.71377519E-003
   2286.09537   8.72012789E-003
   2284.76159   8.72660517E-003
   2283.42781   8.73320726E-003
   2282.09403   8.73993442E-003
   2280.76025   8.74678693E-003
   2279.42648   8.75376505E-003
   2278.09270   8.76086907E-003
   2276.75892   8.76809927E-003
   2275.42514   8.77545595E-003
   2274.09136   8.78293942E-003
   2272.75759   8.79054997E-003
   2271.42381   8.79828794E-003
   2270.09003   8.80615364E-003
   2268.75625   8.81414741E-003
   2267.42247   8.82226959E-003
   2266.08870   8.83052054E-003
   2264.75492   8.83890060E-003
   2263.42114   8.84741014E-003
   2262.08736   8.85604954E-003
   2260.75358   8.86481917E-003
   2259.41981   8.87371943E-003
   2258.08603   8.88275070E-003
   2256.75225   8.89191341E-003
   2255.41847   8.90120795E-003
   2254.08469   8.91063476E-003
   2252.75092   8.92019425E-003
   2251.41714   8.92988688E-003
   2250.08336   8.93971308E-003
   2248.74958   8.94967332E-003
   2247.41581   8.95976805E-003
   2246.08203   8.96999774E-003
   2244.74825   8.98036289E-003
   2243.41447   8.99086398E-003
   2242.08069   9.00150150E-003
   2240.74692   9.01227597E-003
   2239.41314   9.02318790E-003
   2238.07936   9.03423781E-003
   2236.74558   9.04542625E-003
   2235.41180   9.05675376E-003
   2234.07803   9.06822089E-003
   2232.74425   9.07982820E-003
   2231.41047   9.09157626E-003
   2230.07669   9.10346566E-003
   2228.74291   9.11549698E-003
   2227.40914   9.12767084E-003
   2226.07536   9.13998783E-003
   2224.74158   9.15244859E-003
   2223.40780   9.16505373E-003
   2222.07402   9.17780390E-003
   2220.74025   9.19069976E-003
   2219.40647   9.20374196E-003
   2218.07269   9.21693117E-003
   2216.73891   9.23026807E-003
   2215.40514   9.24375337E-003
   2214.07136   9.25738775E-003
   2212.73758   9.27117194E-003
   2211.40380   9.28510665E-003
   2210.07002   9.29919263E-003
   2208.73625   9.31343062E-003
   2207.40247   9.32782137E-003
   2206.06869   9.34236566E-003
   2204.73491   9.35706427E-003
   2203.40113   9.37191799E-003
   2202.06736   9.38692762E-003
   2200.73358   9.40209398E-003
   2199.39980   9.41741789E-003
   2198.06602   9.43290019E-003
   2196.73224   9.44854174E-003
   2195.39847   9.46434340E-003
   2194.06469   9.48030604E-003
   2192.73091   9.49643056E-003
   2191.39713   9.51271785E-003
   2190.06335   9.52916883E-003
   2188.72958   9.54578442E-003
   2187.39580   9.56256557E-003
   2186.06202   9.57951323E-003
   2184.72824   9.59662837E-003
   2183.39446   9.61391196E-003
   2182.06069   9.63136500E-003
   2180.72691   9.64898850E-003
   2179.39313   9.66678349E-003
   2178.05935   9.68475099E-003
   2176.72558   9.70289206E-003
   2175.39180   9.72120777E-003
   2174.05802   9.73969919E-003
   2172.72424   9.75836742E-003
   2171.39046   9.77721356E-003
   2170.05669   9.79623876E-003
   2168.72291   9.81544414E-003
   2167.38913   9.83483087E-003
   2166.05535   9.85440011E-003
   2164.72157   9.87415305E-003
   2163.38780   9.89409091E-003
   2162.05402   9.91421489E-003
   2160.72024   9.93452625E-003
   2159.38646   9.95502623E-003
   2158.05268   9.97571610E-003
   2156.71891   9.99659717E-003
   2155.38513   1.00176707E-002
   2154.05135   1.00389381E-002
   2152.71757   1.00604006E-002
   2151.38379   1.00820597E-002
   2150.05002   1.01039167E-002
   2148.71624   1.01259729E-002
   2147.38246   1.01482299E-002
   2146.04868   1.01706890E-002
   2144.71490   1.01933518E-002
   2143.38113   1.02162196E-002
   2142.04735   1.02392940E-002
   2140.71357   1.02625765E-002
   2139.37979   1.02860687E-002
   2138.04602   1.03097721E-002
   2136.71224   1.03336882E-002
   2135.37846   1.03578187E-002
   2134.04468   1.03821652E-002
   2132.71090   1.04067293E-002
   2131.37713   1.04315128E-002
   2130.04335   1.04565173E-002
   2128.70957   1.04817444E-002
   2127.37579   1.05071961E-002
   2126.04201   1.05328739E-002
   2124.70824   1.05587797E-002
   2123.37446   1.05849154E-002
   2122.04068   1.06112826E-002
   2120.70690   1.06378834E-002
   2119.37312   1.06647196E-002
   2118.03935   1.06917930E-002
   2116.70557   1.07191057E-002
   2115.37179   1.07466595E-002
   2114.03801   1.07744566E-002
   2112.70423   1.08024988E-002
   2111.37046   1.08307883E-002
   2110.03668   1.08593271E-002
   2108.70290   1.08881173E-002
   2107.36912   1.09171610E-002
   2106.03535   1.09464605E-002
   2104.70157   1.09760179E-002
   2103.36779   1.10058354E-002
   2102.03401   1.10359153E-002
   2100.70023   1.10662599E-002
   2099.36646   1.10968714E-002
   2098.03268   1.11277523E-002
   2096.69890   1.11589048E-002
   2095.36512   1.11903316E-002
   2094.03134   1.12220348E-002
   2092.69757   1.12540172E-002
   2091.36379   1.12862811E-002
   2090.03001   1.13188292E-002
   2088.69623   1.13516640E-002
   2087.36245   1.13847882E-002
   2086.02868   1.14182044E-002
   2084.69490   1.14519153E-002
   2083.36112   1.14859237E-002
   2082.02734   1.15202324E-002
   2080.69356   1.15548441E-002
   2079.35979   1.15897618E-002
   2078.02601   1.16249884E-002
   2076.69223   1.16605267E-002
   2075.35845   1.16963798E-002
   2074.02467   1.17325508E-002
   2072.69090   1.17690426E-002
   2071.35712   1.18058585E-002
   2070.02334   1.18430016E-002
   2068.68956   1.18804751E-002
   2067.35579   1.19182822E-002
   2066.02201   1.19564263E-002
   2064.68823   1.19949108E-002
   2063.35445   1.20337390E-002
   2062.02067   1.20729145E-002
   2060.68690   1.21124406E-002
   2059.35312   1.21523211E-002
   2058.01934   1.21925595E-002
   2056.68556   1.22331594E-002
   2055.35178   1.22741247E-002
   2054.01801   1.23154590E-002
   2052.68423   1.23571664E-002
   2051.35045   1.23992505E-002
   2050.01667   1.24417155E-002
   2048.68289   1.24845653E-002
   2047.34912   1.25278040E-002
   2046.01534   1.25714357E-002
   2044.68156   1.26154648E-002
   2043.34778   1.26598953E-002
   2042.01400   1.27047318E-002
   2040.68023   1.27499786E-002
   2039.34645   1.27956401E-002
   2038.01267   1.28417210E-002
   2036.67889   1.28882258E-002
   2035.34512   1.29351592E-002
   2034.01134   1.29825261E-002
   2032.67756   1.30303312E-002
   2031.34378   1.30785795E-002
   2030.01000   1.31272760E-002
   2028.67623   1.31764257E-002
   2027.34245   1.32260339E-002
   2026.00867   1.32761058E-002
   2024.67489   1.33266466E-002
   2023.34111   1.33776619E-002
   2022.00734   1.34291570E-002
   2020.67356   1.34811377E-002
   2019.33978   1.35336097E-002
   2018.00600   1.35865786E-002
   2016.67222   1.36400504E-002
   2015.33845   1.36940311E-002
   2014.00467   1.37485266E-002
   2012.67089   1.38035433E-002
   2011.33711   1.38590874E-002
   2010.00333   1.39151653E-002
   2008.66956   1.39717834E-002
   2007.33578   1.40289484E-002
   2006.00200   1.40866671E-002
   2004.66822   1.41449462E-002
   2003.33444   1.42037926E-002
   2002.00067   1.42632135E-002
   2000.66689   1.43232161E-002
   1999.33311   1.43838077E-002
   1997.99933   1.44449957E-002
   1996.66556   1.45067877E-002
   1995.33178   1.45691915E-002
   1993.99800   1.46322148E-002
   1992.66422   1.46958657E-002
   1991.33044   1.47601523E-002
   1989.99667   1.48250828E-002
   1988.66289   1.48906658E-002
   1987.32911   1.49569097E-002
   1985.99533   1.50238233E-002
   1984.66155   1.50914156E-002
   1983.32778   1.51596955E-002
   1981.99400   1.52286723E-002
   1980.66022   1.52983553E-002
   1979.32644   1.53687543E-002
   1977.99266   1.54398788E-002
   1976.65889   1.55117388E-002
   1975.32511   1.55843444E-002
   1973.99133   1.56577060E-002
   1972.65755   1.57318340E-002
   1971.32377   1.58067392E-002
   1969.99000   1.58824324E-002
   1968.65622   1.59589247E-002
   1967.32244   1.60362275E-002
   1965.98866   1.61143524E-002
   1964.65488   1.61933111E-002
   1963.32111   1.62731156E-002
   1961.98733   1.63537782E-002
   1960.65355   1.64353113E-002
   1959.31977   1.65177277E-002
   1957.98600   1.66010403E-002
   1956.65222   1.66852625E-002
   1955.31844   1.67704077E-002
   1953.98466   1.68564898E-002
   1952.65088   1.69435227E-002
   1951.31711   1.70315209E-002
   1949.98333   1.71204991E-002
   1948.64955   1.72104721E-002
   1947.31577   1.73014553E-002
   1945.98199   1.73934642E-002
   1944.64822   1.74865148E-002
   1943.31444   1.75806233E-002
   1941.98066   1.76758064E-002
   1940.64688   1.77720810E-002
   1939.31310   1.78694645E-002
   1937.97933   1.79679744E-002
   1936.64555   1.80676290E-002
   1935.31177   1.81684468E-002
   1933.97799   1.82704465E-002
   1932.64421   1.83736476E-002
   1931.31044   1.84780698E-002
   1929.97666   1.85837332E-002
   1928.64288   1.86906585E-002
   1927.30910   1.87988669E-002
   1925.97533   1.89083799E-002
   1924.64155   1.90192196E-002
   1923.30777   1.91314086E-002
   1921.97399   1.92449701E-002
   1920.64021   1.93599278E-002
   1919.30644   1.94763058E-002
   1917.97266   1.95941290E-002
   1916.63888   1.97134228E-002
   1915.30510   1.98342133E-002
   1913.97132   1.99565270E-002
   1912.63755   2.00803912E-002
   1911.30377   2.02058341E-002
   1909.96999   2.03328841E-002
   1908.63621   2.04615708E-002
   1907.30243   2.05919241E-002
   1905.96866   2.07239751E-002
   1904.63488   2.08577554E-002
   1903.30110   2.09932974E-002
   1901.96732   2.11306346E-002
   1900.63354   2.12698010E-002
   1899.29977   2.14108319E-002
   1897.96599   2.15537632E-002
   1896.63221   2.16986320E-002
   1895.29843   2.18454762E-002
   1893.96465   2.19943348E-002
   1892.63088   2.21452480E-002
   1891.29710   2.22982570E-002
   1889.96332   2.24534041E-002
   1888.62954   2.26107328E-002
   1887.29577   2.27702880E-002
   1885.96199   2.29321157E-002
   1884.62821   2.30962633E-002
   1883.29443   2.32627795E-002
   1881.96065   2.34317146E-002
   1880.62688   2.36031203E-002
   1879.29310   2.37770499E-002
   1877.95932   2.39535581E-002
   1876.62554   2.41327016E-002
   1875.29176   2.43145387E-002
   1873.95799   2.44991294E-002
   1872.62421   2.46865357E-002
   1871.29043   2.48768217E-002
   1869.95665   2.50700535E-002
   1868.62287   2.52662991E-002
   1867.28910   2.54656291E-002
   1865.95532   2.56681163E-002
   1864.62154   2.58738359E-002
   1863.28776   2.60828657E-002
   1861.95398   2.62952863E-002
   1860.62021   2.65111810E-002
   1859.28643   2.67306360E-002
   1857.95265   2.69537407E-002
   1856.61887   2.71805877E-002
   1855.28510   2.74112731E-002
   1853.95132   2.76458964E-002
   1852.61754   2.78845609E-002
   1851.28376   2.81273740E-002
   1849.94998   2.83744472E-002
   1848.61621   2.86258963E-002
   1847.28243   2.88818418E-002
   1845.94865   2.91424091E-002
   1844.61487   2.94077287E-002
   1843.28109   2.96779367E-002
   1841.94732   2.99531748E-002
   1840.61354   3.02335910E-002
   1839.27976   3.05193396E-002
   1837.94598   3.08105820E-002
   1836.61220   3.11074868E-002
   1835.27843   3.14102303E-002
   1833.94465   3.17189973E-002
   1832.61087   3.20339813E-002
   1831.27709   3.23553853E-002
   1829.94331   3.26834224E-002
   1828.60954   3.30183163E-002
   1827.27576   3.33603024E-002
   1825.94198   3.37096287E-002
   1824.60820   3.40665561E-002
   1823.27442   3.44313601E-002
   1821.94065   3.48043316E-002
   1820.60687   3.51857781E-002
   1819.27309   3.55760251E-002
   1817.93931   3.59754175E-002
   1816.60554   3.63843215E-002
   1815.27176   3.68031261E-002
   1813.93798   3.72322451E-002
   1812.60420   3.76721198E-002
   1811.27042   3.81232210E-002
   1809.93665   3.85860518E-002
   1808.60287   3.90611513E-002
   1807.26909   3.95490974E-002
   1805.93531   4.00505113E-002
   1804.60153   4.05660614E-002
   1803.26776   4.10964691E-002
   1801.93398   4.16425138E-002
   1800.60020   4.22050398E-002
   1799.26642   4.27849637E-002
   1797.93264   4.33832827E-002
   1796.59887   4.40010845E-002
   1795.26509   4.46395585E-002
   1793.93131   4.53000086E-002
   1792.59753   4.59838687E-002
   1791.26375   4.66927193E-002
   1789.92998   4.74283089E-002
   1788.59620   4.81925771E-002
   1787.26242   4.89876831E-002
   1785.92864   4.98160392E-002
   1784.59486   5.06803500E-002
   1783.26109   5.15836597E-002
   1781.92731   5.25294089E-002
   1780.59353   5.35215027E-002
   1779.25975   5.45643938E-002
   1777.92598   5.56631836E-002
   1776.59220   5.68237460E-002
   1775.25842   5.80528816E-002
   1773.92464   5.93585085E-002
   1772.59086   6.07499024E-002
   1771.25709   6.22379997E-002
   1769.92331   6.38357855E-002
   1768.58953   6.55587918E-002
   1767.25575   6.74257471E-002
   1765.92197   6.94594299E-002
   1764.58820   7.16878050E-002
   1763.25442   7.41455549E-002
   1761.92064   7.68761715E-002
   1760.58686   7.99348577E-002
   1759.25308   8.33926158E-002
   1757.91931   8.73421114E-002
   1756.58553   9.19062447E-002
   1755.25175   9.72509380E-002
   1753.91797   1.03604637E-001
   1752.58419   1.11288749E-001
   1751.25042   1.20766266E-001
   1749.91664   1.32721213E-001
   1748.58286   1.48190644E-001
   1747.24908   1.68784560E-001
   1745.91531   1.97039155E-001
   1744.58153   2.36898883E-001
   1743.24775   2.93939246E-001
   1741.91397   3.73240804E-001
   1740.58019   4.68658306E-001
   1739.24642   5.43283065E-001
   1737.91264   5.51922630E-001
   1736.57886   5.15085370E-001
   1735.24508   4.90298710E-001
   1733.91130   5.07553129E-001
   1732.57753   5.70162759E-001
   1731.24375   6.53516389E-001
   1729.90997   6.93959734E-001
   1728.57619   6.52750848E-001
   1727.24241   5.80917819E-001
   1725.90864   5.38151012E-001
   1724.57486   5.39503641E-001
   1723.24108   5.61360601E-001
   1721.90730   5.50203408E-001
   1720.57352   4.81640018E-001
   1719.23975   3.93538398E-001
   1717.90597   3.20403422E-001
   1716.57219   2.68534983E-001
   1715.23841   2.33257520E-001
   1713.90463   2.09267909E-001
   1712.57086   1.92785176E-001
   1711.23708   1.81371999E-001
   1709.90330   1.73480689E-001
   1708.56952   1.68115906E-001
   1707.23575   1.64623745E-001
   1705.90197   1.62564857E-001
   1704.56819   1.61638014E-001
   1703.23441   1.61633304E-001
   1701.90063   1.62402848E-001
   1700.56686   1.63842103E-001
   1699.23308   1.65877652E-001
   1697.89930   1.68459126E-001
   1696.56552   1.71553775E-001
   1695.23174   1.75142822E-001
   1693.89797   1.79219028E-001
   1692.56419   1.83785121E-001
   1691.23041   1.88852870E-001
   1689.89663   1.94442662E-001
   1688.56285   2.00583503E-001
   1687.22908   2.07313405E-001
   1685.89530   2.14680158E-001
   1684.56152   2.22742512E-001
   1683.22774   2.31571838E-001
   1681.89396   2.41254344E-001
   1680.56019   2.51894016E-001
   1679.22641   2.63616461E-001
   1677.89263   2.76573955E-001
   1676.55885   2.90952100E-001
   1675.22508   3.06978658E-001
   1673.89130   3.24935394E-001
   1672.55752   3.45174135E-001
   1671.22374   3.68138821E-001
   1669.88996   3.94396199E-001
   1668.55619   4.24679232E-001
   1667.22241   4.59949508E-001
   1665.88863   5.01488620E-001
   1664.55485   5.51034619E-001
   1663.22107   6.10990073E-001
   1661.88730   6.84746485E-001
   1660.55352   7.77201783E-001
   1659.21974   8.95604500E-001
   1657.88596   1.05095735E+000
   1656.55218   1.26037321E+000
   1655.21841   1.55096737E+000
   1653.88463   1.96573585E+000
   1652.55085   2.56946986E+000
   1651.21707   3.44000056E+000
   1649.88329   4.58702009E+000
   1648.54952   5.71183434E+000
   1647.21574   6.13207038E+000
   1645.88196   5.60382182E+000
   1644.54818   4.63513121E+000
   1643.21440   3.66629126E+000
   1641.88063   2.89650449E+000
   1640.54685   2.36637149E+000
   1639.21307   2.03148595E+000
   1637.87929   1.83769851E+000
   1636.54552   1.74721520E+000
   1635.21174   1.73947444E+000
   1633.87796   1.80784220E+000
   1632.54418   1.95810750E+000
   1631.21040   2.20988863E+000
   1629.87663   2.60120386E+000
   1628.54285   3.19494580E+000
   1627.20907   4.07658715E+000
   1625.87529   5.29476397E+000
   1624.54151   6.63053510E+000
   1623.20774   7.33269395E+000
   1621.87396   6.81482361E+000
   1620.54018   5.63118964E+000
   1619.20640   4.55235376E+000
   1617.87262   3.81848779E+000
   1616.53885   3.38950140E+000
   1615.20507   3.18425365E+000
   1613.87129   3.14445282E+000
   1612.53751   3.23819638E+000
   1611.20373   3.45393524E+000
   1609.86996   3.79629160E+000
   1608.53618   4.28518761E+000
   1607.20240   4.95837010E+000
   1605.86862   5.87798471E+000
   1604.53484   7.14302131E+000
   1603.20107   8.91115064E+000
   1601.86729   1.14354078E+001
   1600.53351   1.51200072E+001
   1599.19973   2.05768313E+001
   1597.86596   2.85419197E+001
   1596.53218   3.90887799E+001
   1595.19840   4.92208163E+001
   1593.86462   5.18734690E+001
   1592.53084   4.44878232E+001
   1591.19707   3.34346439E+001
   1589.86329   2.40695097E+001
   1588.52951   1.74359442E+001
   1587.19573   1.29398216E+001
   1585.86195   9.87429541E+000
   1584.52818   7.73621062E+000
   1583.19440   6.20461733E+000
   1581.86062   5.07856716E+000
   1580.52684   4.23081537E+000
   1579.19306   3.57903778E+000
   1577.85929   3.06867512E+000
   1576.52551   2.66271475E+000
   1575.19173   2.33551946E+000
   1573.85795   2.06903590E+000
   1572.52417   1.85043549E+000
   1571.19040   1.67065282E+000
   1569.85662   1.52352275E+000
   1568.52284   1.40534091E+000
   1567.18906   1.31463731E+000
   1565.85529   1.25141658E+000
   1564.52151   1.21317633E+000
   1563.18773   1.18365802E+000
   1561.85395   1.12930125E+000
   1560.52017   1.03913237E+000
   1559.18640   9.41833853E-001
   1557.85262   8.60414730E-001
   1556.51884   7.99234038E-001
   1555.18506   7.56351345E-001
   1553.85128   7.30395385E-001
   1552.51751   7.22142352E-001
   1551.18373   7.33723038E-001
   1549.84995   7.63318632E-001
   1548.51617   7.91246009E-001
   1547.18239   7.78830412E-001
   1545.84862   7.18702258E-001
   1544.51484   6.47306220E-001
   1543.18106   5.90495039E-001
   1541.84728   5.52629826E-001
   1540.51350   5.31286814E-001
   1539.17973   5.24580908E-001
   1537.84595   5.32903844E-001
   1536.51217   5.59415753E-001
   1535.17839   6.10439907E-001
   1533.84461   6.94440288E-001
   1532.51084   8.13116271E-001
   1531.17706   9.32820865E-001
   1529.84328   9.67449983E-001
   1528.50950   8.77263590E-001
   1527.17573   7.36935483E-001
   1525.84195   6.16511203E-001
   1524.50817   5.31599857E-001
   1523.17439   4.75531343E-001
   1521.84061   4.39700182E-001
   1520.50684   4.18086632E-001
   1519.17306   4.07150476E-001
   1517.83928   4.05142296E-001
   1516.50550   4.11651280E-001
   1515.17172   4.27463923E-001
   1513.83795   4.54723451E-001
   1512.50417   4.97420359E-001
   1511.17039   5.62235560E-001
   1509.83661   6.59354172E-001
   1508.50283   8.00781632E-001
   1507.16906   9.87474780E-001
   1505.83528   1.17737289E+000
   1504.50150   1.28759692E+000
   1503.16772   1.28058644E+000
   1501.83394   1.17610142E+000
   1500.50017   1.03634558E+000
   1499.16639   9.33609700E-001
   1497.83261   8.97679944E-001
   1496.49883   9.32814194E-001
   1495.16506   1.04019984E+000
   1493.83128   1.21240423E+000
   1492.49750   1.40558553E+000
   1491.16372   1.54988951E+000
   1489.82994   1.62150218E+000
   1488.49617   1.64995953E+000
   1487.16239   1.71852851E+000
   1485.82861   1.90634474E+000
   1484.49483   2.21205723E+000
   1483.16105   2.57662734E+000
   1481.82728   2.96884687E+000
   1480.49350   3.27710294E+000
   1479.15972   3.22190924E+000
   1477.82594   2.72807560E+000
   1476.49216   2.09245029E+000
   1475.15839   1.56368053E+000
   1473.82461   1.18750433E+000
   1472.49083   9.29825268E-001
   1471.15705   7.51894391E-001
   1469.82327   6.26170958E-001
   1468.48950   5.35003397E-001
   1467.15572   4.67262453E-001
   1465.82194   4.15844386E-001
   1464.48816   3.76114896E-001
   1463.15438   3.44977409E-001
   1461.82061   3.20314804E-001
   1460.48683   3.00649683E-001
   1459.15305   2.84933347E-001
   1457.81927   2.72411925E-001
   1456.48550   2.62539792E-001
   1455.15172   2.54922729E-001
   1453.81794   2.49280303E-001
   1452.48416   2.45421100E-001
   1451.15038   2.43226939E-001
   1449.81661   2.42643743E-001
   1448.48283   2.43677821E-001
   1447.14905   2.46397077E-001
   1445.81527   2.50937356E-001
   1444.48149   2.57514865E-001
   1443.14772   2.66446572E-001
   1441.81394   2.78181823E-001
   1440.48016   2.93350591E-001
   1439.14638   3.12837301E-001
   1437.81260   3.37895187E-001
   1436.47883   3.70326600E-001
   1435.14505   4.12773129E-001
   1433.81127   4.69192147E-001
   1432.47749   5.45652912E-001
   1431.14371   6.51673700E-001
   1429.80994   8.02409573E-001
   1428.47616   1.02181774E+000
   1427.14238   1.34508610E+000
   1425.80860   1.80966427E+000
   1424.47482   2.39756979E+000
   1423.14105   2.89561708E+000
   1421.80727   2.93555178E+000
   1420.47349   2.51659894E+000
   1419.13971   2.01527902E+000
   1417.80594   1.65489101E+000
   1416.47216   1.44343235E+000
   1415.13838   1.30852719E+000
   1413.80460   1.17063695E+000
   1412.47082   9.92508135E-001
   1411.13705   8.10338997E-001
   1409.80327   6.64054106E-001
   1408.46949   5.58986034E-001
   1407.13571   4.85823757E-001
   1405.80193   4.35025004E-001
   1404.46816   3.99863907E-001
   1403.13438   3.76042551E-001
   1401.80060   3.60925178E-001
   1400.46682   3.52992622E-001
   1399.13304   3.51531751E-001
   1397.79927   3.56501907E-001
   1396.46549   3.68545497E-001
   1395.13171   3.89147233E-001
   1393.79793   4.20982105E-001
   1392.46415   4.68500858E-001
   1391.13038   5.38634502E-001
   1389.79660   6.40510620E-001
   1388.46282   7.79586441E-001
   1387.12904   9.38654042E-001
   1385.79527   1.07069261E+000
   1384.46149   1.16830599E+000
   1383.12771   1.28361788E+000
   1381.79393   1.39901133E+000
   1380.46015   1.39200448E+000
   1379.12638   1.22727876E+000
   1377.79260   1.02392365E+000
   1376.45882   8.71074464E-001
   1375.12504   7.83922593E-001
   1373.79126   7.54029996E-001
   1372.45749   7.75465552E-001
   1371.12371   8.50842493E-001
   1369.78993   9.90783481E-001
   1368.45615   1.20403770E+000
   1367.12237   1.46008913E+000
   1365.78860   1.63867386E+000
   1364.45482   1.61438686E+000
   1363.12104   1.43007882E+000
   1361.78726   1.22654404E+000
   1360.45348   1.08480432E+000
   1359.11971   1.00754940E+000
   1357.78593   9.76111358E-001
   1356.45215   9.91750749E-001
   1355.11837   1.06642621E+000
   1353.78459   1.19610642E+000
   1352.45082   1.32843325E+000
   1351.11704   1.36690069E+000
   1349.78326   1.29836495E+000
   1348.44948   1.21545338E+000
   1347.11571   1.18256874E+000
   1345.78193   1.21393265E+000
   1344.44815   1.31049445E+000
   1343.11437   1.47846485E+000
   1341.78059   1.73550261E+000
   1340.44682   2.11568177E+000
   1339.11304   2.67733826E+000
   1337.77926   3.51324829E+000
   1336.44548   4.74897946E+000
   1335.11170   6.46264572E+000
   1333.77793   8.36196080E+000
   1332.44415   9.38265145E+000
   1331.11037   8.63065706E+000
   1329.77659   6.86388545E+000
   1328.44281   5.22838669E+000
   1327.10904   4.10178887E+000
   1325.77526   3.41033754E+000
   1324.44148   2.95236146E+000
   1323.10770   2.55475693E+000
   1321.77392   2.20860244E+000
   1320.44015   1.98003246E+000
   1319.10637   1.88967723E+000
   1317.77259   1.90614828E+000
   1316.43881   1.95117028E+000
   1315.10504   1.94072219E+000
   1313.77126   1.81300961E+000
   1312.43748   1.56806010E+000
   1311.10370   1.30382366E+000
   1309.76992   1.09265272E+000
   1308.43615   9.42648172E-001
   1307.10237   8.39384149E-001
   1305.76859   7.68574568E-001
   1304.43481   7.20290948E-001
   1303.10103   6.88210847E-001
   1301.76726   6.68409870E-001
   1300.43348   6.58509468E-001
   1299.09970   6.57168175E-001
   1297.76592   6.63807781E-001
   1296.43214   6.78499320E-001
   1295.09837   7.01975681E-001
   1293.76459   7.35774439E-001
   1292.43081   7.82553208E-001
   1291.09703   8.46669797E-001
   1289.76325   9.35180200E-001
   1288.42948   1.05941163E+000
   1287.09570   1.23681054E+000
   1285.76192   1.49004438E+000
   1284.42814   1.82992347E+000
   1283.09436   2.19291327E+000
   1281.76059   2.38168945E+000
   1280.42681   2.26634082E+000
   1279.09303   2.00618424E+000
   1277.75925   1.79142593E+000
   1276.42548   1.67833599E+000
   1275.09170   1.65865805E+000
   1273.75792   1.71076267E+000
   1272.42414   1.80069611E+000
   1271.09036   1.88711642E+000
   1269.75659   1.96891433E+000
   1268.42281   2.08360166E+000
   1267.08903   2.25810468E+000
   1265.75525   2.50537564E+000
   1264.42147   2.83885242E+000
   1263.08770   3.28033174E+000
   1261.75392   3.86493762E+000
   1260.42014   4.64779771E+000
   1259.08636   5.71538095E+000
   1257.75258   7.20488793E+000
   1256.41881   9.33603000E+000
   1255.08503   1.24558884E+001
   1253.75125   1.70663211E+001
   1252.41747   2.36581141E+001
   1251.08369   3.17765605E+001
   1249.74992   3.80134124E+001
   1248.41614   3.72741611E+001
   1247.08236   3.02875457E+001
   1245.74858   2.23336489E+001
   1244.41480   1.61519076E+001
   1243.08103   1.18879435E+001
   1241.74725   9.01360376E+000
   1240.41347   7.05444917E+000
   1239.07969   5.69165997E+000
   1237.74592   4.72529557E+000
   1236.41214   4.03142454E+000
   1235.07836   3.53325797E+000
   1233.74458   3.18407096E+000
   1232.41080   2.95781459E+000
   1231.07703   2.84448250E+000
   1229.74325   2.84741126E+000
   1228.40947   2.97542859E+000
   1227.07569   3.20973310E+000
   1225.74191   3.43732976E+000
   1224.40814   3.50278540E+000
   1223.07436   3.46173793E+000
   1221.74058   3.52804251E+000
   1220.40680   3.84111614E+000
   1219.07302   4.44028773E+000
   1217.73925   5.22960012E+000
   1216.40547   5.95283157E+000
   1215.07169   6.44378116E+000
   1213.73791   6.58234644E+000
   1212.40413   6.17633976E+000
   1211.07036   5.46664438E+000
   1209.73658   4.76569556E+000
   1208.40280   4.06469750E+000
   1207.06902   3.39383988E+000
   1205.73525   2.86574495E+000
   1204.40147   2.50765403E+000
   1203.06769   2.28867187E+000
   1201.73391   2.17453319E+000
   1200.40013   2.14326364E+000
   1199.06636   2.18531944E+000
   1197.73258   2.30136595E+000
   1196.39880   2.49866447E+000
   1195.06502   2.77958745E+000
   1193.73124   3.12061788E+000
   1192.39747   3.49669257E+000
   1191.06369   3.97244248E+000
   1189.72991   4.68084689E+000
   1188.39613   5.72513971E+000
   1187.06235   7.06203854E+000
   1185.72858   8.26512174E+000
   1184.39480   8.70712324E+000
   1183.06102   8.54079977E+000
   1181.72724   8.53249590E+000
   1180.39346   9.16529780E+000
   1179.05969   1.06679371E+001
   1177.72591   1.33070924E+001
   1176.39213   1.75136610E+001
   1175.05835   2.37635187E+001
   1173.72457   3.17403388E+001
   1172.39080   3.83354550E+001
   1171.05702   3.82667978E+001
   1169.72324   3.15149369E+001
   1168.38946   2.33435859E+001
   1167.05569   1.68531719E+001
   1165.72191   1.23367651E+001
   1164.38813   9.27583971E+000
   1163.05435   7.17593955E+000
   1161.72057   5.69972715E+000
   1160.38680   4.63396797E+000
   1159.05302   3.84497824E+000
   1157.71924   3.24771395E+000
   1156.38546   2.78688401E+000
   1155.05168   2.42573317E+000
   1153.71791   2.13936582E+000
   1152.38413   1.91073611E+000
   1151.05035   1.72824106E+000
   1149.71657   1.58432987E+000
   1148.38279   1.47480489E+000
   1147.04902   1.39854290E+000
   1145.71524   1.35688079E+000
   1144.38146   1.34978792E+000
   1143.04768   1.36275555E+000
   1141.71390   1.35484438E+000
   1140.38013   1.30125993E+000
   1139.04635   1.23900363E+000
   1137.71257   1.21392838E+000
   1136.37879   1.24890197E+000
   1135.04502   1.35901380E+000
   1133.71124   1.55487758E+000
   1132.37746   1.80601738E+000
   1131.04368   1.97352426E+000
   1129.70990   1.89890576E+000
   1128.37613   1.65456543E+000
   1127.04235   1.41888207E+000
   1125.70857   1.24891696E+000
   1124.37479   1.10542959E+000
   1123.04101   9.59799959E-001
   1121.70724   8.31024078E-001
   1120.37346   7.35966673E-001
   1119.03968   6.74213877E-001
   1117.70590   6.39377528E-001
   1116.37212   6.20875877E-001
   1115.03835   5.99526188E-001
   1113.70457   5.60837502E-001
   1112.37079   5.13908985E-001
   1111.03701   4.72791288E-001
   1109.70323   4.41392380E-001
   1108.36946   4.18284796E-001
   1107.03568   4.01373099E-001
   1105.70190   3.89106860E-001
   1104.36812   3.80507143E-001
   1103.03434   3.75007468E-001
   1101.70057   3.72328730E-001
   1100.36679   3.72407808E-001
   1099.03301   3.75368025E-001
   1097.69923   3.81522264E-001
   1096.36546   3.91406811E-001
   1095.03168   4.05851873E-001
   1093.69790   4.26104464E-001
   1092.36412   4.54034081E-001
   1091.03034   4.92476259E-001
   1089.69657   5.45810666E-001
   1088.36279   6.20933474E-001
   1087.02901   7.28838477E-001
   1085.69523   8.86839705E-001
   1084.36145   1.11991545E+000
   1083.02768   1.45245053E+000
   1081.69390   1.86197175E+000
   1080.36012   2.18063360E+000
   1079.02634   2.16029066E+000
   1077.69256   1.84138327E+000
   1076.35879   1.48567783E+000
   1075.02501   1.23028057E+000
   1073.69123   1.08814883E+000
   1072.35745   1.04342528E+000
   1071.02367   1.08827895E+000
   1069.68990   1.22636344E+000
   1068.35612   1.45359995E+000
   1067.02234   1.69808595E+000
   1065.68856   1.77983682E+000
   1064.35478   1.60881633E+000
   1063.02101   1.33618441E+000
   1061.68723   1.11147952E+000
   1060.35345   9.72082450E-001
   1059.01967   9.09614975E-001
   1057.68590   9.14594811E-001
   1056.35212   9.87974130E-001
   1055.01834   1.14132839E+000
   1053.68456   1.38545768E+000
   1052.35078   1.68432296E+000
   1051.01701   1.88295244E+000
   1049.68323   1.81717270E+000
   1048.34945   1.57870422E+000
   1047.01567   1.36131989E+000
   1045.68189   1.22533445E+000
   1044.34812   1.11891592E+000
   1043.01434   9.86050945E-001
   1041.68056   8.45439845E-001
   1040.34678   7.33705428E-001
   1039.01300   6.58702620E-001
   1037.67923   6.13919005E-001
   1036.34545   5.92188222E-001
   1035.01167   5.89075548E-001
   1033.67789   6.02924921E-001
   1032.34411   6.34577936E-001
   1031.01034   6.87287988E-001
   1029.67656   7.66103912E-001
   1028.34278   8.73776541E-001
   1027.00900   9.99629578E-001
   1025.67523   1.12043912E+000
   1024.34145   1.24594052E+000
   1023.00767   1.43051557E+000
   1021.67389   1.72446240E+000
   1020.34011   2.14262967E+000
   1019.00634   2.61506321E+000
   1017.67256   3.00012234E+000
   1016.33878   3.32027850E+000
   1015.00500   3.74219726E+000
   1013.67122   4.16483652E+000
   1012.33745   4.16484254E+000
   1011.00367   3.60248199E+000
   1009.66989   2.83622805E+000
   1008.33611   2.18434498E+000
   1007.00233   1.72178714E+000
   1005.66856   1.41284588E+000
   1004.33478   1.20967488E+000
   1003.00100   1.07727669E+000
   1001.66722   9.93296614E-001
   1000.33344   9.43992941E-001
    998.99967   9.21074078E-001
    997.66589   9.19730704E-001
    996.33211   9.37505402E-001
    994.99833   9.73692422E-001
    993.66455   1.02908447E+000
    992.33078   1.10596930E+000
    990.99700   1.20829500E+000
    989.66322   1.34176714E+000
    988.32944   1.51320881E+000
    986.99567   1.72941726E+000
    985.66189   2.00188356E+000
    984.32811   2.35819388E+000
    982.99433   2.84319056E+000
    981.66055   3.52033012E+000
    980.32678   4.48670791E+000
    978.99300   5.89634467E+000
    977.65922   7.98166657E+000
    976.32544   1.10181201E+001
    974.99166   1.50128748E+001
    973.65789   1.87817745E+001
    972.32411   1.96544208E+001
    970.99033   1.67964316E+001
    969.65655   1.26564684E+001
    968.32277   9.18751329E+000
    966.98900   6.74407315E+000
    965.65522   5.09640935E+000
    964.32144   3.98150859E+000
    962.98766   3.21377651E+000
    961.65388   2.67556581E+000
    960.32011   2.29401906E+000
    958.98633   2.02414879E+000
    957.65255   1.83855639E+000
    956.31877   1.72155559E+000
    954.98499   1.66556090E+000
    953.65122   1.66666032E+000
    952.31744   1.71346412E+000
    950.98366   1.77254127E+000
    949.64988   1.81595199E+000
    948.31611   1.87452911E+000
    946.98233   2.00185908E+000
    945.64855   2.23202216E+000
    944.31477   2.58479040E+000
    942.98099   3.08021266E+000
    941.64722   3.78517076E+000
    940.31344   4.84839030E+000
    938.97966   6.45167846E+000
    937.64588   8.65261293E+000
    936.31210   1.09141014E+001
    934.97833   1.17574943E+001
    933.64455   1.03883939E+001
    932.31077   8.04252855E+000
    930.97699   5.96230970E+000
    929.64321   4.42947503E+000
    928.30944   3.35189706E+000
    926.97566   2.60487908E+000
    925.64188   2.08489555E+000
    924.30810   1.71754386E+000
    922.97432   1.45426420E+000
    921.64055   1.26486667E+000
    920.30677   1.13143406E+000
    918.97299   1.04434762E+000
    917.63921   9.98669703E-001
    916.30544   9.86058466E-001
    914.97166   9.77962290E-001
    913.63788   9.29233251E-001
    912.30410   8.36773244E-001
    910.97032   7.41088941E-001
    909.63655   6.66572406E-001
    908.30277   6.15572518E-001
    906.96899   5.84425734E-001
    905.63521   5.70436586E-001
    904.30143   5.73348823E-001
    902.96766   5.95738927E-001
    901.63388   6.43674078E-001
    900.30010   7.27530189E-001
    898.96632   8.60486212E-001
    897.63254   1.04456055E+000
    896.29877   1.22659203E+000
    894.96499   1.27529459E+000
    893.63121   1.13556340E+000
    892.29743   9.23064947E-001
    890.96365   7.41265284E-001
    889.62988   6.11889217E-001
    888.29610   5.24242258E-001
    886.96232   4.65022282E-001
    885.62854   4.24741133E-001
    884.29476   3.97428212E-001
    882.96099   3.79487975E-001
    881.62721   3.68860632E-001
    880.29343   3.64542294E-001
    878.95965   3.66374674E-001
    877.62588   3.75046925E-001
    876.29210   3.92292841E-001
    874.95832   4.21231024E-001
    873.62454   4.66401674E-001
    872.29076   5.31329418E-001
    870.95699   6.07629832E-001
    869.62321   6.57889069E-001
    868.28943   6.42460868E-001
    866.95565   5.82812785E-001
    865.62187   5.24897833E-001
    864.28810   4.86653647E-001
    862.95432   4.67227851E-001
    861.62054   4.62155989E-001
    860.28676   4.68033810E-001
    858.95298   4.82966603E-001
    857.61921   5.06233260E-001
    856.28543   5.37997778E-001
    854.95165   5.79178258E-001
    853.61787   6.31458693E-001
    852.28409   6.97434312E-001
    850.95032   7.80910897E-001
    849.61654   8.87418415E-001
    848.28276   1.02505836E+000
    846.94898   1.20590167E+000
    845.61521   1.44832170E+000
    844.28143   1.78092259E+000
    842.94765   2.24909325E+000
    841.61387   2.92524941E+000
    840.28009   3.92096789E+000
    838.94632   5.38208055E+000
    837.61254   7.38194530E+000
    836.27876   9.52635866E+000
    834.94498   1.05606983E+001
    833.61120   9.58450985E+000
    832.27743   7.48945845E+000
    830.94365   5.49084922E+000
    829.60987   4.00841583E+000
    828.27609   2.99316018E+000
    826.94231   2.30446633E+000
    825.60854   1.82953324E+000
    824.27476   1.49410937E+000
    822.94098   1.25150453E+000
    821.60720   1.07232436E+000
    820.27342   9.37746325E-001
    818.93965   8.35462790E-001
    817.60587   7.57269494E-001
    816.27209   6.97621752E-001
    814.93831   6.52759702E-001
    813.60453   6.20175462E-001
    812.27076   5.98294463E-001
    810.93698   5.86300922E-001
    809.60320   5.84073317E-001
    808.26942   5.92221609E-001
    806.93565   6.12242438E-001
    805.60187   6.46839482E-001
    804.26809   7.00503547E-001
    802.93431   7.80522642E-001
    801.60053   8.98697597E-001
    800.26676   1.07408402E+000
    798.93298   1.33649464E+000
    797.59920   1.72662332E+000
    796.26542   2.27265349E+000
    794.93164   2.89083833E+000
    793.59787   3.24620499E+000
    792.26409   3.02250827E+000
    790.93031   2.43612269E+000
    789.59653   1.86849406E+000
    788.26275   1.45485201E+000
    786.92898   1.18110763E+000
    785.59520   1.00690110E+000
    784.26142   9.01317781E-001
    782.92764   8.45770126E-001
    781.59386   8.31202923E-001
    780.26009   8.56064550E-001
    778.92631   9.25915996E-001
    777.59253   1.05424413E+000
    776.25875   1.26185357E+000
    774.92497   1.56333537E+000
    773.59120   1.91106134E+000
    772.25742   2.11717278E+000
    770.92364   2.00546651E+000
    769.58986   1.69900862E+000
    768.25609   1.41370943E+000
    766.92231   1.22895974E+000
    765.58853   1.14306766E+000
    764.25475   1.14359827E+000
    762.92097   1.22951649E+000
    761.58720   1.41460958E+000
    760.25342   1.72099751E+000
    758.91964   2.14526055E+000
    757.58586   2.56777159E+000
    756.25208   2.70052301E+000
    754.91831   2.40250177E+000
    753.58453   1.92356524E+000
    752.25075   1.50929321E+000
    750.91697   1.21654547E+000
    749.58319   1.02192506E+000
    748.24942   8.94200105E-001
    746.91564   8.10731695E-001
    745.58186   7.57068915E-001
    744.24808   7.24245198E-001
    742.91430   7.06698543E-001
    741.58053   7.00971660E-001
    740.24675   7.04941611E-001
    738.91297   7.17369173E-001
    737.57919   7.37637837E-001
    736.24542   7.65608155E-001
    734.91164   8.01546847E-001
    733.57786   8.46110130E-001
    732.24408   9.00373745E-001
    730.91030   9.65912339E-001
    729.57653   1.04494144E+000
    728.24275   1.14054912E+000
    726.90897   1.25706475E+000
    725.57519   1.40063748E+000
    724.24141   1.58010016E+000
    722.90764   1.80801778E+000
    721.57386   2.10081416E+000
    720.24008   2.47362866E+000
    718.90630   2.92508582E+000
    717.57252   3.44294872E+000
    716.23875   4.07899967E+000
    714.90497   4.97225176E+000
    713.57119   6.29200357E+000
    712.23741   8.21857061E+000
    710.90363   1.08389663E+001
    709.56986   1.37735507E+001
    708.23608   1.60716035E+001
    706.90230   1.75863940E+001
    705.56852   1.91856431E+001
    704.23474   2.03094948E+001
    702.90097   1.90842160E+001
    701.56719   1.57844241E+001
    700.23341   1.24443480E+001
    698.89963   1.00915546E+001
    697.56586   8.77708437E+000
    696.23208   8.33972760E+000
    694.89830   8.68459474E+000
    693.56452   9.78544703E+000
    692.23074   1.16107180E+001
    690.89697   1.41915503E+001
    689.56319   1.74952726E+001
    688.22941   2.02689488E+001
    686.89563   2.00126616E+001
    685.56185   1.65683159E+001
    684.22808   1.24247089E+001
    682.89430   9.11520172E+000
    681.56052   6.79540369E+000
    680.22674   5.20970572E+000
    678.89296   4.11119131E+000
    677.55919   3.33053963E+000
    676.22541   2.76029453E+000
    674.89163   2.33279769E+000
    673.55785   2.00477871E+000
    672.22407   1.74790707E+000
    670.89030   1.54315950E+000
    669.55652   1.37744461E+000
    668.22274   1.24154463E+000
    666.88896   1.12883252E+000
    665.55519   1.03445382E+000
    664.22141   9.54793263E-001
    662.88763   8.87119744E-001
    661.55385   8.29345544E-001
    660.22007   7.79860544E-001
    658.88630   7.37416748E-001
    657.55252   7.01047549E-001
    656.21874   6.70011872E-001
    654.88496   6.43757106E-001
    653.55118   6.21897490E-001
    652.21741   6.04206896E-001
    650.88363   5.90627351E-001
    649.54985   5.81297761E-001
    648.21607   5.76612048E-001
    646.88229   5.77323936E-001
    645.54852   5.84729242E-001
    644.21474   6.00978392E-001
    642.88096   6.29598180E-001
    641.54718   6.76285125E-001
    640.21340   7.49713918E-001
    638.87963   8.60388764E-001
    637.54585   1.00963063E+000
    636.21207   1.15580558E+000
    634.87829   1.20036419E+000
    633.54451   1.10845551E+000
    632.21074   9.71224664E-001
    630.87696   8.65146949E-001
    629.54318   8.01977448E-001
    628.20940   7.61710033E-001
    626.87563   7.24664256E-001
    625.54185   6.93353895E-001
    624.20807   6.78193249E-001
    622.87429   6.83374280E-001
    621.54051   7.09929041E-001
    620.20674   7.57299019E-001
    618.87296   8.16333708E-001
    617.53918   8.62466101E-001
    616.20540   8.82188856E-001
    614.87162   8.99359969E-001
    613.53785   9.42427869E-001
    612.20407   1.02645654E+000
    610.87029   1.16430392E+000
    609.53651   1.37673154E+000
    608.20273   1.69770003E+000
    606.86896   2.17131768E+000
    605.53518   2.81168722E+000
    604.20140   3.46686483E+000
    602.86762   3.71879606E+000
    601.53384   3.34290887E+000
    600.20007   2.69145607E+000
    598.86629   2.12497730E+000
    597.53251   1.73161915E+000
    596.19873   1.48131224E+000
    594.86495   1.33218440E+000
    593.53118   1.25547481E+000
    592.19740   1.23526846E+000
    590.86362   1.26246367E+000
    589.52984   1.32222633E+000
    588.19607   1.37880354E+000
    586.86229   1.40107087E+000
    585.52851   1.41203858E+000
    584.19473   1.45319522E+000
    582.86095   1.54560365E+000
    581.52718   1.70107213E+000
    580.19340   1.93706805E+000
    578.85962   2.28516733E+000
    577.52584   2.79857722E+000
    576.19206   3.55718316E+000
    574.85829   4.64523463E+000
    573.52451   6.01334322E+000
    572.19073   7.14994792E+000
    570.85695   7.18908888E+000
    569.52317   6.13555755E+000
    568.18940   4.85710210E+000
    566.85562   3.86182470E+000
    565.52184   3.19776469E+000
    564.18806   2.78079309E+000
    562.85428   2.53119352E+000
    561.52051   2.39533092E+000
    560.18673   2.34026100E+000
    558.85295   2.34650964E+000
    557.51917   2.40312568E+000
    556.18540   2.50474567E+000
    554.85162   2.64997101E+000
    553.51784   2.84056689E+000
    552.18406   3.08120921E+000
    550.85028   3.37965522E+000
    549.51651   3.74731877E+000
    548.18273   4.20032090E+000
    546.84895   4.76118918E+000
    545.51517   5.46152457E+000
    544.18139   6.34619059E+000
    542.84762   7.47998320E+000
    541.51384   8.95845065E+000
    540.18006   1.09257872E+001
    538.84628   1.36048621E+001
    537.51250   1.73476120E+001
    536.17873   2.27162189E+001
    534.84495   3.05928636E+001
    533.51117   4.22215809E+001
    532.17739   5.86704596E+001
    530.84361   7.81932967E+001
    529.50984   9.14769224E+001
    528.17606   8.71172938E+001
    526.84228   6.93118413E+001
    525.50850   5.05901444E+001
    524.17472   3.63973043E+001
    522.84095   2.66547258E+001
    521.50717   2.00631622E+001
    520.17339   1.55330839E+001
    518.83961   1.23426206E+001
    517.50584   1.00387280E+001
    516.17206   8.33782018E+000
    514.83828   7.06013523E+000
    513.50450   6.09040501E+000
    512.17072   5.35484906E+000
    510.83695   4.80697351E+000
    509.50317   4.41423693E+000
    508.16939   4.13333167E+000
    506.83561   3.88182378E+000
    505.50183   3.59185372E+000
    504.16806   3.30199297E+000
    502.83428   3.08242675E+000
    501.50050   2.96348296E+000
    500.16672   2.95804744E+000
    498.83294   3.08618902E+000
    497.49917   3.37567951E+000
    496.16539   3.81840648E+000
    494.83161   4.24651054E+000
    493.49783   4.31336473E+000
    492.16405   3.94510835E+000
    490.83028   3.48033250E+000
    489.49650   3.17718049E+000
    488.16272   3.10397098E+000
    486.82894   3.27642388E+000
    485.49517   3.71899458E+000
    484.16139   4.42032991E+000
    482.82761   5.14768691E+000
    481.49383   5.33942949E+000
    480.16005   4.74446170E+000
    478.82628   3.84310568E+000
    477.49250   3.07854806E+000
    476.15872   2.54715169E+000
    474.82494   2.20556655E+000
    473.49116   1.99947754E+000
    472.15739   1.89204792E+000
    470.82361   1.86339860E+000
    469.48983   1.90671471E+000
    468.15605   2.02622175E+000
    466.82227   2.23753443E+000
    465.48850   2.56986594E+000
    464.15472   3.06858520E+000
    462.82094   3.79944187E+000
    461.48716   4.87019401E+000
    460.15338   6.44297714E+000
    458.81961   8.57607849E+000
    457.48583   1.07237065E+001
    456.15205   1.14308871E+001
    454.81827   9.98872868E+000
    453.48449   7.64705777E+000
    452.15072   5.61077219E+000
    450.81694   4.15432780E+000
    449.48316   3.16328739E+000
    448.14938   2.48610424E+000
    446.81561   2.01295635E+000
    445.48183   1.67351771E+000
    444.14805   1.42380217E+000
    442.81427   1.23607934E+000
    441.48049   1.09257885E+000
    440.14672   9.81765986E-001
    438.81294   8.96180518E-001
    437.47916   8.31216747E-001
    436.14538   7.84453988E-001
    434.81160   7.55082147E-001
    433.47783   7.42181862E-001
    432.14405   7.39194151E-001
    430.81027   7.27954605E-001
    429.47649   6.94977979E-001
    428.14271   6.52969757E-001
    426.80894   6.19302859E-001
    425.47516   5.99729603E-001
    424.14138   5.94344612E-001
    422.80760   6.03052164E-001
    421.47382   6.26870490E-001
    420.14005   6.66976370E-001
    418.80627   7.23270560E-001
    417.47249   7.99443619E-001
    416.13871   9.12191654E-001
    414.80493   1.08727253E+000
    413.47116   1.34883030E+000
    412.13738   1.68918467E+000
    410.80360   1.99137731E+000
    409.46982   2.04514154E+000
    408.13605   1.84334350E+000
    406.80227   1.60391687E+000
    405.46849   1.45952495E+000
    404.13471   1.40532052E+000
    402.80093   1.38769483E+000
    401.46716   1.38265026E+000
    400.13338   1.36502680E+000
    398.79960   1.29281748E+000
    397.46582   1.19868712E+000
    396.13204   1.15008686E+000
    394.79827   1.17973753E+000
    393.46449   1.30278156E+000
    392.13071   1.54258348E+000
    390.79693   1.93980434E+000
    389.46315   2.53790383E+000
    388.12938   3.29590088E+000
    386.79560   3.89406238E+000
    385.46182   3.83228577E+000
    384.12804   3.15385872E+000
    382.79426   2.36805212E+000
    381.46049   1.75150845E+000
    380.12671   1.32299041E+000
    378.79293   1.03158657E+000
    377.45915   8.30614779E-001
    376.12538   6.88486567E-001
    374.79160   5.85263509E-001
    373.45782   5.08437784E-001
    372.12404   4.50044034E-001
    370.79026   4.04900330E-001
    369.45649   3.69563474E-001
    368.12271   3.41706061E-001
    366.78893   3.19740445E-001
    365.45515   3.02589735E-001
    364.12137   2.89549610E-001
    362.78760   2.80209961E-001
    361.45382   2.74420853E-001
    360.12004   2.72298081E-001
    358.78626   2.74273553E-001
    357.45248   2.81207798E-001
    356.11871   2.94599227E-001
    354.78493   3.16947696E-001
    353.45115   3.52337762E-001
    352.11737   4.07170882E-001
    350.78359   4.90104145E-001
    349.44982   6.06731742E-001
    348.11604   7.37953889E-001
    346.78226   8.12719631E-001
    345.44848   7.70955698E-001
    344.11470   6.64610286E-001
    342.78093   5.73559584E-001
    341.44715   5.27012161E-001
    340.11337   5.23983597E-001
    338.77959   5.48525241E-001
    337.44582   5.64440713E-001
    336.11204   5.41686534E-001
    334.77826   5.00561387E-001
    333.44448   4.76659357E-001
    332.11070   4.86141163E-001
    330.77693   5.35737492E-001
    329.44315   6.32719703E-001
    328.10937   7.78830590E-001
    326.77559   9.40145399E-001
    325.44181   1.02751334E+000
    324.10804   1.00148567E+000
    322.77426   9.42273992E-001
    321.44048   8.98631992E-001
    320.10670   8.23336615E-001
    318.77292   6.87745365E-001
    317.43915   5.40957867E-001
    316.10537   4.23576227E-001
    314.77159   3.39868376E-001
    313.43781   2.81430086E-001
    312.10403   2.40036978E-001
    310.77026   2.09974303E-001
    309.43648   1.87571674E-001
    308.10270   1.70492833E-001
    306.76892   1.57231104E-001
    305.43515   1.46797330E-001
    304.10137   1.38533183E-001
    302.76759   1.32000082E-001
    301.43381   1.26913731E-001
    300.10003   1.23107553E-001
    298.76626   1.20516580E-001
    297.43248   1.19178971E-001
    296.09870   1.19257154E-001
    294.76492   1.21085933E-001
    293.43114   1.25260888E-001
    292.09737   1.32780723E-001
    290.76359   1.45213376E-001
    289.42981   1.64597836E-001
    288.09603   1.91820328E-001
    286.76225   2.20824226E-001
    285.42848   2.33593806E-001
    284.09470   2.19273745E-001
    282.76092   1.93157608E-001
    281.42714   1.72476868E-001
    280.09336   1.61907697E-001
    278.75959   1.58285326E-001
    277.42581   1.53803397E-001
    276.09203   1.43171817E-001
    274.75825   1.30227712E-001
    273.42447   1.20137545E-001
    272.09070   1.14401728E-001
    270.75692   1.12926078E-001
    269.42314   1.15750799E-001
    268.08936   1.23442773E-001
    266.75559   1.36423863E-001
    265.42181   1.52084769E-001
    264.08803   1.60755148E-001
    262.75425   1.53288471E-001
    261.42047   1.35719693E-001
    260.08670   1.18874598E-001
    258.75292   1.06591882E-001
    257.41914   9.84483579E-002
    256.08536   9.32672457E-002
    254.75158   9.01355824E-002
    253.41781   8.84797070E-002
    252.08403   8.79730134E-002
    250.75025   8.84569037E-002
    249.41647   8.98963655E-002
    248.08269   9.23648263E-002
    246.74892   9.60544933E-002
    245.41514   1.01314683E-001
    244.08136   1.08726797E-001
    242.74758   1.19222764E-001
    241.41380   1.34203069E-001
    240.08003   1.55340814E-001
    238.74625   1.82857714E-001
    237.41247   2.10530343E-001
    236.07869   2.24606236E-001
    234.74491   2.22205858E-001
    233.41114   2.18166935E-001
    232.07736   2.24961043E-001
    230.74358   2.47977191E-001
    229.40980   2.91682026E-001
    228.07603   3.62615864E-001
    226.74225   4.65987928E-001
    225.40847   5.87601452E-001
    224.07469   6.64992666E-001
    222.74091   6.31135971E-001
    221.40714   5.20865959E-001
    220.07336   4.11060798E-001
    218.73958   3.31995564E-001
    217.40580   2.82289495E-001
    216.07202   2.54480519E-001
    214.73825   2.43028983E-001
    213.40447   2.45237628E-001
    212.07069   2.60866075E-001
    210.73691   2.91565535E-001
    209.40313   3.39039920E-001
    208.06936   3.99195915E-001
    206.73558   4.57331422E-001
    205.40180   5.08760054E-001
    204.06802   5.80185342E-001
    202.73424   7.05260547E-001
    201.40047   9.02822208E-001
    200.06669   1.14931607E+000
    198.73291   1.32206051E+000
    197.39913   1.27208282E+000
    196.06536   1.05535378E+000
    194.73158   8.37196695E-001
    193.39780   6.86565411E-001
    192.06402   5.86983739E-001
    190.73024   4.97489849E-001
    189.39647   4.05965792E-001
    188.06269   3.27395222E-001
    186.72891   2.69173956E-001
    185.39513   2.28674879E-001
    184.06135   2.01437045E-001
    182.72758   1.84236264E-001
    181.39380   1.75287412E-001
    180.06002   1.73432565E-001
    178.72624   1.75956597E-001
    177.39246   1.76054054E-001
    176.05869   1.68188929E-001
    174.72491   1.56660308E-001
    173.39113   1.48268421E-001
    172.05735   1.45682629E-001
    170.72357   1.49555297E-001
    169.38980   1.60848541E-001
    168.05602   1.81733707E-001
    166.72224   2.15675583E-001
    165.38846   2.65350932E-001
    164.05468   3.23569723E-001
    162.72091   3.59262088E-001
    161.38713   3.40030436E-001
    160.05335   2.83856576E-001
    158.71957   2.28229759E-001
    157.38580   1.87492414E-001
    156.05202   1.60674920E-001
    154.71824   1.43871372E-001
    153.38446   1.34012771E-001
    152.05068   1.29216022E-001
    150.71691   1.28504376E-001
    149.38313   1.31577799E-001
    148.04935   1.38730138E-001
    146.71557   1.50908891E-001
    145.38179   1.69882425E-001
    144.04802   1.98289147E-001
    142.71424   2.38484977E-001
    141.38046   2.87141459E-001
    140.04668   3.26407223E-001
    138.71290   3.37071670E-001
    137.37913   3.32109009E-001
    136.04535   3.38689045E-001
    134.71157   3.67192522E-001
    133.37779   4.08475965E-001
    132.04401   4.45496435E-001
    130.71024   4.82048785E-001
    129.37646   5.33274745E-001
    128.04268   5.87954244E-001
    126.70890   6.28555339E-001
    125.37513   6.72467570E-001
    124.04135   7.24165031E-001
    122.70757   7.32722219E-001
    121.37379   6.72728568E-001
    120.04001   5.98280756E-001
    118.70624   5.56053685E-001
    117.37246   5.44123855E-001
    116.03868   5.35951340E-001
    114.70490   5.26829933E-001
    113.37112   5.42280857E-001
    112.03735   6.02166551E-001
    110.70357   7.02273793E-001
    109.36979   7.94551667E-001
    108.03601   8.05188262E-001
    106.70223   7.42582119E-001
    105.36846   6.87992163E-001
    104.03468   6.91018120E-001
    102.70090   7.56462274E-001
    101.36712   8.44598058E-001
    100.03334   8.66886131E-001
     98.69957   7.82900099E-001
     97.36579   6.59047366E-001
     96.03201   5.54414290E-001
     94.69823   4.84613136E-001
     93.36445   4.52256539E-001
     92.03068   4.57732583E-001
     90.69690   5.03754825E-001
     89.36312   5.96988495E-001
     88.02934   7.39345316E-001
     86.69557   8.96097796E-001
     85.36179   9.68022828E-001
     84.02801   8.91650102E-001
     82.69423   7.45301052E-001
     81.36045   6.22658227E-001
     80.02668   5.45188635E-001
     78.69290   4.93511746E-001
     77.35912   4.53505104E-001
     76.02534   4.33321939E-001
     74.69156   4.44256171E-001
     73.35779   4.93440592E-001
     72.02401   5.85961461E-001
     70.69023   7.14279961E-001
     69.35645   8.36095264E-001
     68.02267   9.00406223E-001
     66.68890   9.06930370E-001
     65.35512   8.58376667E-001
     64.02134   7.69931898E-001
     62.68756   6.97875942E-001
     61.35378   6.63951543E-001
     60.02001   6.30723002E-001
     58.68623   5.61788426E-001
     57.35245   4.81445452E-001
     56.01867   4.26667134E-001
     54.68489   4.05753759E-001
     53.35112   4.00949067E-001
     52.01734   3.77995948E-001
     50.68356   3.25515139E-001
     49.34978   2.67783936E-001
     48.01601   2.23763479E-001
     46.68223   1.96478622E-001
     45.34845   1.82755642E-001
     44.01467   1.75905832E-001
     42.68089   1.65390579E-001
     41.34712   1.46458444E-001
     40.01334   1.25499666E-001
     38.67956   1.08319461E-001
     37.34578   9.58618867E-002
     36.01200   8.72502603E-002
     34.67823   8.15931578E-002
     33.34445   7.83758351E-002
     32.01067   7.74720185E-002
     30.67689   7.91408525E-002
     29.34311   8.40680719E-002
     28.00934   9.33342362E-002
     26.67556   1.07766539E-001
     25.34178   1.25549156E-001
     24.00800   1.39675157E-001
     22.67422   1.42147894E-001
     21.34045   1.30015277E-001
     20.00667   1.08789971E-001
     18.67289   8.81736367E-002
     17.33911   7.24539014E-002
     16.00534   6.13398547E-002
     14.67156   5.34972977E-002
     13.33778   4.78232824E-002
     12.00400   4.35836443E-002
     10.67022   4.03128123E-002
      9.33645   3.77148881E-002
      8.00267   3.55980547E-002
      6.66889   3.38347644E-002
      5.33511   3.23379380E-002
      4.00133   3.10465937E-002
      2.66756   2.99169970E-002
      1.33378   2.89170875E-002
      0.00000   2.80228856E-002
