   4000.00000   3.93043429E-003
   3998.66622   3.94991315E-003
   3997.33244   3.96955873E-003
   3995.99867   3.98937310E-003
   3994.66489   4.00935839E-003
   3993.33111   4.02951675E-003
   3991.99733   4.04985036E-003
   3990.66355   4.07036145E-003
   3989.32978   4.09105228E-003
   3987.99600   4.11192515E-003
   3986.66222   4.13298240E-003
   3985.32844   4.15422641E-003
   3983.99466   4.17565960E-003
   3982.66089   4.19728441E-003
   3981.32711   4.21910337E-003
   3979.99333   4.24111900E-003
   3978.65955   4.26333390E-003
   3977.32578   4.28575070E-003
   3975.99200   4.30837208E-003
   3974.65822   4.33120076E-003
   3973.32444   4.35423953E-003
   3971.99066   4.37749119E-003
   3970.65689   4.40095862E-003
   3969.32311   4.42464475E-003
   3967.98933   4.44855254E-003
   3966.65555   4.47268503E-003
   3965.32177   4.49704530E-003
   3963.98800   4.52163648E-003
   3962.65422   4.54646177E-003
   3961.32044   4.57152442E-003
   3959.98666   4.59682775E-003
   3958.65288   4.62237512E-003
   3957.31911   4.64816997E-003
   3955.98533   4.67421579E-003
   3954.65155   4.70051616E-003
   3953.31777   4.72707469E-003
   3951.98399   4.75389509E-003
   3950.65022   4.78098111E-003
   3949.31644   4.80833661E-003
   3947.98266   4.83596548E-003
   3946.64888   4.86387171E-003
   3945.31511   4.89205936E-003
   3943.98133   4.92053257E-003
   3942.64755   4.94929555E-003
   3941.31377   4.97835261E-003
   3939.97999   5.00770813E-003
   3938.64622   5.03736657E-003
   3937.31244   5.06733249E-003
   3935.97866   5.09761055E-003
   3934.64488   5.12820546E-003
   3933.31110   5.15912207E-003
   3931.97733   5.19036531E-003
   3930.64355   5.22194019E-003
   3929.30977   5.25385186E-003
   3927.97599   5.28610553E-003
   3926.64221   5.31870654E-003
   3925.30844   5.35166036E-003
   3923.97466   5.38497252E-003
   3922.64088   5.41864870E-003
   3921.30710   5.45269470E-003
   3919.97332   5.48711642E-003
   3918.63955   5.52191990E-003
   3917.30577   5.55711130E-003
   3915.97199   5.59269690E-003
   3914.63821   5.62868314E-003
   3913.30443   5.66507656E-003
   3911.97066   5.70188387E-003
   3910.63688   5.73911191E-003
   3909.30310   5.77676768E-003
   3907.96932   5.81485831E-003
   3906.63555   5.85339111E-003
   3905.30177   5.89237352E-003
   3903.96799   5.93181318E-003
   3902.63421   5.97171788E-003
   3901.30043   6.01209557E-003
   3899.96666   6.05295439E-003
   3898.63288   6.09430268E-003
   3897.29910   6.13614893E-003
   3895.96532   6.17850186E-003
   3894.63154   6.22137037E-003
   3893.29777   6.26476355E-003
   3891.96399   6.30869073E-003
   3890.63021   6.35316143E-003
   3889.29643   6.39818540E-003
   3887.96265   6.44377262E-003
   3886.62888   6.48993330E-003
   3885.29510   6.53667790E-003
   3883.96132   6.58401711E-003
   3882.62754   6.63196189E-003
   3881.29376   6.68052345E-003
   3879.95999   6.72971329E-003
   3878.62621   6.77954316E-003
   3877.29243   6.83002512E-003
   3875.95865   6.88117151E-003
   3874.62487   6.93299498E-003
   3873.29110   6.98550849E-003
   3871.95732   7.03872533E-003
   3870.62354   7.09265910E-003
   3869.28976   7.14732377E-003
   3867.95599   7.20273364E-003
   3866.62221   7.25890338E-003
   3865.28843   7.31584804E-003
   3863.95465   7.37358305E-003
   3862.62087   7.43212424E-003
   3861.28710   7.49148785E-003
   3859.95332   7.55169055E-003
   3858.61954   7.61274943E-003
   3857.28576   7.67468205E-003
   3855.95198   7.73750642E-003
   3854.61821   7.80124105E-003
   3853.28443   7.86590493E-003
   3851.95065   7.93151756E-003
   3850.61687   7.99809899E-003
   3849.28309   8.06566980E-003
   3847.94932   8.13425114E-003
   3846.61554   8.20386474E-003
   3845.28176   8.27453294E-003
   3843.94798   8.34627870E-003
   3842.61420   8.41912563E-003
   3841.28043   8.49309801E-003
   3839.94665   8.56822080E-003
   3838.61287   8.64451969E-003
   3837.27909   8.72202109E-003
   3835.94532   8.80075219E-003
   3834.61154   8.88074098E-003
   3833.27776   8.96201625E-003
   3831.94398   9.04460765E-003
   3830.61020   9.12854573E-003
   3829.27643   9.21386191E-003
   3827.94265   9.30058860E-003
   3826.60887   9.38875916E-003
   3825.27509   9.47840799E-003
   3823.94131   9.56957053E-003
   3822.60754   9.66228331E-003
   3821.27376   9.75658402E-003
   3819.93998   9.85251150E-003
   3818.60620   9.95010582E-003
   3817.27242   1.00494083E-002
   3815.93865   1.01504617E-002
   3814.60487   1.02533100E-002
   3813.27109   1.03579986E-002
   3811.93731   1.04645745E-002
   3810.60353   1.05730862E-002
   3809.26976   1.06835837E-002
   3807.93598   1.07961188E-002
   3806.60220   1.09107450E-002
   3805.26842   1.10275175E-002
   3803.93464   1.11464935E-002
   3802.60087   1.12677321E-002
   3801.26709   1.13912944E-002
   3799.93331   1.15172438E-002
   3798.59953   1.16456456E-002
   3797.26576   1.17765676E-002
   3795.93198   1.19100801E-002
   3794.59820   1.20462558E-002
   3793.26442   1.21851698E-002
   3791.93064   1.23269003E-002
   3790.59687   1.24715281E-002
   3789.26309   1.26191371E-002
   3787.92931   1.27698142E-002
   3786.59553   1.29236498E-002
   3785.26175   1.30807373E-002
   3783.92798   1.32411740E-002
   3782.59420   1.34050607E-002
   3781.26042   1.35725023E-002
   3779.92664   1.37436075E-002
   3778.59286   1.39184896E-002
   3777.25909   1.40972661E-002
   3775.92531   1.42800592E-002
   3774.59153   1.44669963E-002
   3773.25775   1.46582095E-002
   3771.92397   1.48538367E-002
   3770.59020   1.50540213E-002
   3769.25642   1.52589127E-002
   3767.92264   1.54686665E-002
   3766.58886   1.56834449E-002
   3765.25509   1.59034172E-002
   3763.92131   1.61287596E-002
   3762.58753   1.63596564E-002
   3761.25375   1.65962996E-002
   3759.91997   1.68388899E-002
   3758.58620   1.70876369E-002
   3757.25242   1.73427597E-002
   3755.91864   1.76044871E-002
   3754.58486   1.78730587E-002
   3753.25108   1.81487251E-002
   3751.91731   1.84317485E-002
   3750.58353   1.87224037E-002
   3749.24975   1.90209783E-002
   3747.91597   1.93277742E-002
   3746.58219   1.96431074E-002
   3745.24842   1.99673099E-002
   3743.91464   2.03007300E-002
   3742.58086   2.06437334E-002
   3741.24708   2.09967044E-002
   3739.91330   2.13600469E-002
   3738.57953   2.17341858E-002
   3737.24575   2.21195681E-002
   3735.91197   2.25166645E-002
   3734.57819   2.29259709E-002
   3733.24441   2.33480097E-002
   3731.91064   2.37833322E-002
   3730.57686   2.42325200E-002
   3729.24308   2.46961871E-002
   3727.90930   2.51749824E-002
   3726.57553   2.56695917E-002
   3725.24175   2.61807406E-002
   3723.90797   2.67091972E-002
   3722.57419   2.72557752E-002
   3721.24041   2.78213368E-002
   3719.90664   2.84067969E-002
   3718.57286   2.90131265E-002
   3717.23908   2.96413572E-002
   3715.90530   3.02925857E-002
   3714.57152   3.09679786E-002
   3713.23775   3.16687782E-002
   3711.90397   3.23963085E-002
   3710.57019   3.31519814E-002
   3709.23641   3.39373040E-002
   3707.90263   3.47538867E-002
   3706.56886   3.56034515E-002
   3705.23508   3.64878415E-002
   3703.90130   3.74090316E-002
   3702.56752   3.83691398E-002
   3701.23374   3.93704396E-002
   3699.89997   4.04153747E-002
   3698.56619   4.15065739E-002
   3697.23241   4.26468686E-002
   3695.89863   4.38393118E-002
   3694.56485   4.50871995E-002
   3693.23108   4.63940940E-002
   3691.89730   4.77638508E-002
   3690.56352   4.92006478E-002
   3689.22974   5.07090185E-002
   3687.89597   5.22938890E-002
   3686.56219   5.39606198E-002
   3685.22841   5.57150529E-002
   3683.89463   5.75635648E-002
   3682.56085   5.95131264E-002
   3681.22708   6.15713712E-002
   3679.89330   6.37466730E-002
   3678.55952   6.60482335E-002
   3677.22574   6.84861837E-002
   3675.89196   7.10716990E-002
   3674.55819   7.38171316E-002
   3673.22441   7.67361635E-002
   3671.89063   7.98439827E-002
   3670.55685   8.31574876E-002
   3669.22307   8.66955245E-002
   3667.88930   9.04791650E-002
   3666.55552   9.45320301E-002
   3665.22174   9.88806713E-002
   3663.88796   1.03555021E-001
   3662.55418   1.08588922E-001
   3661.22041   1.14020767E-001
   3659.88663   1.19894245E-001
   3658.55285   1.26259260E-001
   3657.21907   1.33173017E-001
   3655.88530   1.40701354E-001
   3654.55152   1.48920361E-001
   3653.21774   1.57918363E-001
   3651.88396   1.67798370E-001
   3650.55018   1.78681119E-001
   3649.21641   1.90708883E-001
   3647.88263   2.04050261E-001
   3646.54885   2.18906274E-001
   3645.21507   2.35518165E-001
   3643.88129   2.54177487E-001
   3642.54752   2.75239267E-001
   3641.21374   2.99139372E-001
   3639.87996   3.26417670E-001
   3638.54618   3.57749311E-001
   3637.21240   3.93987510E-001
   3635.87863   4.36222927E-001
   3634.54485   4.85867333E-001
   3633.21107   5.44773505E-001
   3631.87729   6.15410153E-001
   3630.54351   7.01122191E-001
   3629.20974   8.06526173E-001
   3627.87596   9.38124622E-001
   3626.54218   1.10528254E+000
   3625.20840   1.32181489E+000
   3623.87462   1.60861723E+000
   3622.54085   1.99806608E+000
   3621.20707   2.54125694E+000
   3619.87329   3.31884642E+000
   3618.53951   4.45160077E+000
   3617.20574   6.08240448E+000
   3615.87196   8.22126473E+000
   3614.53818   1.03050136E+001
   3613.20440   1.11315957E+001
   3611.87062   1.04899460E+001
   3610.53685   9.63838617E+000
   3609.20307   9.34661060E+000
   3607.86929   9.15760604E+000
   3606.53551   8.17420999E+000
   3605.20173   6.49874617E+000
   3603.86796   4.88998762E+000
   3602.53418   3.68466416E+000
   3601.20040   2.85405035E+000
   3599.86662   2.29178642E+000
   3598.53284   1.91199132E+000
   3597.19907   1.65915907E+000
   3595.86529   1.50057877E+000
   3594.53151   1.41944315E+000
   3593.19773   1.41121393E+000
   3591.86395   1.48301996E+000
   3590.53018   1.65572076E+000
   3589.19640   1.96734230E+000
   3587.86262   2.46986747E+000
   3586.52884   3.18512802E+000
   3585.19507   3.94662902E+000
   3583.86129   4.25410106E+000
   3582.52751   3.78524187E+000
   3581.19373   2.93769506E+000
   3579.85995   2.17400032E+000
   3578.52618   1.61903282E+000
   3577.19240   1.23774852E+000
   3575.85862   9.74892895E-001
   3574.52484   7.89335436E-001
   3573.19106   6.54515174E-001
   3571.85729   5.53747759E-001
   3570.52351   4.76459694E-001
   3569.18973   4.15804356E-001
   3567.85595   3.67234704E-001
   3566.52217   3.27652823E-001
   3565.18840   2.94896162E-001
   3563.85462   2.67420689E-001
   3562.52084   2.44100950E-001
   3561.18706   2.24100988E-001
   3559.85328   2.06789133E-001
   3558.51951   1.91680568E-001
   3557.18573   1.78397861E-001
   3555.85195   1.66643346E-001
   3554.51817   1.56179466E-001
   3553.18439   1.46814566E-001
   3551.85062   1.38392479E-001
   3550.51684   1.30784783E-001
   3549.18306   1.23884978E-001
   3547.84928   1.17604055E-001
   3546.51551   1.11867082E-001
   3545.18173   1.06610559E-001
   3543.84795   1.01780339E-001
   3542.51417   9.73299815E-002
   3541.18039   9.32194424E-002
   3539.84662   8.94140191E-002
   3538.51284   8.58834965E-002
   3537.17906   8.26014514E-002
   3535.84528   7.95446803E-002
   3534.51150   7.66927290E-002
   3533.17773   7.40275002E-002
   3531.84395   7.15329276E-002
   3530.51017   6.91947011E-002
   3529.17639   6.70000361E-002
   3527.84261   6.49374776E-002
   3526.50884   6.29967339E-002
   3525.17506   6.11685344E-002
   3523.84128   5.94445072E-002
   3522.50750   5.78170752E-002
   3521.17372   5.62793642E-002
   3519.83995   5.48251252E-002
   3518.50617   5.34486659E-002
   3517.17239   5.21447908E-002
   3515.83861   5.09087494E-002
   3514.50483   4.97361903E-002
   3513.17106   4.86231209E-002
   3511.83728   4.75658722E-002
   3510.50350   4.65610668E-002
   3509.16972   4.56055918E-002
   3507.83595   4.46965736E-002
   3506.50217   4.38313561E-002
   3505.16839   4.30074808E-002
   3503.83461   4.22226696E-002
   3502.50083   4.14748088E-002
   3501.16706   4.07619351E-002
   3499.83328   4.00822229E-002
   3498.49950   3.94339726E-002
   3497.16572   3.88156007E-002
   3495.83194   3.82256302E-002
   3494.49817   3.76626822E-002
   3493.16439   3.71254681E-002
   3491.83061   3.66127831E-002
   3490.49683   3.61234992E-002
   3489.16305   3.56565600E-002
   3487.82928   3.52109752E-002
   3486.49550   3.47858160E-002
   3485.16172   3.43802101E-002
   3483.82794   3.39933388E-002
   3482.49416   3.36244321E-002
   3481.16039   3.32727661E-002
   3479.82661   3.29376600E-002
   3478.49283   3.26184724E-002
   3477.15905   3.23145996E-002
   3475.82528   3.20254728E-002
   3474.49150   3.17505559E-002
   3473.15772   3.14893431E-002
   3471.82394   3.12413579E-002
   3470.49016   3.10061504E-002
   3469.15639   3.07832961E-002
   3467.82261   3.05723945E-002
   3466.48883   3.03730675E-002
   3465.15505   3.01849582E-002
   3463.82127   3.00077298E-002
   3462.48750   2.98410640E-002
   3461.15372   2.96846609E-002
   3459.81994   2.95382370E-002
   3458.48616   2.94015250E-002
   3457.15238   2.92742729E-002
   3455.81861   2.91562428E-002
   3454.48483   2.90472108E-002
   3453.15105   2.89469656E-002
   3451.81727   2.88553087E-002
   3450.48349   2.87720532E-002
   3449.14972   2.86970235E-002
   3447.81594   2.86300547E-002
   3446.48216   2.85709924E-002
   3445.14838   2.85196918E-002
   3443.81460   2.84760178E-002
   3442.48083   2.84398441E-002
   3441.14705   2.84110535E-002
   3439.81327   2.83895369E-002
   3438.47949   2.83751933E-002
   3437.14572   2.83679298E-002
   3435.81194   2.83676608E-002
   3434.47816   2.83743082E-002
   3433.14438   2.83878008E-002
   3431.81060   2.84080745E-002
   3430.47683   2.84350718E-002
   3429.14305   2.84687417E-002
   3427.80927   2.85090399E-002
   3426.47549   2.85559279E-002
   3425.14171   2.86093736E-002
   3423.80794   2.86693509E-002
   3422.47416   2.87358396E-002
   3421.14038   2.88088251E-002
   3419.80660   2.88882989E-002
   3418.47282   2.89742581E-002
   3417.13905   2.90667051E-002
   3415.80527   2.91656483E-002
   3414.47149   2.92711015E-002
   3413.13771   2.93830841E-002
   3411.80393   2.95016209E-002
   3410.47016   2.96267423E-002
   3409.13638   2.97584844E-002
   3407.80260   2.98968887E-002
   3406.46882   3.00420024E-002
   3405.13505   3.01938782E-002
   3403.80127   3.03525748E-002
   3402.46749   3.05181565E-002
   3401.13371   3.06906934E-002
   3399.79993   3.08702616E-002
   3398.46616   3.10569433E-002
   3397.13238   3.12508268E-002
   3395.79860   3.14520068E-002
   3394.46482   3.16605842E-002
   3393.13104   3.18766666E-002
   3391.79727   3.21003683E-002
   3390.46349   3.23318106E-002
   3389.12971   3.25711218E-002
   3387.79593   3.28184374E-002
   3386.46215   3.30739005E-002
   3385.12838   3.33376622E-002
   3383.79460   3.36098812E-002
   3382.46082   3.38907248E-002
   3381.12704   3.41803686E-002
   3379.79326   3.44789973E-002
   3378.45949   3.47868048E-002
   3377.12571   3.51039945E-002
   3375.79193   3.54307797E-002
   3374.45815   3.57673840E-002
   3373.12437   3.61140419E-002
   3371.79060   3.64709992E-002
   3370.45682   3.68385131E-002
   3369.12304   3.72168533E-002
   3367.78926   3.76063020E-002
   3366.45549   3.80071551E-002
   3365.12171   3.84197222E-002
   3363.78793   3.88443275E-002
   3362.45415   3.92813108E-002
   3361.12037   3.97310277E-002
   3359.78660   4.01938508E-002
   3358.45282   4.06701705E-002
   3357.11904   4.11603958E-002
   3355.78526   4.16649552E-002
   3354.45148   4.21842980E-002
   3353.11771   4.27188953E-002
   3351.78393   4.32692409E-002
   3350.45015   4.38358530E-002
   3349.11637   4.44192752E-002
   3347.78259   4.50200783E-002
   3346.44882   4.56388615E-002
   3345.11504   4.62762542E-002
   3343.78126   4.69329178E-002
   3342.44748   4.76095476E-002
   3341.11370   4.83068748E-002
   3339.77993   4.90256687E-002
   3338.44615   4.97667393E-002
   3337.11237   5.05309393E-002
   3335.77859   5.13191675E-002
   3334.44481   5.21323713E-002
   3333.11104   5.29715501E-002
   3331.77726   5.38377585E-002
   3330.44348   5.47321103E-002
   3329.10970   5.56557826E-002
   3327.77593   5.66100196E-002
   3326.44215   5.75961380E-002
   3325.10837   5.86155317E-002
   3323.77459   5.96696773E-002
   3322.44081   6.07601406E-002
   3321.10704   6.18885826E-002
   3319.77326   6.30567673E-002
   3318.43948   6.42665688E-002
   3317.10570   6.55199804E-002
   3315.77192   6.68191237E-002
   3314.43815   6.81662589E-002
   3313.10437   6.95637958E-002
   3311.77059   7.10143064E-002
   3310.43681   7.25205380E-002
   3309.10303   7.40854284E-002
   3307.76926   7.57121223E-002
   3306.43548   7.74039892E-002
   3305.10170   7.91646433E-002
   3303.76792   8.09979659E-002
   3302.43414   8.29081298E-002
   3301.10037   8.48996268E-002
   3299.76659   8.69772976E-002
   3298.43281   8.91463663E-002
   3297.09903   9.14124774E-002
   3295.76526   9.37817390E-002
   3294.43148   9.62607696E-002
   3293.09770   9.88567521E-002
   3291.76392   1.01577493E-001
   3290.43014   1.04431491E-001
   3289.09637   1.07428014E-001
   3287.76259   1.10577185E-001
   3286.42881   1.13890081E-001
   3285.09503   1.17378849E-001
   3283.76125   1.21056829E-001
   3282.42748   1.24938709E-001
   3281.09370   1.29040689E-001
   3279.75992   1.33380680E-001
   3278.42614   1.37978529E-001
   3277.09236   1.42856284E-001
   3275.75859   1.48038500E-001
   3274.42481   1.53552596E-001
   3273.09103   1.59429276E-001
   3271.75725   1.65703025E-001
   3270.42347   1.72412695E-001
   3269.08970   1.79602201E-001
   3267.75592   1.87321353E-001
   3266.42214   1.95626851E-001
   3265.08836   2.04583491E-001
   3263.75458   2.14265622E-001
   3262.42081   2.24758921E-001
   3261.08703   2.36162580E-001
   3259.75325   2.48591993E-001
   3258.41947   2.62182104E-001
   3257.08570   2.77091598E-001
   3255.75192   2.93508187E-001
   3254.41814   3.11655333E-001
   3253.08436   3.31800875E-001
   3251.75058   3.54268197E-001
   3250.41681   3.79450846E-001
   3249.08303   4.07831847E-001
   3247.74925   4.40009541E-001
   3246.41547   4.76732563E-001
   3245.08169   5.18947843E-001
   3243.74792   5.67867415E-001
   3242.41414   6.25062877E-001
   3241.08036   6.92601192E-001
   3239.74658   7.73243506E-001
   3238.41280   8.70741957E-001
   3237.07903   9.90292122E-001
   3235.74525   1.13923813E+000
   3234.41147   1.32819695E+000
   3233.07769   1.57289160E+000
   3231.74391   1.89719947E+000
   3230.41014   2.33827675E+000
   3229.07636   2.95507111E+000
   3227.74258   3.84141621E+000
   3226.40880   5.14042997E+000
   3225.07503   7.03169752E+000
   3223.74125   9.57048667E+000
   3222.40747   1.21464902E+001
   3221.07369   1.31038032E+001
   3219.73991   1.15845098E+001
   3218.40614   8.99780973E+000
   3217.07236   6.75457676E+000
   3215.73858   5.19297912E+000
   3214.40480   4.19236523E+000
   3213.07102   3.58771585E+000
   3211.73725   3.26583709E+000
   3210.40347   3.16636139E+000
   3209.06969   3.27115145E+000
   3207.73591   3.59933701E+000
   3206.40213   4.20659198E+000
   3205.06836   5.17025192E+000
   3203.73458   6.49422976E+000
   3202.40080   7.84794440E+000
   3201.06702   8.54379639E+000
   3199.73324   8.51736710E+000
   3198.39947   8.59589741E+000
   3197.06569   9.36997350E+000
   3195.73191   1.06785587E+001
   3194.39813   1.15507495E+001
   3193.06435   1.12087137E+001
   3191.73058   1.02930153E+001
   3190.39680   9.47931395E+000
   3189.06302   8.43960305E+000
   3187.72924   6.94022336E+000
   3186.39547   5.44099199E+000
   3185.06169   4.29544436E+000
   3183.72791   3.52570934E+000
   3182.39413   3.05039364E+000
   3181.06035   2.80213621E+000
   3179.72658   2.75015217E+000
   3178.39280   2.89847402E+000
   3177.05902   3.27365014E+000
   3175.72524   3.86875832E+000
   3174.39146   4.48007420E+000
   3173.05769   4.62562664E+000
   3171.72391   4.10872716E+000
   3170.39013   3.35074743E+000
   3169.05635   2.72498431E+000
   3167.72257   2.31136442E+000
   3166.38880   2.07654527E+000
   3165.05502   1.98219693E+000
   3163.72124   2.01014414E+000
   3162.38746   2.16506070E+000
   3161.05368   2.47612285E+000
   3159.71991   2.99941134E+000
   3158.38613   3.80497661E+000
   3157.05235   4.88554121E+000
   3155.71857   5.89706078E+000
   3154.38479   6.10087236E+000
   3153.05102   5.30367053E+000
   3151.71724   4.19439815E+000
   3150.38346   3.29662144E+000
   3149.04968   2.70270686E+000
   3147.71591   2.35565313E+000
   3146.38213   2.19643964E+000
   3145.04835   2.19511191E+000
   3143.71457   2.35137560E+000
   3142.38079   2.68845335E+000
   3141.04702   3.22549479E+000
   3139.71324   3.87997425E+000
   3138.37946   4.35043336E+000
   3137.04568   4.40387401E+000
   3135.71190   4.31607479E+000
   3134.37813   4.47497948E+000
   3133.04435   4.94741638E+000
   3131.71057   5.37324158E+000
   3130.37679   5.18184358E+000
   3129.04301   4.39951260E+000
   3127.70924   3.56024152E+000
   3126.37546   2.95552106E+000
   3125.04168   2.61001085E+000
   3123.70790   2.48442759E+000
   3122.37412   2.55781430E+000
   3121.04035   2.84416127E+000
   3119.70657   3.38811534E+000
   3118.37279   4.21991633E+000
   3117.03901   5.18514654E+000
   3115.70524   5.72180203E+000
   3114.37146   5.33020666E+000
   3113.03768   4.38750380E+000
   3111.70390   3.51050709E+000
   3110.37012   2.91374085E+000
   3109.03635   2.58075734E+000
   3107.70257   2.46243622E+000
   3106.36879   2.53630212E+000
   3105.03501   2.81527493E+000
   3103.70123   3.34101687E+000
   3102.36746   4.13729849E+000
   3101.03368   5.04229553E+000
   3099.69990   5.51339623E+000
   3098.36612   5.11930804E+000
   3097.03234   4.25306179E+000
   3095.69857   3.47616014E+000
   3094.36479   2.97128134E+000
   3093.03101   2.72112889E+000
   3091.69723   2.68476007E+000
   3090.36345   2.84533324E+000
   3089.02968   3.20197897E+000
   3087.69590   3.71563285E+000
   3086.36212   4.23579508E+000
   3085.02834   4.64634757E+000
   3083.69456   5.14834017E+000
   3082.36079   6.06479339E+000
   3081.02701   7.53282060E+000
   3079.69323   9.22118002E+000
   3078.35945   1.00347979E+001
   3077.02568   9.15984203E+000
   3075.69190   7.39882219E+000
   3074.35812   5.82074475E+000
   3073.02434   4.74944364E+000
   3071.69056   4.12953827E+000
   3070.35679   3.85839794E+000
   3069.02301   3.87609575E+000
   3067.68923   4.17580289E+000
   3066.35545   4.80466490E+000
   3065.02167   5.86599492E+000
   3063.68790   7.49389889E+000
   3062.35412   9.68489221E+000
   3061.02034   1.18369232E+001
   3059.68656   1.27112690E+001
   3058.35278   1.21514632E+001
   3057.01901   1.15481167E+001
   3055.68523   1.19284593E+001
   3054.35145   1.32615565E+001
   3053.01767   1.43301208E+001
   3051.68389   1.34481288E+001
   3050.35012   1.08392670E+001
   3049.01634   8.08739104E+000
   3047.68256   5.96897515E+000
   3046.34878   4.49098748E+000
   3045.01501   3.47319224E+000
   3043.68123   2.75987739E+000
   3042.34745   2.24650931E+000
   3041.01367   1.86677946E+000
   3039.67989   1.57866150E+000
   3038.34612   1.35502983E+000
   3037.01234   1.17794585E+000
   3035.67856   1.03524223E+000
   3034.34478   9.18462910E-001
   3033.01100   8.21596822E-001
   3031.67723   7.40281777E-001
   3030.34345   6.71292255E-001
   3029.00967   6.12202356E-001
   3027.67589   5.61159269E-001
   3026.34211   5.16727976E-001
   3025.00834   4.77782836E-001
   3023.67456   4.43430588E-001
   3022.34078   4.12954831E-001
   3021.00700   3.85775392E-001
   3019.67322   3.61418203E-001
   3018.33945   3.39492690E-001
   3017.00567   3.19674602E-001
   3015.67189   3.01692843E-001
   3014.33811   2.85319262E-001
   3013.00433   2.70360671E-001
   3011.67056   2.56652553E-001
   3010.33678   2.44054052E-001
   3009.00300   2.32443968E-001
   3007.66922   2.21717519E-001
   3006.33545   2.11783719E-001
   3005.00167   2.02563227E-001
   3003.66789   1.93986587E-001
   3002.33411   1.85992769E-001
   3001.00033   1.78527956E-001
   2999.66656   1.71544533E-001
   2998.33278   1.65000240E-001
   2996.99900   1.58857457E-001
   2995.66522   1.53082593E-001
   2994.33144   1.47645580E-001
   2992.99767   1.42519427E-001
   2991.66389   1.37679849E-001
   2990.33011   1.33104940E-001
   2988.99633   1.28774898E-001
   2987.66255   1.24671783E-001
   2986.32878   1.20779306E-001
   2984.99500   1.17082649E-001
   2983.66122   1.13568308E-001
   2982.32744   1.10223949E-001
   2980.99366   1.07038291E-001
   2979.65989   1.04000998E-001
   2978.32611   1.01102579E-001
   2976.99233   9.83343133E-002
   2975.65855   9.56881690E-002
   2974.32477   9.31567409E-002
   2972.99100   9.07331911E-002
   2971.65722   8.84111965E-002
   2970.32344   8.61849029E-002
   2968.98966   8.40488828E-002
   2967.65589   8.19980980E-002
   2966.32211   8.00278665E-002
   2964.98833   7.81338315E-002
   2963.65455   7.63119349E-002
   2962.32077   7.45583924E-002
   2960.98700   7.28696710E-002
   2959.65322   7.12424695E-002
   2958.31944   6.96736996E-002
   2956.98566   6.81604697E-002
   2955.65188   6.67000698E-002
   2954.31811   6.52899575E-002
   2952.98433   6.39277458E-002
   2951.65055   6.26111915E-002
   2950.31677   6.13381848E-002
   2948.98299   6.01067397E-002
   2947.64922   5.89149852E-002
   2946.31544   5.77611572E-002
   2944.98166   5.66435916E-002
   2943.64788   5.55607166E-002
   2942.31410   5.45110475E-002
   2940.98033   5.34931799E-002
   2939.64655   5.25057852E-002
   2938.31277   5.15476054E-002
   2936.97899   5.06174485E-002
   2935.64522   4.97141843E-002
   2934.31144   4.88367407E-002
   2932.97766   4.79840998E-002
   2931.64388   4.71552950E-002
   2930.31010   4.63494075E-002
   2928.97633   4.55655635E-002
   2927.64255   4.48029319E-002
   2926.30877   4.40607211E-002
   2924.97499   4.33381775E-002
   2923.64121   4.26345826E-002
   2922.30744   4.19492515E-002
   2920.97366   4.12815307E-002
   2919.63988   4.06307967E-002
   2918.30610   3.99964539E-002
   2916.97232   3.93779333E-002
   2915.63855   3.87746913E-002
   2914.30477   3.81862077E-002
   2912.97099   3.76119853E-002
   2911.63721   3.70515480E-002
   2910.30343   3.65044399E-002
   2908.96966   3.59702245E-002
   2907.63588   3.54484833E-002
   2906.30210   3.49388153E-002
   2904.96832   3.44408359E-002
   2903.63454   3.39541760E-002
   2902.30077   3.34784814E-002
   2900.96699   3.30134121E-002
   2899.63321   3.25586414E-002
   2898.29943   3.21138556E-002
   2896.96566   3.16787531E-002
   2895.63188   3.12530437E-002
   2894.29810   3.08364487E-002
   2892.96432   3.04286995E-002
   2891.63054   3.00295379E-002
   2890.29677   2.96387151E-002
   2888.96299   2.92559918E-002
   2887.62921   2.88811370E-002
   2886.29543   2.85139286E-002
   2884.96165   2.81541520E-002
   2883.62788   2.78016007E-002
   2882.29410   2.74560752E-002
   2880.96032   2.71173833E-002
   2879.62654   2.67853392E-002
   2878.29276   2.64597638E-002
   2876.95899   2.61404839E-002
   2875.62521   2.58273326E-002
   2874.29143   2.55201482E-002
   2872.95765   2.52187747E-002
   2871.62387   2.49230612E-002
   2870.29010   2.46328620E-002
   2868.95632   2.43480358E-002
   2867.62254   2.40684462E-002
   2866.28876   2.37939612E-002
   2864.95498   2.35244529E-002
   2863.62121   2.32597976E-002
   2862.28743   2.29998755E-002
   2860.95365   2.27445706E-002
   2859.61987   2.24937704E-002
   2858.28610   2.22473660E-002
   2856.95232   2.20052519E-002
   2855.61854   2.17673257E-002
   2854.28476   2.15334881E-002
   2852.95098   2.13036430E-002
   2851.61721   2.10776969E-002
   2850.28343   2.08555595E-002
   2848.94965   2.06371426E-002
   2847.61587   2.04223611E-002
   2846.28209   2.02111322E-002
   2844.94832   2.00033754E-002
   2843.61454   1.97990127E-002
   2842.28076   1.95979682E-002
   2840.94698   1.94001682E-002
   2839.61320   1.92055412E-002
   2838.27943   1.90140175E-002
   2836.94565   1.88255295E-002
   2835.61187   1.86400115E-002
   2834.27809   1.84573994E-002
   2832.94431   1.82776311E-002
   2831.61054   1.81006461E-002
   2830.27676   1.79263856E-002
   2828.94298   1.77547922E-002
   2827.60920   1.75858102E-002
   2826.27543   1.74193854E-002
   2824.94165   1.72554650E-002
   2823.60787   1.70939974E-002
   2822.27409   1.69349327E-002
   2820.94031   1.67782220E-002
   2819.60654   1.66238179E-002
   2818.27276   1.64716740E-002
   2816.93898   1.63217452E-002
   2815.60520   1.61739876E-002
   2814.27142   1.60283583E-002
   2812.93765   1.58848154E-002
   2811.60387   1.57433184E-002
   2810.27009   1.56038274E-002
   2808.93631   1.54663037E-002
   2807.60253   1.53307096E-002
   2806.26876   1.51970081E-002
   2804.93498   1.50651633E-002
   2803.60120   1.49351402E-002
   2802.26742   1.48069044E-002
   2800.93364   1.46804225E-002
   2799.59987   1.45556620E-002
   2798.26609   1.44325908E-002
   2796.93231   1.43111780E-002
   2795.59853   1.41913931E-002
   2794.26475   1.40732065E-002
   2792.93098   1.39565892E-002
   2791.59720   1.38415129E-002
   2790.26342   1.37279498E-002
   2788.92964   1.36158731E-002
   2787.59587   1.35052562E-002
   2786.26209   1.33960734E-002
   2784.92831   1.32882993E-002
   2783.59453   1.31819094E-002
   2782.26075   1.30768796E-002
   2780.92698   1.29731861E-002
   2779.59320   1.28708060E-002
   2778.25942   1.27697167E-002
   2776.92564   1.26698961E-002
   2775.59186   1.25713227E-002
   2774.25809   1.24739754E-002
   2772.92431   1.23778334E-002
   2771.59053   1.22828765E-002
   2770.25675   1.21890850E-002
   2768.92297   1.20964395E-002
   2767.58920   1.20049211E-002
   2766.25542   1.19145111E-002
   2764.92164   1.18251915E-002
   2763.58786   1.17369443E-002
   2762.25408   1.16497523E-002
   2760.92031   1.15635983E-002
   2759.58653   1.14784657E-002
   2758.25275   1.13943380E-002
   2756.91897   1.13111993E-002
   2755.58520   1.12290337E-002
   2754.25142   1.11478261E-002
   2752.91764   1.10675612E-002
   2751.58386   1.09882242E-002
   2750.25008   1.09098008E-002
   2748.91631   1.08322767E-002
   2747.58253   1.07556380E-002
   2746.24875   1.06798710E-002
   2744.91497   1.06049624E-002
   2743.58119   1.05308991E-002
   2742.24742   1.04576682E-002
   2740.91364   1.03852571E-002
   2739.57986   1.03136535E-002
   2738.24608   1.02428452E-002
   2736.91230   1.01728203E-002
   2735.57853   1.01035672E-002
   2734.24475   1.00350743E-002
   2732.91097   9.96733060E-003
   2731.57719   9.90032492E-003
   2730.24341   9.83404650E-003
   2728.90964   9.76848472E-003
   2727.57586   9.70362917E-003
   2726.24208   9.63946962E-003
   2724.90830   9.57599605E-003
   2723.57452   9.51319861E-003
   2722.24075   9.45106763E-003
   2720.90697   9.38959361E-003
   2719.57319   9.32876725E-003
   2718.23941   9.26857938E-003
   2716.90564   9.20902103E-003
   2715.57186   9.15008336E-003
   2714.23808   9.09175771E-003
   2712.90430   9.03403557E-003
   2711.57052   8.97690857E-003
   2710.23675   8.92036851E-003
   2708.90297   8.86440731E-003
   2707.56919   8.80901704E-003
   2706.23541   8.75418991E-003
   2704.90163   8.69991827E-003
   2703.56786   8.64619460E-003
   2702.23408   8.59301151E-003
   2700.90030   8.54036173E-003
   2699.56652   8.48823812E-003
   2698.23274   8.43663366E-003
   2696.89897   8.38554146E-003
   2695.56519   8.33495473E-003
   2694.23141   8.28486681E-003
   2692.89763   8.23527114E-003
   2691.56385   8.18616128E-003
   2690.23008   8.13753089E-003
   2688.89630   8.08937374E-003
   2687.56252   8.04168370E-003
   2686.22874   7.99445474E-003
   2684.89496   7.94768094E-003
   2683.56119   7.90135647E-003
   2682.22741   7.85547558E-003
   2680.89363   7.81003265E-003
   2679.55985   7.76502212E-003
   2678.22608   7.72043853E-003
   2676.89230   7.67627651E-003
   2675.55852   7.63253077E-003
   2674.22474   7.58919612E-003
   2672.89096   7.54626743E-003
   2671.55719   7.50373968E-003
   2670.22341   7.46160790E-003
   2668.88963   7.41986722E-003
   2667.55585   7.37851283E-003
   2666.22207   7.33754002E-003
   2664.88830   7.29694413E-003
   2663.55452   7.25672057E-003
   2662.22074   7.21686486E-003
   2660.88696   7.17737253E-003
   2659.55318   7.13823924E-003
   2658.21941   7.09946067E-003
   2656.88563   7.06103259E-003
   2655.55185   7.02295083E-003
   2654.21807   6.98521128E-003
   2652.88429   6.94780989E-003
   2651.55052   6.91074270E-003
   2650.21674   6.87400576E-003
   2648.88296   6.83759521E-003
   2647.54918   6.80150726E-003
   2646.21541   6.76573815E-003
   2644.88163   6.73028418E-003
   2643.54785   6.69514173E-003
   2642.21407   6.66030719E-003
   2640.88029   6.62577706E-003
   2639.54652   6.59154783E-003
   2638.21274   6.55761610E-003
   2636.87896   6.52397847E-003
   2635.54518   6.49063162E-003
   2634.21140   6.45757227E-003
   2632.87763   6.42479718E-003
   2631.54385   6.39230318E-003
   2630.21007   6.36008712E-003
   2628.87629   6.32814591E-003
   2627.54251   6.29647649E-003
   2626.20874   6.26507586E-003
   2624.87496   6.23394107E-003
   2623.54118   6.20306917E-003
   2622.20740   6.17245730E-003
   2620.87362   6.14210262E-003
   2619.53985   6.11200232E-003
   2618.20607   6.08215365E-003
   2616.87229   6.05255389E-003
   2615.53851   6.02320035E-003
   2614.20473   5.99409038E-003
   2612.87096   5.96522139E-003
   2611.53718   5.93659078E-003
   2610.20340   5.90819604E-003
   2608.86962   5.88003465E-003
   2607.53585   5.85210414E-003
   2606.20207   5.82440209E-003
   2604.86829   5.79692610E-003
   2603.53451   5.76967378E-003
   2602.20073   5.74264282E-003
   2600.86696   5.71583090E-003
   2599.53318   5.68923575E-003
   2598.19940   5.66285512E-003
   2596.86562   5.63668682E-003
   2595.53184   5.61072865E-003
   2594.19807   5.58497846E-003
   2592.86429   5.55943413E-003
   2591.53051   5.53409356E-003
   2590.19673   5.50895468E-003
   2588.86295   5.48401545E-003
   2587.52918   5.45927385E-003
   2586.19540   5.43472791E-003
   2584.86162   5.41037565E-003
   2583.52784   5.38621515E-003
   2582.19406   5.36224448E-003
   2580.86029   5.33846177E-003
   2579.52651   5.31486516E-003
   2578.19273   5.29145281E-003
   2576.85895   5.26822290E-003
   2575.52518   5.24517365E-003
   2574.19140   5.22230328E-003
   2572.85762   5.19961006E-003
   2571.52384   5.17709227E-003
   2570.19006   5.15474820E-003
   2568.85629   5.13257617E-003
   2567.52251   5.11057454E-003
   2566.18873   5.08874166E-003
   2564.85495   5.06707592E-003
   2563.52117   5.04557573E-003
   2562.18740   5.02423951E-003
   2560.85362   5.00306570E-003
   2559.51984   4.98205278E-003
   2558.18606   4.96119923E-003
   2556.85228   4.94050354E-003
   2555.51851   4.91996425E-003
   2554.18473   4.89957990E-003
   2552.85095   4.87934903E-003
   2551.51717   4.85927023E-003
   2550.18339   4.83934209E-003
   2548.84962   4.81956323E-003
   2547.51584   4.79993226E-003
   2546.18206   4.78044785E-003
   2544.84828   4.76110864E-003
   2543.51450   4.74191332E-003
   2542.18073   4.72286058E-003
   2540.84695   4.70394913E-003
   2539.51317   4.68517770E-003
   2538.17939   4.66654503E-003
   2536.84562   4.64804987E-003
   2535.51184   4.62969100E-003
   2534.17806   4.61146720E-003
   2532.84428   4.59337728E-003
   2531.51050   4.57542004E-003
   2530.17673   4.55759433E-003
   2528.84295   4.53989898E-003
   2527.50917   4.52233285E-003
   2526.17539   4.50489481E-003
   2524.84161   4.48758375E-003
   2523.50784   4.47039856E-003
   2522.17406   4.45333815E-003
   2520.84028   4.43640146E-003
   2519.50650   4.41958740E-003
   2518.17272   4.40289494E-003
   2516.83895   4.38632304E-003
   2515.50517   4.36987066E-003
   2514.17139   4.35353680E-003
   2512.83761   4.33732045E-003
   2511.50383   4.32122062E-003
   2510.17006   4.30523633E-003
   2508.83628   4.28936661E-003
   2507.50250   4.27361051E-003
   2506.16872   4.25796708E-003
   2504.83494   4.24243539E-003
   2503.50117   4.22701451E-003
   2502.16739   4.21170353E-003
   2500.83361   4.19650154E-003
   2499.49983   4.18140766E-003
   2498.16606   4.16642100E-003
   2496.83228   4.15154069E-003
   2495.49850   4.13676588E-003
   2494.16472   4.12209569E-003
   2492.83094   4.10752931E-003
   2491.49717   4.09306589E-003
   2490.16339   4.07870460E-003
   2488.82961   4.06444464E-003
   2487.49583   4.05028521E-003
   2486.16205   4.03622550E-003
   2484.82828   4.02226473E-003
   2483.49450   4.00840212E-003
   2482.16072   3.99463691E-003
   2480.82694   3.98096833E-003
   2479.49316   3.96739564E-003
   2478.15939   3.95391808E-003
   2476.82561   3.94053493E-003
   2475.49183   3.92724547E-003
   2474.15805   3.91404896E-003
   2472.82427   3.90094471E-003
   2471.49050   3.88793201E-003
   2470.15672   3.87501016E-003
   2468.82294   3.86217849E-003
   2467.48916   3.84943630E-003
   2466.15539   3.83678294E-003
   2464.82161   3.82421774E-003
   2463.48783   3.81174003E-003
   2462.15405   3.79934918E-003
   2460.82027   3.78704455E-003
   2459.48650   3.77482549E-003
   2458.15272   3.76269138E-003
   2456.81894   3.75064160E-003
   2455.48516   3.73867554E-003
   2454.15138   3.72679258E-003
   2452.81761   3.71499214E-003
   2451.48383   3.70327362E-003
   2450.15005   3.69163643E-003
   2448.81627   3.68007999E-003
   2447.48249   3.66860373E-003
   2446.14872   3.65720708E-003
   2444.81494   3.64588947E-003
   2443.48116   3.63465037E-003
   2442.14738   3.62348921E-003
   2440.81360   3.61240546E-003
   2439.47983   3.60139858E-003
   2438.14605   3.59046803E-003
   2436.81227   3.57961330E-003
   2435.47849   3.56883387E-003
   2434.14471   3.55812922E-003
   2432.81094   3.54749884E-003
   2431.47716   3.53694224E-003
   2430.14338   3.52645892E-003
   2428.80960   3.51604838E-003
   2427.47583   3.50571015E-003
   2426.14205   3.49544374E-003
   2424.80827   3.48524868E-003
   2423.47449   3.47512451E-003
   2422.14071   3.46507075E-003
   2420.80694   3.45508694E-003
   2419.47316   3.44517265E-003
   2418.13938   3.43532741E-003
   2416.80560   3.42555079E-003
   2415.47182   3.41584234E-003
   2414.13805   3.40620163E-003
   2412.80427   3.39662824E-003
   2411.47049   3.38712174E-003
   2410.13671   3.37768171E-003
   2408.80293   3.36830773E-003
   2407.46916   3.35899941E-003
   2406.13538   3.34975633E-003
   2404.80160   3.34057809E-003
   2403.46782   3.33146430E-003
   2402.13404   3.32241456E-003
   2400.80027   3.31342850E-003
   2399.46649   3.30450572E-003
   2398.13271   3.29564585E-003
   2396.79893   3.28684852E-003
   2395.46516   3.27811335E-003
   2394.13138   3.26943999E-003
   2392.79760   3.26082806E-003
   2391.46382   3.25227722E-003
   2390.13004   3.24378711E-003
   2388.79627   3.23535738E-003
   2387.46249   3.22698770E-003
   2386.12871   3.21867771E-003
   2384.79493   3.21042708E-003
   2383.46115   3.20223548E-003
   2382.12738   3.19410258E-003
   2380.79360   3.18602806E-003
   2379.45982   3.17801160E-003
   2378.12604   3.17005287E-003
   2376.79226   3.16215157E-003
   2375.45849   3.15430739E-003
   2374.12471   3.14652002E-003
   2372.79093   3.13878915E-003
   2371.45715   3.13111450E-003
   2370.12337   3.12349576E-003
   2368.78960   3.11593265E-003
   2367.45582   3.10842488E-003
   2366.12204   3.10097216E-003
   2364.78826   3.09357421E-003
   2363.45448   3.08623076E-003
   2362.12071   3.07894154E-003
   2360.78693   3.07170627E-003
   2359.45315   3.06452468E-003
   2358.11937   3.05739652E-003
   2356.78560   3.05032153E-003
   2355.45182   3.04329944E-003
   2354.11804   3.03633001E-003
   2352.78426   3.02941298E-003
   2351.45048   3.02254811E-003
   2350.11671   3.01573516E-003
   2348.78293   3.00897388E-003
   2347.44915   3.00226404E-003
   2346.11537   2.99560541E-003
   2344.78159   2.98899775E-003
   2343.44782   2.98244084E-003
   2342.11404   2.97593445E-003
   2340.78026   2.96947837E-003
   2339.44648   2.96307237E-003
   2338.11270   2.95671624E-003
   2336.77893   2.95040977E-003
   2335.44515   2.94415275E-003
   2334.11137   2.93794498E-003
   2332.77759   2.93178625E-003
   2331.44381   2.92567635E-003
   2330.11004   2.91961511E-003
   2328.77626   2.91360231E-003
   2327.44248   2.90763778E-003
   2326.10870   2.90172132E-003
   2324.77492   2.89585275E-003
   2323.44115   2.89003189E-003
   2322.10737   2.88425855E-003
   2320.77359   2.87853256E-003
   2319.43981   2.87285375E-003
   2318.10604   2.86722195E-003
   2316.77226   2.86163699E-003
   2315.43848   2.85609870E-003
   2314.10470   2.85060693E-003
   2312.77092   2.84516151E-003
   2311.43715   2.83976229E-003
   2310.10337   2.83440911E-003
   2308.76959   2.82910183E-003
   2307.43581   2.82384029E-003
   2306.10203   2.81862436E-003
   2304.76826   2.81345388E-003
   2303.43448   2.80832871E-003
   2302.10070   2.80324873E-003
   2300.76692   2.79821380E-003
   2299.43314   2.79322378E-003
   2298.09937   2.78827855E-003
   2296.76559   2.78337798E-003
   2295.43181   2.77852195E-003
   2294.09803   2.77371033E-003
   2292.76425   2.76894301E-003
   2291.43048   2.76421988E-003
   2290.09670   2.75954082E-003
   2288.76292   2.75490572E-003
   2287.42914   2.75031447E-003
   2286.09537   2.74576698E-003
   2284.76159   2.74126313E-003
   2283.42781   2.73680283E-003
   2282.09403   2.73238599E-003
   2280.76025   2.72801250E-003
   2279.42648   2.72368228E-003
   2278.09270   2.71939524E-003
   2276.75892   2.71515130E-003
   2275.42514   2.71095037E-003
   2274.09136   2.70679237E-003
   2272.75759   2.70267722E-003
   2271.42381   2.69860485E-003
   2270.09003   2.69457519E-003
   2268.75625   2.69058816E-003
   2267.42247   2.68664371E-003
   2266.08870   2.68274176E-003
   2264.75492   2.67888225E-003
   2263.42114   2.67506513E-003
   2262.08736   2.67129034E-003
   2260.75358   2.66755783E-003
   2259.41981   2.66386754E-003
   2258.08603   2.66021943E-003
   2256.75225   2.65661346E-003
   2255.41847   2.65304957E-003
   2254.08469   2.64952774E-003
   2252.75092   2.64604792E-003
   2251.41714   2.64261008E-003
   2250.08336   2.63921419E-003
   2248.74958   2.63586023E-003
   2247.41581   2.63254815E-003
   2246.08203   2.62927795E-003
   2244.74825   2.62604960E-003
   2243.41447   2.62286309E-003
   2242.08069   2.61971839E-003
   2240.74692   2.61661551E-003
   2239.41314   2.61355442E-003
   2238.07936   2.61053513E-003
   2236.74558   2.60755763E-003
   2235.41180   2.60462193E-003
   2234.07803   2.60172802E-003
   2232.74425   2.59887590E-003
   2231.41047   2.59606560E-003
   2230.07669   2.59329712E-003
   2228.74291   2.59057048E-003
   2227.40914   2.58788569E-003
   2226.07536   2.58524277E-003
   2224.74158   2.58264176E-003
   2223.40780   2.58008267E-003
   2222.07402   2.57756553E-003
   2220.74025   2.57509039E-003
   2219.40647   2.57265727E-003
   2218.07269   2.57026622E-003
   2216.73891   2.56791727E-003
   2215.40514   2.56561048E-003
   2214.07136   2.56334589E-003
   2212.73758   2.56112356E-003
   2211.40380   2.55894354E-003
   2210.07002   2.55680589E-003
   2208.73625   2.55471067E-003
   2207.40247   2.55265795E-003
   2206.06869   2.55064780E-003
   2204.73491   2.54868028E-003
   2203.40113   2.54675549E-003
   2202.06736   2.54487349E-003
   2200.73358   2.54303437E-003
   2199.39980   2.54123821E-003
   2198.06602   2.53948511E-003
   2196.73224   2.53777516E-003
   2195.39847   2.53610845E-003
   2194.06469   2.53448510E-003
   2192.73091   2.53290519E-003
   2191.39713   2.53136885E-003
   2190.06335   2.52987618E-003
   2188.72958   2.52842730E-003
   2187.39580   2.52702234E-003
   2186.06202   2.52566140E-003
   2184.72824   2.52434463E-003
   2183.39446   2.52307216E-003
   2182.06069   2.52184412E-003
   2180.72691   2.52066065E-003
   2179.39313   2.51952189E-003
   2178.05935   2.51842801E-003
   2176.72558   2.51737914E-003
   2175.39180   2.51637544E-003
   2174.05802   2.51541709E-003
   2172.72424   2.51450423E-003
   2171.39046   2.51363706E-003
   2170.05669   2.51281573E-003
   2168.72291   2.51204043E-003
   2167.38913   2.51131135E-003
   2166.05535   2.51062867E-003
   2164.72157   2.50999259E-003
   2163.38780   2.50940330E-003
   2162.05402   2.50886102E-003
   2160.72024   2.50836594E-003
   2159.38646   2.50791829E-003
   2158.05268   2.50751828E-003
   2156.71891   2.50716613E-003
   2155.38513   2.50686208E-003
   2154.05135   2.50660636E-003
   2152.71757   2.50639922E-003
   2151.38379   2.50624088E-003
   2150.05002   2.50613162E-003
   2148.71624   2.50607168E-003
   2147.38246   2.50606133E-003
   2146.04868   2.50610083E-003
   2144.71490   2.50619047E-003
   2143.38113   2.50633051E-003
   2142.04735   2.50652126E-003
   2140.71357   2.50676299E-003
   2139.37979   2.50705601E-003
   2138.04602   2.50740063E-003
   2136.71224   2.50779715E-003
   2135.37846   2.50824590E-003
   2134.04468   2.50874720E-003
   2132.71090   2.50930138E-003
   2131.37713   2.50990879E-003
   2130.04335   2.51056976E-003
   2128.70957   2.51128466E-003
   2127.37579   2.51205383E-003
   2126.04201   2.51287766E-003
   2124.70824   2.51375651E-003
   2123.37446   2.51469078E-003
   2122.04068   2.51568084E-003
   2120.70690   2.51672710E-003
   2119.37312   2.51782996E-003
   2118.03935   2.51898985E-003
   2116.70557   2.52020718E-003
   2115.37179   2.52148239E-003
   2114.03801   2.52281591E-003
   2112.70423   2.52420820E-003
   2111.37046   2.52565972E-003
   2110.03668   2.52717093E-003
   2108.70290   2.52874231E-003
   2107.36912   2.53037434E-003
   2106.03535   2.53206753E-003
   2104.70157   2.53382238E-003
   2103.36779   2.53563940E-003
   2102.03401   2.53751912E-003
   2100.70023   2.53946208E-003
   2099.36646   2.54146882E-003
   2098.03268   2.54353991E-003
   2096.69890   2.54567590E-003
   2095.36512   2.54787739E-003
   2094.03134   2.55014496E-003
   2092.69757   2.55247922E-003
   2091.36379   2.55488078E-003
   2090.03001   2.55735027E-003
   2088.69623   2.55988832E-003
   2087.36245   2.56249560E-003
   2086.02868   2.56517277E-003
   2084.69490   2.56792050E-003
   2083.36112   2.57073949E-003
   2082.02734   2.57363044E-003
   2080.69356   2.57659407E-003
   2079.35979   2.57963112E-003
   2078.02601   2.58274233E-003
   2076.69223   2.58592847E-003
   2075.35845   2.58919032E-003
   2074.02467   2.59252866E-003
   2072.69090   2.59594432E-003
   2071.35712   2.59943811E-003
   2070.02334   2.60301089E-003
   2068.68956   2.60666350E-003
   2067.35579   2.61039682E-003
   2066.02201   2.61421176E-003
   2064.68823   2.61810922E-003
   2063.35445   2.62209013E-003
   2062.02067   2.62615545E-003
   2060.68690   2.63030613E-003
   2059.35312   2.63454318E-003
   2058.01934   2.63886760E-003
   2056.68556   2.64328042E-003
   2055.35178   2.64778269E-003
   2054.01801   2.65237547E-003
   2052.68423   2.65705988E-003
   2051.35045   2.66183702E-003
   2050.01667   2.66670803E-003
   2048.68289   2.67167408E-003
   2047.34912   2.67673636E-003
   2046.01534   2.68189607E-003
   2044.68156   2.68715446E-003
   2043.34778   2.69251278E-003
   2042.01400   2.69797234E-003
   2040.68023   2.70353444E-003
   2039.34645   2.70920044E-003
   2038.01267   2.71497171E-003
   2036.67889   2.72084965E-003
   2035.34512   2.72683569E-003
   2034.01134   2.73293130E-003
   2032.67756   2.73913798E-003
   2031.34378   2.74545726E-003
   2030.01000   2.75189069E-003
   2028.67623   2.75843987E-003
   2027.34245   2.76510643E-003
   2026.00867   2.77189204E-003
   2024.67489   2.77879841E-003
   2023.34111   2.78582726E-003
   2022.00734   2.79298039E-003
   2020.67356   2.80025960E-003
   2019.33978   2.80766677E-003
   2018.00600   2.81520379E-003
   2016.67222   2.82287260E-003
   2015.33845   2.83067519E-003
   2014.00467   2.83861360E-003
   2012.67089   2.84668990E-003
   2011.33711   2.85490623E-003
   2010.00333   2.86326476E-003
   2008.66956   2.87176771E-003
   2007.33578   2.88041737E-003
   2006.00200   2.88921607E-003
   2004.66822   2.89816618E-003
   2003.33444   2.90727017E-003
   2002.00067   2.91653052E-003
   2000.66689   2.92594979E-003
   1999.33311   2.93553062E-003
   1997.99933   2.94527567E-003
   1996.66556   2.95518770E-003
   1995.33178   2.96526953E-003
   1993.99800   2.97552403E-003
   1992.66422   2.98595416E-003
   1991.33044   2.99656296E-003
   1989.99667   3.00735351E-003
   1988.66289   3.01832900E-003
   1987.32911   3.02949269E-003
   1985.99533   3.04084791E-003
   1984.66155   3.05239809E-003
   1983.32778   3.06414675E-003
   1981.99400   3.07609747E-003
   1980.66022   3.08825396E-003
   1979.32644   3.10062000E-003
   1977.99266   3.11319948E-003
   1976.65889   3.12599639E-003
   1975.32511   3.13901480E-003
   1973.99133   3.15225894E-003
   1972.65755   3.16573309E-003
   1971.32377   3.17944170E-003
   1969.99000   3.19338931E-003
   1968.65622   3.20758057E-003
   1967.32244   3.22202029E-003
   1965.98866   3.23671338E-003
   1964.65488   3.25166491E-003
   1963.32111   3.26688007E-003
   1961.98733   3.28236421E-003
   1960.65355   3.29812281E-003
   1959.31977   3.31416152E-003
   1957.98600   3.33048616E-003
   1956.65222   3.34710268E-003
   1955.31844   3.36401723E-003
   1953.98466   3.38123612E-003
   1952.65088   3.39876586E-003
   1951.31711   3.41661314E-003
   1949.98333   3.43478484E-003
   1948.64955   3.45328806E-003
   1947.31577   3.47213010E-003
   1945.98199   3.49131847E-003
   1944.64822   3.51086092E-003
   1943.31444   3.53076543E-003
   1941.98066   3.55104024E-003
   1940.64688   3.57169380E-003
   1939.31310   3.59273488E-003
   1937.97933   3.61417247E-003
   1936.64555   3.63601588E-003
   1935.31177   3.65827468E-003
   1933.97799   3.68095879E-003
   1932.64421   3.70407841E-003
   1931.31044   3.72764407E-003
   1929.97666   3.75166667E-003
   1928.64288   3.77615744E-003
   1927.30910   3.80112800E-003
   1925.97533   3.82659035E-003
   1924.64155   3.85255687E-003
   1923.30777   3.87904040E-003
   1921.97399   3.90605418E-003
   1920.64021   3.93361192E-003
   1919.30644   3.96172781E-003
   1917.97266   3.99041651E-003
   1916.63888   4.01969321E-003
   1915.30510   4.04957364E-003
   1913.97132   4.08007409E-003
   1912.63755   4.11121143E-003
   1911.30377   4.14300312E-003
   1909.96999   4.17546731E-003
   1908.63621   4.20862276E-003
   1907.30243   4.24248897E-003
   1905.96866   4.27708614E-003
   1904.63488   4.31243525E-003
   1903.30110   4.34855808E-003
   1901.96732   4.38547721E-003
   1900.63354   4.42321615E-003
   1899.29977   4.46179929E-003
   1897.96599   4.50125199E-003
   1896.63221   4.54160062E-003
   1895.29843   4.58287260E-003
   1893.96465   4.62509648E-003
   1892.63088   4.66830194E-003
   1891.29710   4.71251992E-003
   1889.96332   4.75778262E-003
   1888.62954   4.80412362E-003
   1887.29577   4.85157788E-003
   1885.96199   4.90018190E-003
   1884.62821   4.94997374E-003
   1883.29443   5.00099311E-003
   1881.96065   5.05328147E-003
   1880.62688   5.10688215E-003
   1879.29310   5.16184039E-003
   1877.95932   5.21820351E-003
   1876.62554   5.27602100E-003
   1875.29176   5.33534461E-003
   1873.95799   5.39622855E-003
   1872.62421   5.45872959E-003
   1871.29043   5.52290718E-003
   1869.95665   5.58882368E-003
   1868.62287   5.65654448E-003
   1867.28910   5.72613819E-003
   1865.95532   5.79767686E-003
   1864.62154   5.87123618E-003
   1863.28776   5.94689569E-003
   1861.95398   6.02473903E-003
   1860.62021   6.10485425E-003
   1859.28643   6.18733400E-003
   1857.95265   6.27227592E-003
   1856.61887   6.35978292E-003
   1855.28510   6.44996356E-003
   1853.95132   6.54293239E-003
   1852.61754   6.63881043E-003
   1851.28376   6.73772553E-003
   1849.94998   6.83981294E-003
   1848.61621   6.94521577E-003
   1847.28243   7.05408559E-003
   1845.94865   7.16658303E-003
   1844.61487   7.28287846E-003
   1843.28109   7.40315272E-003
   1841.94732   7.52759792E-003
   1840.61354   7.65641829E-003
   1839.27976   7.78983113E-003
   1837.94598   7.92806787E-003
   1836.61220   8.07137516E-003
   1835.27843   8.22001617E-003
   1833.94465   8.37427188E-003
   1832.61087   8.53444264E-003
   1831.27709   8.70084980E-003
   1829.94331   8.87383749E-003
   1828.60954   9.05377466E-003
   1827.27576   9.24105728E-003
   1825.94198   9.43611080E-003
   1824.60820   9.63939283E-003
   1823.27442   9.85139617E-003
   1821.94065   1.00726522E-002
   1820.60687   1.03037345E-002
   1819.27309   1.05452631E-002
   1817.93931   1.07979091E-002
   1816.60554   1.10624000E-002
   1815.27176   1.13395253E-002
   1813.93798   1.16301432E-002
   1812.60420   1.19351880E-002
   1811.27042   1.22556786E-002
   1809.93665   1.25927275E-002
   1808.60287   1.29475522E-002
   1807.26909   1.33214868E-002
   1805.93531   1.37159960E-002
   1804.60153   1.41326915E-002
   1803.26776   1.45733493E-002
   1801.93398   1.50399313E-002
   1800.60020   1.55346092E-002
   1799.26642   1.60597921E-002
   1797.93264   1.66181590E-002
   1796.59887   1.72126962E-002
   1795.26509   1.78467411E-002
   1793.93131   1.85240337E-002
   1792.59753   1.92487764E-002
   1791.26375   2.00257057E-002
   1789.92998   2.08601763E-002
   1788.59620   2.17582619E-002
   1787.26242   2.27268747E-002
   1785.92864   2.37739106E-002
   1784.59486   2.49084228E-002
   1783.26109   2.61408342E-002
   1781.92731   2.74831956E-002
   1780.59353   2.89495036E-002
   1779.25975   3.05560932E-002
   1777.92598   3.23221271E-002
   1776.59220   3.42702082E-002
   1775.25842   3.64271543E-002
   1773.92464   3.88249842E-002
   1772.59086   4.15021849E-002
   1771.25709   4.45053546E-002
   1769.92331   4.78913555E-002
   1768.58953   5.17301634E-002
   1767.25575   5.61086858E-002
   1765.92197   6.11359393E-002
   1764.58820   6.69501693E-002
   1763.25442   7.37287815E-002
   1761.92064   8.17024195E-002
   1760.58686   9.11752636E-002
   1759.25308   1.02554849E-001
   1757.91931   1.16396754E-001
   1756.58553   1.33473017E-001
   1755.25175   1.54879273E-001
   1753.91797   1.82206438E-001
   1752.58419   2.17821919E-001
   1751.25042   2.65338465E-001
   1749.91664   3.30400053E-001
   1748.58286   4.21963665E-001
   1747.24908   5.54138365E-001
   1745.91531   7.47520830E-001
   1744.58153   1.02359049E+000
   1743.24775   1.37011881E+000
   1741.91397   1.66059553E+000
   1740.58019   1.68691442E+000
   1739.24642   1.46196819E+000
   1737.91264   1.20670401E+000
   1736.57886   1.05363351E+000
   1735.24508   1.02487748E+000
   1733.91130   1.09296087E+000
   1732.57753   1.16738358E+000
   1731.24375   1.11321825E+000
   1729.90997   9.20912464E-001
   1728.57619   7.06633863E-001
   1727.24241   5.39186970E-001
   1725.90864   4.23690194E-001
   1724.57486   3.47242188E-001
   1723.24108   2.98132170E-001
   1721.90730   2.68921176E-001
   1720.57352   2.55812535E-001
   1719.23975   2.57933868E-001
   1717.90597   2.77154948E-001
   1716.57219   3.18248708E-001
   1715.23841   3.88021216E-001
   1713.90463   4.87994814E-001
   1712.57086   5.90478061E-001
   1711.23708   6.22479688E-001
   1709.90330   5.47265077E-001
   1708.56952   4.26729276E-001
   1707.23575   3.21671537E-001
   1705.90197   2.46150053E-001
   1704.56819   1.94444240E-001
   1703.23441   1.58889532E-001
   1701.90063   1.33911969E-001
   1700.56686   1.15931214E-001
   1699.23308   1.02699170E-001
   1697.89930   9.27902743E-002
   1696.56552   8.52817754E-002
   1695.23174   7.95626872E-002
   1693.89797   7.52199270E-002
   1692.56419   7.19695204E-002
   1691.23041   6.96142392E-002
   1689.89663   6.80170189E-002
   1688.56285   6.70840240E-002
   1687.22908   6.67537833E-002
   1685.89530   6.69902783E-002
   1684.56152   6.77787231E-002
   1683.22774   6.91232935E-002
   1681.89396   7.10463923E-002
   1680.56019   7.35892642E-002
   1679.22641   7.68139567E-002
   1677.89263   8.08067854E-002
   1676.55885   8.56836536E-002
   1675.22508   9.15978140E-002
   1673.89130   9.87510061E-002
   1672.55752   1.07409421E-001
   1671.22374   1.17926755E-001
   1669.88996   1.30777932E-001
   1668.55619   1.46609210E-001
   1667.22241   1.66314071E-001
   1665.88863   1.91150508E-001
   1664.55485   2.22926360E-001
   1663.22107   2.64298790E-001
   1661.88730   3.19268501E-001
   1660.55352   3.94008269E-001
   1659.21974   4.98253653E-001
   1657.88596   6.47550130E-001
   1656.55218   8.66331370E-001
   1655.21841   1.18932464E+000
   1653.88463   1.64767773E+000
   1652.55085   2.19811982E+000
   1651.21707   2.58793057E+000
   1649.88329   2.48778504E+000
   1648.54952   1.99549798E+000
   1647.21574   1.46616179E+000
   1645.88196   1.06259838E+000
   1644.54818   7.86060348E-001
   1643.21440   6.00271136E-001
   1641.88063   4.74281854E-001
   1640.54685   3.87620864E-001
   1639.21307   3.27621773E-001
   1637.87929   2.86647310E-001
   1636.54552   2.60298895E-001
   1635.21174   2.46444670E-001
   1633.87796   2.44831101E-001
   1632.54418   2.57141647E-001
   1631.21040   2.87348804E-001
   1629.87663   3.41615575E-001
   1628.54285   4.24365073E-001
   1627.20907   5.21589081E-001
   1625.87529   5.76506812E-001
   1624.54151   5.33281762E-001
   1623.20774   4.26730299E-001
   1621.87396   3.22557618E-001
   1620.54018   2.44661976E-001
   1619.20640   1.90671350E-001
   1617.87262   1.53376870E-001
   1616.53885   1.27050501E-001
   1615.20507   1.07932756E-001
   1613.87129   9.36556087E-002
   1612.53751   8.27209826E-002
   1611.20373   7.41619939E-002
   1609.86996   6.73389415E-002
   1608.53618   6.18178359E-002
   1607.20240   5.72972656E-002
   1605.86862   5.35635000E-002
   1604.53484   5.04623196E-002
   1603.20107   4.78809625E-002
   1601.86729   4.57363359E-002
   1600.53351   4.39672106E-002
   1599.19973   4.25290243E-002
   1597.86596   4.13904562E-002
   1596.53218   4.05312655E-002
   1595.19840   3.99410991E-002
   1593.86462   3.96191214E-002
   1592.53084   3.95744409E-002
   1591.19707   3.98274232E-002
   1589.86329   4.04121211E-002
   1588.52951   4.13802491E-002
   1587.19573   4.28074366E-002
   1585.86195   4.48029969E-002
   1584.52818   4.75253137E-002
   1583.19440   5.12064552E-002
   1581.86062   5.61923026E-002
   1580.52684   6.30091918E-002
   1579.19306   7.24759545E-002
   1577.85929   8.58911286E-002
   1576.52551   1.05328043E-001
   1575.19173   1.33998270E-001
   1573.85795   1.76190524E-001
   1572.52417   2.34478607E-001
   1571.19040   2.98603990E-001
   1569.85662   3.32040035E-001
   1568.52284   3.04856444E-001
   1567.18906   2.43238244E-001
   1565.85529   1.85559768E-001
   1564.52151   1.44120160E-001
   1563.18773   1.16990008E-001
   1561.85395   1.00049958E-001
   1560.52017   9.02801346E-002
   1559.18640   8.59848975E-002
   1557.85262   8.65386977E-002
   1556.51884   9.22429975E-002
   1555.18506   1.04315221E-001
   1553.85128   1.24651767E-001
   1552.51751   1.53911617E-001
   1551.18373   1.84953695E-001
   1549.84995   1.97289107E-001
   1548.51617   1.78598497E-001
   1547.18239   1.45505359E-001
   1545.84862   1.16376951E-001
   1544.51484   9.59986568E-002
   1543.18106   8.29570880E-002
   1541.84728   7.51422567E-002
   1540.51350   7.10855507E-002
   1539.17973   6.99968057E-002
   1537.84595   7.16152223E-002
   1536.51217   7.60501105E-002
   1535.17839   8.33689433E-002
   1533.84461   9.23299775E-002
   1532.51084   9.90957607E-002
   1531.17706   1.01072421E-001
   1529.84328   1.01647596E-001
   1528.50950   1.05258139E-001
   1527.17573   1.13967629E-001
   1525.84195   1.29029581E-001
   1524.50817   1.52395677E-001
   1523.17439   1.87456790E-001
   1521.84061   2.39164070E-001
   1520.50684   3.11568049E-001
   1519.17306   3.96724134E-001
   1517.83928   4.57332177E-001
   1516.50550   4.54510164E-001
   1515.17172   4.12871830E-001
   1513.83795   3.83453244E-001
   1512.50417   3.90816773E-001
   1511.17039   4.42095672E-001
   1509.83661   5.35655671E-001
   1508.50283   6.41833517E-001
   1507.16906   6.83355650E-001
   1505.83528   6.14546667E-001
   1504.50150   4.96580064E-001
   1503.16772   3.97169336E-001
   1501.83394   3.35050867E-001
   1500.50017   3.07451429E-001
   1499.16639   3.10249295E-001
   1497.83261   3.41081351E-001
   1496.49883   3.90976201E-001
   1495.16506   4.28070915E-001
   1493.83128   4.13526947E-001
   1492.49750   3.59503828E-001
   1491.16372   3.07779148E-001
   1489.82994   2.78451631E-001
   1488.49617   2.74340480E-001
   1487.16239   2.94798788E-001
   1485.82861   3.36823447E-001
   1484.49483   3.84855322E-001
   1483.16105   4.08494768E-001
   1481.82728   4.02490238E-001
   1480.49350   4.00977970E-001
   1479.15972   4.32742763E-001
   1477.82594   5.04254485E-001
   1476.49216   5.90581681E-001
   1475.15839   6.23065824E-001
   1473.82461   5.58947091E-001
   1472.49083   4.50277727E-001
   1471.15705   3.56725400E-001
   1469.82327   2.94416490E-001
   1468.48950   2.59577422E-001
   1467.15572   2.46748215E-001
   1465.82194   2.53563184E-001
   1464.48816   2.81455901E-001
   1463.15438   3.35796524E-001
   1461.82061   4.24712284E-001
   1460.48683   5.50213639E-001
   1459.15305   6.79158108E-001
   1457.81927   7.22754111E-001
   1456.48550   6.34647816E-001
   1455.15172   4.89568478E-001
   1453.81794   3.62561474E-001
   1452.48416   2.71391826E-001
   1451.15038   2.09216626E-001
   1449.81661   1.66674962E-001
   1448.48283   1.36943064E-001
   1447.14905   1.15640817E-001
   1445.81527   1.00024216E-001
   1444.48149   8.83601667E-002
   1443.14772   7.95344854E-002
   1441.81394   7.28185118E-002
   1440.48016   6.77313996E-002
   1439.14638   6.39590162E-002
   1437.81260   6.13073067E-002
   1436.47883   5.96783617E-002
   1435.14505   5.90640120E-002
   1433.81127   5.95566750E-002
   1432.47749   6.13817517E-002
   1431.14371   6.49598122E-002
   1429.80994   7.10024425E-002
   1428.47616   8.05915240E-002
   1427.14238   9.49220256E-002
   1425.80860   1.13554801E-001
   1424.47482   1.29951529E-001
   1423.14105   1.32020421E-001
   1421.80727   1.18680438E-001
   1420.47349   1.01820946E-001
   1419.13971   8.91002752E-002
   1417.80594   8.15461512E-002
   1416.47216   7.81721520E-002
   1415.13838   7.80644022E-002
   1413.80460   8.07717239E-002
   1412.47082   8.62976785E-002
   1411.13705   9.50939019E-002
   1409.80327   1.08130553E-001
   1408.46949   1.26997198E-001
   1407.13571   1.53697787E-001
   1405.80193   1.88920048E-001
   1404.46816   2.27455023E-001
   1403.13438   2.59030777E-001
   1401.80060   2.86821693E-001
   1400.46682   3.30734518E-001
   1399.13304   4.08464730E-001
   1397.79927   5.26030744E-001
   1396.46549   6.57432692E-001
   1395.13171   7.19732603E-001
   1393.79793   6.52038304E-001
   1392.46415   5.15976131E-001
   1391.13038   3.92520884E-001
   1389.79660   3.05898491E-001
   1388.46282   2.51578991E-001
   1387.12904   2.21350004E-001
   1385.79527   2.10025371E-001
   1384.46149   2.16012477E-001
   1383.12771   2.40587376E-001
   1381.79393   2.85104172E-001
   1380.46015   3.40978229E-001
   1379.12638   3.74476359E-001
   1377.79260   3.50454379E-001
   1376.45882   2.87644096E-001
   1375.12504   2.25949917E-001
   1373.79126   1.80669062E-001
   1372.45749   1.50743757E-001
   1371.12371   1.32018288E-001
   1369.78993   1.21312053E-001
   1368.45615   1.16839715E-001
   1367.12237   1.17984075E-001
   1365.78860   1.25133564E-001
   1364.45482   1.39523667E-001
   1363.12104   1.62298439E-001
   1361.78726   1.90602504E-001
   1360.45348   2.11142411E-001
   1359.11971   2.09114276E-001
   1357.78593   1.92115050E-001
   1356.45215   1.78177038E-001
   1355.11837   1.75817533E-001
   1353.78459   1.87220122E-001
   1352.45082   2.13959759E-001
   1351.11704   2.57143023E-001
   1349.78326   3.12007359E-001
   1348.44948   3.62309357E-001
   1347.11571   3.83107905E-001
   1345.78193   3.56244059E-001
   1344.44815   3.00708993E-001
   1343.11437   2.49322475E-001
   1341.78059   2.14396264E-001
   1340.44682   1.94708439E-001
   1339.11304   1.86641178E-001
   1337.77926   1.87620654E-001
   1336.44548   1.96455771E-001
   1335.11170   2.13149318E-001
   1333.77793   2.38829034E-001
   1332.44415   2.75928935E-001
   1331.11037   3.28698252E-001
   1329.77659   4.04171429E-001
   1328.44281   5.13748688E-001
   1327.10904   6.75098235E-001
   1325.77526   9.11408674E-001
   1324.44148   1.23462971E+000
   1323.10770   1.58285182E+000
   1321.77392   1.75710558E+000
   1320.44015   1.62017058E+000
   1319.10637   1.33240684E+000
   1317.77259   1.09479368E+000
   1316.43881   9.72346842E-001
   1315.10504   9.58195937E-001
   1313.77126   1.00980094E+000
   1312.43748   1.03919986E+000
   1311.10370   9.85884708E-001
   1309.76992   9.07038559E-001
   1308.43615   8.71341772E-001
   1307.10237   8.60738598E-001
   1305.76859   7.96435911E-001
   1304.43481   6.58899717E-001
   1303.10103   5.10534835E-001
   1301.76726   3.93014088E-001
   1300.43348   3.09406770E-001
   1299.09970   2.51000607E-001
   1297.76592   2.09625828E-001
   1296.43214   1.79656802E-001
   1295.09837   1.57481911E-001
   1293.76459   1.40796136E-001
   1292.43081   1.28107271E-001
   1291.09703   1.18431597E-001
   1289.76325   1.11111456E-001
   1288.42948   1.05705869E-001
   1287.09570   1.01924716E-001
   1285.76192   9.95896593E-002
   1284.42814   9.86125137E-002
   1283.09436   9.89862598E-002
   1281.76059   1.00786951E-001
   1280.42681   1.04187218E-001
   1279.09303   1.09484832E-001
   1277.75925   1.17153723E-001
   1276.42548   1.27931210E-001
   1275.09170   1.42965834E-001
   1273.75792   1.64066433E-001
   1272.42414   1.94108150E-001
   1271.09036   2.37611295E-001
   1269.75659   3.01143624E-001
   1268.42281   3.91471131E-001
   1267.08903   5.04528076E-001
   1265.75525   6.00884443E-001
   1264.42147   6.19378363E-001
   1263.08770   5.70105348E-001
   1261.75392   5.23894495E-001
   1260.42014   5.23742043E-001
   1259.08636   5.78410311E-001
   1257.75258   6.68637864E-001
   1256.41881   7.26873850E-001
   1255.08503   6.79602157E-001
   1253.75125   5.56719702E-001
   1252.41747   4.35353802E-001
   1251.08369   3.46600946E-001
   1249.74992   2.88692476E-001
   1248.41614   2.53298200E-001
   1247.08236   2.33860846E-001
   1245.74858   2.26436911E-001
   1244.41480   2.29127864E-001
   1243.08103   2.41612922E-001
   1241.74725   2.65013436E-001
   1240.41347   3.02114689E-001
   1239.07969   3.58008606E-001
   1237.74592   4.41267005E-001
   1236.41214   5.65532580E-001
   1235.07836   7.49810119E-001
   1233.74458   1.00922377E+000
   1232.41080   1.31602043E+000
   1231.07703   1.54556996E+000
   1229.74325   1.55096966E+000
   1228.40947   1.33907882E+000
   1227.07569   1.05981606E+000
   1225.74191   8.36893914E-001
   1224.40814   7.00899019E-001
   1223.07436   6.35458335E-001
   1221.74058   6.01527749E-001
   1220.40680   5.49367560E-001
   1219.07302   4.68683147E-001
   1217.73925   3.90248929E-001
   1216.40547   3.33262755E-001
   1215.07169   2.98771769E-001
   1213.73791   2.83142362E-001
   1212.40413   2.84032148E-001
   1211.07036   3.01669251E-001
   1209.73658   3.39288346E-001
   1208.40280   4.03883817E-001
   1207.06902   5.07006285E-001
   1205.73525   6.62457244E-001
   1204.40147   8.68891983E-001
   1203.06769   1.06089325E+000
   1201.73391   1.10078061E+000
   1200.40013   9.57432903E-001
   1199.06636   7.63218490E-001
   1197.73258   6.15859876E-001
   1196.39880   5.26769810E-001
   1195.06502   4.64892426E-001
   1193.73124   3.95880659E-001
   1192.39747   3.20182690E-001
   1191.06369   2.55458055E-001
   1189.72991   2.07529530E-001
   1188.39613   1.73627789E-001
   1187.06235   1.49795483E-001
   1185.72858   1.33086025E-001
   1184.39480   1.21637939E-001
   1183.06102   1.14399761E-001
   1181.72724   1.10930764E-001
   1180.39346   1.11332117E-001
   1179.05969   1.16304592E-001
   1177.72591   1.27310681E-001
   1176.39213   1.46666098E-001
   1175.05835   1.76646539E-001
   1173.72457   2.14682800E-001
   1172.39080   2.43303385E-001
   1171.05702   2.37174785E-001
   1169.72324   2.00663618E-001
   1168.38946   1.60151044E-001
   1167.05569   1.28976052E-001
   1165.72191   1.07731789E-001
   1164.38813   9.37873437E-002
   1163.05435   8.48269979E-002
   1161.72057   7.93359800E-002
   1160.38680   7.64211566E-002
   1159.05302   7.56106928E-002
   1157.71924   7.67315413E-002
   1156.38546   7.98580031E-002
   1155.05168   8.53199027E-002
   1153.71791   9.37725928E-002
   1152.38413   1.06348021E-001
   1151.05035   1.24920028E-001
   1149.71657   1.52490943E-001
   1148.38279   1.93451679E-001
   1147.04902   2.52259185E-001
   1145.71524   3.25652067E-001
   1144.38146   3.85189400E-001
   1143.04768   3.86144747E-001
   1141.71390   3.32923474E-001
   1140.38013   2.72309800E-001
   1139.04635   2.30537587E-001
   1137.71257   2.11220650E-001
   1136.37879   2.12660028E-001
   1135.04502   2.34401562E-001
   1133.71124   2.75533942E-001
   1132.37746   3.24551220E-001
   1131.04368   3.49925193E-001
   1129.70990   3.32107600E-001
   1128.37613   2.97865641E-001
   1127.04235   2.79217092E-001
   1125.70857   2.86572285E-001
   1124.37479   3.13306923E-001
   1123.04101   3.33614867E-001
   1121.70724   3.20046724E-001
   1120.37346   2.84695207E-001
   1119.03968   2.58221443E-001
   1117.70590   2.53474244E-001
   1116.37212   2.64175650E-001
   1115.03835   2.66484815E-001
   1113.70457   2.39178874E-001
   1112.37079   1.94131071E-001
   1111.03701   1.52857153E-001
   1109.70323   1.22376049E-001
   1108.36946   1.01216580E-001
   1107.03568   8.65646759E-002
   1105.70190   7.62542095E-002
   1104.36812   6.88641894E-002
   1103.03434   6.34923963E-002
   1101.70057   5.95623907E-002
   1100.36679   5.66990629E-002
   1099.03301   5.46534080E-002
   1097.69923   5.32574124E-002
   1096.36546   5.23966903E-002
   1095.03168   5.19936068E-002
   1093.69790   5.19967136E-002
   1092.36412   5.23740899E-002
   1091.03034   5.31091873E-002
   1089.69657   5.41983580E-002
   1088.36279   5.56495905E-002
   1087.02901   5.74821927E-002
   1085.69523   5.97273108E-002
   1084.36145   6.24292812E-002
   1083.02768   6.56479225E-002
   1081.69390   6.94619873E-002
   1080.36012   7.39741445E-002
   1079.02634   7.93180757E-002
   1077.69256   8.56685897E-002
   1076.35879   9.32561597E-002
   1075.02501   1.02388093E-001
   1073.69123   1.13479870E-001
   1072.35745   1.27102410E-001
   1071.02367   1.44054869E-001
   1069.68990   1.65479239E-001
   1068.35612   1.93044899E-001
   1067.02234   2.29252199E-001
   1065.68856   2.77940028E-001
   1064.35478   3.45136303E-001
   1063.02101   4.40432912E-001
   1061.68723   5.78885510E-001
   1060.35345   7.82005301E-001
   1059.01967   1.07008533E+000
   1057.68590   1.42278571E+000
   1056.35212   1.70262273E+000
   1055.01834   1.70384795E+000
   1053.68456   1.43129461E+000
   1052.35078   1.09717605E+000
   1051.01701   8.36087744E-001
   1049.68323   6.66090030E-001
   1048.34945   5.69451816E-001
   1047.01567   5.30339004E-001
   1045.68189   5.40535714E-001
   1044.34812   5.91175015E-001
   1043.01434   6.49789573E-001
   1041.68056   6.51680345E-001
   1040.34678   5.74680751E-001
   1039.01300   4.73303668E-001
   1037.67923   3.92035590E-001
   1036.34545   3.39022123E-001
   1035.01167   3.09243765E-001
   1033.67789   2.97343416E-001
   1032.34411   3.00349293E-001
   1031.01034   3.17667798E-001
   1029.67656   3.50635208E-001
   1028.34278   4.01221728E-001
   1027.00900   4.68014072E-001
   1025.67523   5.42929206E-001
   1024.34145   6.26049455E-001
   1023.00767   7.42026416E-001
   1021.67389   9.24786949E-001
   1020.34011   1.20600010E+000
   1019.00634   1.60461808E+000
   1017.67256   2.09023739E+000
   1016.33878   2.55223571E+000
   1015.00500   2.77283004E+000
   1013.67122   2.53508245E+000
   1012.33745   1.99224090E+000
   1011.00367   1.46153898E+000
   1009.66989   1.06674591E+000
   1008.33611   7.97134760E-001
   1007.00233   6.15707948E-001
   1005.66856   4.92801465E-001
   1004.33478   4.08113854E-001
   1003.00100   3.46161394E-001
   1001.66722   2.95325911E-001
   1000.33344   2.51990430E-001
    998.99967   2.17124827E-001
    997.66589   1.90489643E-001
    996.33211   1.70779470E-001
    994.99833   1.56886292E-001
    993.66455   1.48306185E-001
    992.33078   1.45086602E-001
    990.99700   1.47174493E-001
    989.66322   1.52117042E-001
    988.32944   1.52299316E-001
    986.99567   1.41460266E-001
    985.66189   1.24667956E-001
    984.32811   1.09542994E-001
    982.99433   9.85131909E-002
    981.66055   9.11723067E-002
    980.32678   8.67077642E-002
    978.99300   8.45709908E-002
    977.65922   8.45336101E-002
    976.32544   8.66542218E-002
    974.99166   9.12825881E-002
    973.65789   9.91312525E-002
    972.32411   1.11439624E-001
    970.99033   1.30268628E-001
    969.65655   1.58942602E-001
    968.32277   2.02405412E-001
    966.98900   2.66020658E-001
    965.65522   3.47559650E-001
    964.32144   4.17028925E-001
    962.98766   4.20025262E-001
    961.65388   3.52669273E-001
    960.32011   2.68367304E-001
    958.98633   2.00642038E-001
    957.65255   1.53334831E-001
    956.31877   1.21251888E-001
    954.98499   9.92710882E-002
    953.65122   8.38769057E-002
    952.31744   7.28489492E-002
    950.98366   6.48021785E-002
    949.64988   5.88647816E-002
    948.31611   5.44816978E-002
    946.98233   5.12992368E-002
    945.64855   4.90984941E-002
    944.31477   4.77585790E-002
    942.98099   4.72396767E-002
    941.64722   4.75818145E-002
    940.31344   4.89193011E-002
    938.97966   5.15128590E-002
    937.64588   5.57945566E-002
    936.31210   6.23725738E-002
    934.97833   7.17672897E-002
    933.64455   8.34879804E-002
    932.31077   9.57020193E-002
    930.97699   1.09042064E-001
    929.64321   1.28342675E-001
    928.30944   1.55574968E-001
    926.97566   1.80791061E-001
    925.64188   1.82869637E-001
    924.30810   1.57779913E-001
    922.97432   1.25229947E-001
    921.64055   9.89597825E-002
    920.30677   8.09097830E-002
    918.97299   6.91457751E-002
    917.63921   6.16733039E-002
    916.30544   5.71330631E-002
    914.97166   5.47002033E-002
    913.63788   5.39108182E-002
    912.30410   5.45441805E-002
    910.97032   5.65610500E-002
    909.63655   6.00846932E-002
    908.30277   6.54186312E-002
    906.96899   7.31055916E-002
    905.63521   8.40446022E-002
    904.30143   9.96986124E-002
    902.96766   1.22435604E-001
    901.63388   1.55993708E-001
    900.30010   2.05663051E-001
    898.96632   2.76018970E-001
    897.63254   3.59743223E-001
    896.29877   4.17318614E-001
    894.96499   3.99916382E-001
    893.63121   3.25008950E-001
    892.29743   2.46113264E-001
    890.96365   1.86679049E-001
    889.62988   1.46466471E-001
    888.29610   1.19966762E-001
    886.96232   1.02560152E-001
    885.62854   9.12058919E-002
    884.29476   8.40247086E-002
    882.96099   7.98774342E-002
    881.62721   7.80885894E-002
    880.29343   7.82840326E-002
    878.95965   8.03015051E-002
    877.62588   8.41473936E-002
    876.29210   8.99858962E-002
    874.95832   9.81560456E-002
    873.62454   1.09219694E-001
    872.29076   1.24051912E-001
    870.95699   1.43996439E-001
    869.62321   1.71123196E-001
    868.28943   2.08632199E-001
    866.95565   2.61405171E-001
    865.62187   3.36602507E-001
    864.28810   4.44602137E-001
    862.95432   6.00456550E-001
    861.62054   8.15221893E-001
    860.28676   1.05278797E+000
    858.95298   1.17814395E+000
    857.61921   1.07836404E+000
    856.28543   8.49433292E-001
    854.95165   6.34986557E-001
    853.61787   4.81757956E-001
    852.28409   3.83073071E-001
    850.95032   3.24124676E-001
    849.61654   2.94555319E-001
    848.28276   2.89546572E-001
    846.94898   3.09016901E-001
    845.61521   3.56302294E-001
    844.28143   4.33031440E-001
    842.94765   5.23028933E-001
    841.61387   5.79890636E-001
    840.28009   5.78941927E-001
    838.94632   5.55643552E-001
    837.61254   5.23160633E-001
    836.27876   4.54788758E-001
    834.94498   3.59439548E-001
    833.61120   2.72252565E-001
    832.27743   2.07195098E-001
    830.94365   1.61575995E-001
    829.60987   1.29588711E-001
    828.27609   1.06665379E-001
    826.94231   8.97849063E-002
    825.60854   7.70202561E-002
    824.27476   6.71343108E-002
    822.94098   5.93161036E-002
    821.60720   5.30205403E-002
    820.27342   4.78718963E-002
    818.93965   4.36049797E-002
    817.60587   4.00285132E-002
    816.27209   3.70018158E-002
    814.93831   3.44196086E-002
    813.60453   3.22018934E-002
    812.27076   3.02870741E-002
    810.93698   2.86271915E-002
    809.60320   2.71845703E-002
    808.26942   2.59294234E-002
    806.93565   2.48381221E-002
    805.60187   2.38919373E-002
    804.26809   2.30761211E-002
    802.93431   2.23792419E-002
    801.60053   2.17927138E-002
    800.26676   2.13104825E-002
    798.93298   2.09288432E-002
    797.59920   2.06463820E-002
    796.26542   2.04640395E-002
    794.93164   2.03853115E-002
    793.59787   2.04166119E-002
    792.26409   2.05678475E-002
    790.93031   2.08532794E-002
    789.59653   2.12927899E-002
    788.26275   2.19137443E-002
    786.92898   2.27537445E-002
    785.59520   2.38647610E-002
    784.26142   2.53194392E-002
    782.92764   2.72209212E-002
    781.59386   2.97184847E-002
    780.26009   3.30329947E-002
    778.92631   3.74991491E-002
    777.59253   4.36363842E-002
    776.25875   5.22665675E-002
    774.92497   6.46951982E-002
    773.59120   8.29123937E-002
    772.25742   1.09426836E-001
    770.92364   1.45085888E-001
    769.58986   1.81668094E-001
    768.25609   1.96497254E-001
    766.92231   1.77581002E-001
    765.58853   1.44366169E-001
    764.25475   1.16752464E-001
    762.92097   9.99867620E-002
    761.58720   9.31871449E-002
    760.25342   9.52911327E-002
    758.91964   1.06601023E-001
    757.58586   1.28644325E-001
    756.25208   1.61904477E-001
    754.91831   1.98318430E-001
    753.58453   2.14916484E-001
    752.25075   1.98148032E-001
    750.91697   1.67624266E-001
    749.58319   1.44953358E-001
    748.24942   1.34257602E-001
    746.91564   1.26959106E-001
    745.58186   1.11968024E-001
    744.24808   9.04032464E-002
    742.91430   7.04021233E-002
    741.58053   5.53189277E-002
    740.24675   4.46333495E-002
    738.91297   3.70658889E-002
    737.57919   3.15944363E-002
    736.24542   2.75373819E-002
    734.91164   2.44569753E-002
    733.57786   2.20705145E-002
    732.24408   2.01919058E-002
    730.91030   1.86960167E-002
    729.57653   1.74972081E-002
    728.24275   1.65363377E-002
    726.90897   1.57728779E-002
    725.57519   1.51802605E-002
    724.24141   1.47434568E-002
    722.90764   1.44583897E-002
    721.57386   1.43332484E-002
    720.24008   1.43922649E-002
    718.90630   1.46829560E-002
    717.57252   1.52874003E-002
    716.23875   1.63322068E-002
    714.90497   1.79617802E-002
    713.57119   2.01437553E-002
    712.23741   2.21476209E-002
    710.90363   2.25357865E-002
    709.56986   2.10860241E-002
    708.23608   1.91959946E-002
    706.90230   1.78306344E-002
    705.56852   1.71477504E-002
    704.23474   1.70503569E-002
    702.90097   1.74517865E-002
    701.56719   1.83301624E-002
    700.23341   1.97332534E-002
    698.89963   2.17860796E-002
    697.56586   2.47154925E-002
    696.23208   2.89008406E-002
    694.89830   3.49620702E-002
    693.56452   4.38870121E-002
    692.23074   5.71127570E-002
    690.89697   7.60676176E-002
    689.56319   9.95393924E-002
    688.22941   1.17893743E-001
    686.89563   1.16348214E-001
    685.56185   9.65919530E-002
    684.22808   7.38422934E-002
    682.89430   5.61948523E-002
    681.56052   4.41569048E-002
    680.22674   3.62242937E-002
    678.89296   3.10355898E-002
    677.55919   2.76833430E-002
    676.22541   2.56122492E-002
    674.89163   2.44978888E-002
    673.55785   2.41672946E-002
    672.22407   2.45563859E-002
    670.89030   2.56943736E-002
    669.55652   2.77107076E-002
    668.22274   3.08665065E-002
    666.88896   3.56179412E-002
    665.55519   4.27171495E-002
    664.22141   5.33100082E-002
    662.88763   6.87451167E-002
    661.55385   8.89894638E-002
    660.22007   1.08050407E-001
    658.88630   1.12870288E-001
    657.55252   9.99387279E-002
    656.21874   8.15058156E-002
    654.88496   6.70084043E-002
    653.55118   5.82301053E-002
    652.21741   5.43226946E-002
    650.88363   5.44765156E-002
    649.54985   5.85200505E-002
    648.21607   6.69313684E-002
    646.88229   8.04495733E-002
    645.54852   9.83566776E-002
    644.21474   1.14934713E-001
    642.88096   1.21922262E-001
    641.54718   1.21947068E-001
    640.21340   1.25979917E-001
    638.87963   1.39826320E-001
    637.54585   1.60659289E-001
    636.21207   1.78282401E-001
    634.87829   1.89243389E-001
    633.54451   2.06476155E-001
    632.21074   2.42250695E-001
    630.87696   2.92668533E-001
    629.54318   3.26447325E-001
    628.20940   3.05817263E-001
    626.87563   2.43948363E-001
    625.54185   1.80572992E-001
    624.20807   1.32623910E-001
    622.87429   9.95245289E-002
    621.54051   7.69278219E-002
    620.20674   6.12288172E-002
    618.87296   5.00375339E-002
    617.53918   4.18469307E-002
    616.20540   3.57059185E-002
    614.87162   3.10032148E-002
    613.53785   2.73365430E-002
    612.20407   2.44346963E-002
    610.87029   2.21106587E-002
    609.53651   2.02328793E-002
    608.20273   1.87072944E-002
    606.86896   1.74658478E-002
    605.53518   1.64590366E-002
    604.20140   1.56510248E-002
    602.86762   1.50164551E-002
    601.53384   1.45384443E-002
    600.20007   1.42074711E-002
    598.86629   1.40210283E-002
    597.53251   1.39840486E-002
    596.19873   1.41102663E-002
    594.86495   1.44248938E-002
    593.53118   1.49693319E-002
    592.19740   1.58092118E-002
    590.86362   1.70479961E-002
    589.52984   1.88495639E-002
    588.19607   2.14730594E-002
    586.86229   2.53125251E-002
    585.52851   3.08721767E-002
    584.19473   3.83820302E-002
    582.86095   4.64849394E-002
    581.52718   5.13327872E-002
    580.19340   5.11738564E-002
    578.85962   5.00473452E-002
    577.52584   5.22947753E-002
    576.19206   5.98232741E-002
    574.85829   7.25870226E-002
    573.52451   8.62717314E-002
    572.19073   9.05730437E-002
    570.85695   8.07947531E-002
    569.52317   6.56775220E-002
    568.18940   5.34637455E-002
    566.85562   4.61709348E-002
    565.52184   4.34058489E-002
    564.18806   4.48062839E-002
    562.85428   5.05896447E-002
    561.52051   6.11072566E-002
    560.18673   7.46744766E-002
    558.85295   8.37625463E-002
    557.51917   7.92781030E-002
    556.18540   6.44535020E-002
    554.85162   4.90889105E-002
    553.51784   3.74234025E-002
    552.18406   2.93657141E-002
    550.85028   2.38744513E-002
    549.51651   2.00796500E-002
    548.18273   1.74052775E-002
    546.84895   1.54907319E-002
    545.51517   1.41125430E-002
    544.18139   1.31332079E-002
    542.84762   1.24715243E-002
    541.51384   1.20871499E-002
    540.18006   1.19749794E-002
    538.84628   1.21670089E-002
    537.51250   1.27376957E-002
    536.17873   1.37926447E-002
    534.84495   1.53589623E-002
    533.51117   1.70206957E-002
    532.17739   1.76623130E-002
    530.84361   1.67058980E-002
    529.50984   1.50996960E-002
    528.17606   1.37969761E-002
    526.84228   1.30333610E-002
    525.50850   1.27397175E-002
    524.17472   1.28218019E-002
    522.84095   1.32264576E-002
    521.50717   1.39444976E-002
    520.17339   1.50069310E-002
    518.83961   1.64873355E-002
    517.50584   1.85136627E-002
    516.17206   2.12930978E-002
    514.83828   2.51565169E-002
    513.50450   3.06311904E-002
    512.17072   3.85389364E-002
    510.83695   5.00345507E-002
    509.50317   6.61692571E-002
    508.16939   8.60196370E-002
    506.83561   1.04459992E-001
    505.50183   1.15707502E-001
    504.16806   1.15716415E-001
    502.83428   1.01533073E-001
    501.50050   8.02926934E-002
    500.16672   6.15931769E-002
    498.83294   4.83376351E-002
    497.49917   3.96917105E-002
    496.16539   3.43092880E-002
    494.83161   3.12106874E-002
    493.49783   2.98138306E-002
    492.16405   2.98329511E-002
    490.83028   3.12077012E-002
    489.49650   3.40828403E-002
    488.16272   3.88396941E-002
    486.82894   4.61880908E-002
    485.49517   5.73335825E-002
    484.16139   7.41975352E-002
    482.82761   9.94101304E-002
    481.49383   1.34734921E-001
    480.16005   1.74484617E-001
    478.82628   1.96587051E-001
    477.49250   1.80840725E-001
    476.15872   1.41844701E-001
    474.82494   1.04215764E-001
    473.49116   7.64492285E-002
    472.15739   5.74925025E-002
    470.82361   4.46359542E-002
    469.48983   3.57582435E-002
    468.15605   2.94757713E-002
    466.82227   2.49214772E-002
    465.48850   2.15502007E-002
    464.15472   1.90130797E-002
    462.82094   1.70821644E-002
    461.48716   1.56057015E-002
    460.15338   1.44813969E-002
    458.81961   1.36402388E-002
    457.48583   1.30366674E-002
    456.15205   1.26427242E-002
    454.81827   1.24448832E-002
    453.48449   1.24429283E-002
    452.15072   1.26507153E-002
    450.81694   1.30990913E-002
    449.48316   1.38417937E-002
    448.14938   1.49659730E-002
    446.81561   1.66103627E-002
    445.48183   1.89963219E-002
    444.14805   2.24797633E-002
    442.81427   2.76312500E-002
    441.48049   3.53240389E-002
    440.14672   4.66546591E-002
    438.81294   6.19538930E-002
    437.47916   7.74618275E-002
    436.14538   8.30046524E-002
    434.81160   7.33254741E-002
    433.47783   5.70705755E-002
    432.14405   4.28730583E-002
    430.81027   3.27789562E-002
    429.47649   2.60143610E-002
    428.14271   2.15199912E-002
    426.80894   1.85313025E-002
    425.47516   1.65698103E-002
    424.14138   1.53543087E-002
    422.80760   1.47353888E-002
    421.47382   1.46593771E-002
    420.14005   1.51486187E-002
    418.80627   1.62629284E-002
    417.47249   1.79414766E-002
    416.13871   1.96478398E-002
    414.80493   2.05143746E-002
    413.47116   2.06805199E-002
    412.13738   2.12624969E-002
    410.80360   2.30889004E-002
    409.46982   2.66763316E-002
    408.13605   3.26269956E-002
    406.80227   4.15912885E-002
    405.46849   5.31437171E-002
    404.13471   6.30296068E-002
    402.80093   6.40327213E-002
    401.46716   5.62547983E-002
    400.13338   4.71580257E-002
    398.79960   4.13355573E-002
    397.46582   3.96962336E-002
    396.13204   4.22746183E-002
    394.79827   4.92117570E-002
    393.46449   5.97570644E-002
    392.13071   6.91824753E-002
    390.79693   6.90323921E-002
    389.46315   5.83484770E-002
    388.12938   4.51143238E-002
    386.79560   3.44877379E-002
    385.46182   2.70780441E-002
    384.12804   2.20835027E-002
    382.79426   1.87081401E-002
    381.46049   1.64048639E-002
    380.12671   1.48288343E-002
    378.79293   1.37666917E-002
    377.45915   1.30869067E-002
    376.12538   1.27096769E-002
    374.79160   1.25895902E-002
    373.45782   1.27061504E-002
    372.12404   1.30593582E-002
    370.79026   1.36690111E-002
    369.45649   1.45774296E-002
    368.12271   1.58562544E-002
    366.78893   1.76191077E-002
    365.45515   2.00436454E-002
    364.12137   2.34093223E-002
    362.78760   2.81611667E-002
    361.45382   3.50120842E-002
    360.12004   4.50772860E-002
    358.78626   5.99026403E-002
    357.45248   8.06875330E-002
    356.11871   1.04758137E-001
    354.78493   1.19969381E-001
    353.45115   1.13319698E-001
    352.11737   9.16881159E-002
    350.78359   7.00700530E-002
    349.44982   5.43436286E-002
    348.11604   4.42212183E-002
    346.78226   3.82284394E-002
    345.44848   3.52570533E-002
    344.11470   3.47420278E-002
    342.78093   3.65952116E-002
    341.44715   4.11528276E-002
    340.11337   4.90426584E-002
    338.77959   6.04287690E-002
    337.44582   7.26447021E-002
    336.11204   7.87603719E-002
    334.77826   7.57972080E-002
    333.44448   7.05781255E-002
    332.11070   7.00015693E-002
    330.77693   7.69451362E-002
    329.44315   9.25659014E-002
    328.10937   1.15504787E-001
    326.77559   1.35853018E-001
    325.44181   1.35836019E-001
    324.10804   1.13513834E-001
    322.77426   8.57389106E-002
    321.44048   6.33684653E-002
    320.10670   4.76827288E-002
    318.77292   3.69948668E-002
    317.43915   2.96289195E-002
    316.10537   2.44296610E-002
    314.77159   2.06638175E-002
    313.43781   1.78705565E-002
    312.10403   1.57561383E-002
    310.77026   1.41292247E-002
    309.43648   1.28623597E-002
    308.10270   1.18689735E-002
    306.76892   1.10894723E-002
    305.43515   1.04827211E-002
    304.10137   1.00208310E-002
    302.76759   9.68608869E-003
    301.43381   9.46942315E-003
    300.10003   9.37018340E-003
    298.76626   9.39733042E-003
    297.43248   9.57252227E-003
    296.09870   9.93606708E-003
    294.76492   1.05572090E-002
    293.43114   1.15494570E-002
    292.09737   1.30831758E-002
    290.76359   1.53455339E-002
    289.42981   1.82678396E-002
    288.09603   2.08291618E-002
    286.76225   2.11431019E-002
    285.42848   1.90412001E-002
    284.09470   1.63741410E-002
    282.76092   1.43295772E-002
    281.42714   1.30591733E-002
    280.09336   1.23968615E-002
    278.75959   1.21814513E-002
    277.42581   1.23133102E-002
    276.09203   1.27462740E-002
    274.75825   1.34753473E-002
    273.42447   1.45311821E-002
    272.09070   1.59822781E-002
    270.75692   1.79456360E-002
    269.42314   2.06086935E-002
    268.08936   2.42685953E-002
    266.75559   2.93986947E-002
    265.42181   3.67517844E-002
    264.08803   4.74779360E-002
    262.75425   6.30667682E-002
    261.42047   8.44097924E-002
    260.08670   1.08822227E-001
    258.75292   1.26029321E-001
    257.41914   1.22774474E-001
    256.08536   1.01926831E-001
    254.75158   7.88883174E-002
    253.41781   6.17775304E-002
    252.08403   5.12125074E-002
    250.75025   4.59344146E-002
    249.41647   4.48401636E-002
    248.08269   4.66207511E-002
    246.74892   4.82774294E-002
    245.41514   4.60096687E-002
    244.08136   4.02583720E-002
    242.74758   3.45057744E-002
    241.41380   3.04928109E-002
    240.08003   2.82896938E-002
    238.74625   2.75905248E-002
    237.41247   2.82019962E-002
    236.07869   3.01367067E-002
    234.74491   3.36404515E-002
    233.41114   3.92422882E-002
    232.07736   4.77958110E-002
    230.74358   6.02370308E-002
    229.40980   7.61022030E-002
    228.07603   8.99557578E-002
    226.74225   9.24265791E-002
    225.40847   8.35477071E-002
    224.07469   7.30131574E-002
    222.74091   6.68230169E-002
    221.40714   6.61130381E-002
    220.07336   7.08743962E-002
    218.73958   8.16802241E-002
    217.40580   1.00226940E-001
    216.07202   1.29467437E-001
    214.73825   1.72490355E-001
    213.40447   2.26465021E-001
    212.07069   2.69469263E-001
    210.73691   2.68107528E-001
    209.40313   2.26776848E-001
    208.06936   1.80774241E-001
    206.73558   1.49517882E-001
    205.40180   1.35676149E-001
    204.06802   1.37228812E-001
    202.73424   1.49166463E-001
    201.40047   1.57982797E-001
    200.06669   1.47091663E-001
    198.73291   1.19708674E-001
    197.39913   9.16053657E-002
    196.06536   7.00907601E-002
    194.73158   5.50603092E-002
    193.39780   4.46944669E-002
    192.06402   3.74512957E-002
    190.73024   3.23005518E-002
    189.39647   2.85916170E-002
    188.06269   2.59169484E-002
    186.72891   2.40213861E-002
    185.39513   2.27480320E-002
    184.06135   2.20075774E-002
    182.72758   2.17624734E-002
    181.39380   2.20214657E-002
    180.06002   2.28430575E-002
    178.72624   2.43490786E-002
    177.39246   2.67525277E-002
    176.05869   3.04078314E-002
    174.72491   3.58958387E-002
    173.39113   4.41510749E-002
    172.05735   5.65761141E-002
    170.72357   7.47679002E-002
    169.38980   9.84470518E-002
    168.05602   1.19782093E-001
    166.72224   1.22908890E-001
    165.38846   1.04761275E-001
    164.05468   8.04156028E-002
    162.72091   6.05216941E-002
    161.38713   4.66678577E-002
    160.05335   3.74191307E-002
    158.71957   3.12614526E-002
    157.38580   2.71465613E-002
    156.05202   2.44181020E-002
    154.71824   2.26773314E-002
    153.38446   2.16879394E-002
    152.05068   2.13194942E-002
    150.71691   2.15171322E-002
    149.38313   2.22888173E-002
    148.04935   2.37062476E-002
    146.71557   2.59196088E-002
    145.38179   2.91905600E-002
    144.04802   3.39528381E-002
    142.71424   4.09141416E-002
    141.38046   5.12024306E-002
    140.04668   6.64629349E-002
    138.71290   8.83551996E-002
    137.37913   1.15611136E-001
    136.04535   1.37478707E-001
    134.71157   1.37185734E-001
    133.37779   1.16504071E-001
    132.04401   9.29611059E-002
    130.71024   7.62513142E-002
    129.37646   6.73845757E-002
    128.04268   6.44899290E-002
    126.70890   6.39742161E-002
    125.37513   6.13855705E-002
    124.04135   5.63149261E-002
    122.70757   5.21608035E-002
    121.37379   5.11423752E-002
    120.04001   5.39815281E-002
    118.70624   6.13439397E-002
    117.37246   7.44661040E-002
    116.03868   9.47451463E-002
    114.70490   1.20823761E-001
    113.37112   1.41981892E-001
    112.03735   1.41141196E-001
    110.70357   1.19431782E-001
    109.36979   9.42321742E-002
    108.03601   7.52500278E-002
    106.70223   6.33839544E-002
    105.36846   5.71982948E-002
    104.03468   5.55545013E-002
    102.70090   5.80972965E-002
    101.36712   6.52637807E-002
    100.03334   7.81212286E-002
     98.69957   9.73597125E-002
     97.36579   1.19824535E-001
     96.03201   1.35272053E-001
     94.69823   1.36451518E-001
     93.36445   1.27671301E-001
     92.03068   1.11941771E-001
     90.69690   9.26704585E-002
     89.36312   7.62379393E-002
     88.02934   6.53984433E-002
     86.69557   5.97982972E-002
     85.36179   5.86248215E-002
     84.02801   6.15993194E-002
     82.69423   6.91463750E-002
     81.36045   8.22159806E-002
     80.02668   1.01121134E-001
     78.69290   1.21992260E-001
     77.35912   1.34983243E-001
     76.02534   1.36947408E-001
     74.69156   1.39293429E-001
     73.35779   1.52365291E-001
     72.02401   1.75752129E-001
     70.69023   1.94384939E-001
     69.35645   1.87807518E-001
     68.02267   1.60342616E-001
     66.68890   1.32836193E-001
     65.35512   1.15743402E-001
     64.02134   1.10276773E-001
     62.68756   1.15429861E-001
     61.35378   1.28869766E-001
     60.02001   1.44134514E-001
     58.68623   1.54447415E-001
     57.35245   1.65024602E-001
     56.01867   1.87250458E-001
     54.68489   2.22918322E-001
     53.35112   2.53515963E-001
     52.01734   2.47241679E-001
     50.68356   2.03680802E-001
     49.34978   1.53200261E-001
     48.01601   1.13422043E-001
     46.68223   8.57836627E-002
     45.34845   6.71550763E-002
     44.01467   5.46434413E-002
     42.68089   4.63211391E-002
     41.34712   4.09040726E-002
     40.01334   3.71459018E-002
     38.67956   3.35520604E-002
     37.34578   2.94909396E-002
     36.01200   2.56414111E-002
     34.67823   2.25671597E-002
     33.34445   2.02991875E-002
     32.01067   1.86943913E-002
     30.67689   1.76291275E-002
     29.34311   1.70379186E-002
     28.00934   1.69141091E-002
     26.67556   1.73127257E-002
     25.34178   1.83662544E-002
     24.00800   2.03187222E-002
     22.67422   2.35792317E-002
     21.34045   2.87625163E-002
     20.00667   3.65205503E-002
     18.67289   4.64828250E-002
     17.33911   5.47050511E-002
     16.00534   5.44256573E-002
     14.67156   4.55748065E-002
     13.33778   3.48874438E-002
     12.00400   2.63562504E-002
     10.67022   2.03667274E-002
      9.33645   1.62557527E-002
      8.00267   1.33886506E-002
      6.66889   1.13317876E-002
      5.33511   9.81066819E-003
      4.00133   8.65285520E-003
      2.66756   7.74830692E-003
      1.33378   7.02511851E-003
      0.00000   6.43508689E-003
