   4000.00000   3.89747642E-003
   3998.66622   3.91585158E-003
   3997.33244   3.93437624E-003
   3995.99867   3.95305217E-003
   3994.66489   3.97188121E-003
   3993.33111   3.99086520E-003
   3991.99733   4.01000602E-003
   3990.66355   4.02930558E-003
   3989.32978   4.04876582E-003
   3987.99600   4.06838871E-003
   3986.66222   4.08817625E-003
   3985.32844   4.10813049E-003
   3983.99466   4.12825349E-003
   3982.66089   4.14854735E-003
   3981.32711   4.16901422E-003
   3979.99333   4.18965627E-003
   3978.65955   4.21047571E-003
   3977.32578   4.23147480E-003
   3975.99200   4.25265581E-003
   3974.65822   4.27402107E-003
   3973.32444   4.29557296E-003
   3971.99066   4.31731386E-003
   3970.65689   4.33924623E-003
   3969.32311   4.36137256E-003
   3967.98933   4.38369538E-003
   3966.65555   4.40621726E-003
   3965.32177   4.42894083E-003
   3963.98800   4.45186874E-003
   3962.65422   4.47500372E-003
   3961.32044   4.49834852E-003
   3959.98666   4.52190596E-003
   3958.65288   4.54567889E-003
   3957.31911   4.56967022E-003
   3955.98533   4.59388292E-003
   3954.65155   4.61832000E-003
   3953.31777   4.64298454E-003
   3951.98399   4.66787966E-003
   3950.65022   4.69300854E-003
   3949.31644   4.71837444E-003
   3947.98266   4.74398064E-003
   3946.64888   4.76983051E-003
   3945.31511   4.79592748E-003
   3943.98133   4.82227505E-003
   3942.64755   4.84887675E-003
   3941.31377   4.87573622E-003
   3939.97999   4.90285714E-003
   3938.64622   4.93024328E-003
   3937.31244   4.95789847E-003
   3935.97866   4.98582661E-003
   3934.64488   5.01403169E-003
   3933.31110   5.04251776E-003
   3931.97733   5.07128895E-003
   3930.64355   5.10034950E-003
   3929.30977   5.12970369E-003
   3927.97599   5.15935592E-003
   3926.64221   5.18931064E-003
   3925.30844   5.21957244E-003
   3923.97466   5.25014595E-003
   3922.64088   5.28103592E-003
   3921.30710   5.31224719E-003
   3919.97332   5.34378470E-003
   3918.63955   5.37565350E-003
   3917.30577   5.40785871E-003
   3915.97199   5.44040560E-003
   3914.63821   5.47329952E-003
   3913.30443   5.50654593E-003
   3911.97066   5.54015042E-003
   3910.63688   5.57411869E-003
   3909.30310   5.60845655E-003
   3907.96932   5.64316995E-003
   3906.63555   5.67826496E-003
   3905.30177   5.71374776E-003
   3903.96799   5.74962471E-003
   3902.63421   5.78590225E-003
   3901.30043   5.82258701E-003
   3899.96666   5.85968573E-003
   3898.63288   5.89720531E-003
   3897.29910   5.93515281E-003
   3895.96532   5.97353543E-003
   3894.63154   6.01236055E-003
   3893.29777   6.05163569E-003
   3891.96399   6.09136856E-003
   3890.63021   6.13156703E-003
   3889.29643   6.17223917E-003
   3887.96265   6.21339320E-003
   3886.62888   6.25503757E-003
   3885.29510   6.29718089E-003
   3883.96132   6.33983199E-003
   3882.62754   6.38299990E-003
   3881.29376   6.42669386E-003
   3879.95999   6.47092332E-003
   3878.62621   6.51569798E-003
   3877.29243   6.56102774E-003
   3875.95865   6.60692276E-003
   3874.62487   6.65339344E-003
   3873.29110   6.70045042E-003
   3871.95732   6.74810462E-003
   3870.62354   6.79636720E-003
   3869.28976   6.84524962E-003
   3867.95599   6.89476361E-003
   3866.62221   6.94492120E-003
   3865.28843   6.99573472E-003
   3863.95465   7.04721681E-003
   3862.62087   7.09938043E-003
   3861.28710   7.15223887E-003
   3859.95332   7.20580576E-003
   3858.61954   7.26009508E-003
   3857.28576   7.31512118E-003
   3855.95198   7.37089878E-003
   3854.61821   7.42744299E-003
   3853.28443   7.48476931E-003
   3851.95065   7.54289366E-003
   3850.61687   7.60183238E-003
   3849.28309   7.66160226E-003
   3847.94932   7.72222054E-003
   3846.61554   7.78370492E-003
   3845.28176   7.84607359E-003
   3843.94798   7.90934525E-003
   3842.61420   7.97353912E-003
   3841.28043   8.03867493E-003
   3839.94665   8.10477299E-003
   3838.61287   8.17185418E-003
   3837.27909   8.23993998E-003
   3835.94532   8.30905245E-003
   3834.61154   8.37921434E-003
   3833.27776   8.45044902E-003
   3831.94398   8.52278056E-003
   3830.61020   8.59623371E-003
   3829.27643   8.67083400E-003
   3827.94265   8.74660769E-003
   3826.60887   8.82358181E-003
   3825.27509   8.90178425E-003
   3823.94131   8.98124371E-003
   3822.60754   9.06198979E-003
   3821.27376   9.14405300E-003
   3819.93998   9.22746477E-003
   3818.60620   9.31225755E-003
   3817.27242   9.39846478E-003
   3815.93865   9.48612098E-003
   3814.60487   9.57526176E-003
   3813.27109   9.66592388E-003
   3811.93731   9.75814528E-003
   3810.60353   9.85196513E-003
   3809.26976   9.94742392E-003
   3807.93598   1.00445635E-002
   3806.60220   1.01434269E-002
   3805.26842   1.02440590E-002
   3803.93464   1.03465057E-002
   3802.60087   1.04508150E-002
   3801.26709   1.05570361E-002
   3799.93331   1.06652201E-002
   3798.59953   1.07754199E-002
   3797.26576   1.08876901E-002
   3795.93198   1.10020875E-002
   3794.59820   1.11186707E-002
   3793.26442   1.12375004E-002
   3791.93064   1.13586397E-002
   3790.59687   1.14821539E-002
   3789.26309   1.16081105E-002
   3787.92931   1.17365799E-002
   3786.59553   1.18676348E-002
   3785.26175   1.20013508E-002
   3783.92798   1.21378064E-002
   3782.59420   1.22770830E-002
   3781.26042   1.24192652E-002
   3779.92664   1.25644410E-002
   3778.59286   1.27127017E-002
   3777.25909   1.28641424E-002
   3775.92531   1.30188618E-002
   3774.59153   1.31769628E-002
   3773.25775   1.33385524E-002
   3771.92397   1.35037419E-002
   3770.59020   1.36726474E-002
   3769.25642   1.38453898E-002
   3767.92264   1.40220951E-002
   3766.58886   1.42028946E-002
   3765.25509   1.43879254E-002
   3763.92131   1.45773305E-002
   3762.58753   1.47712592E-002
   3761.25375   1.49698674E-002
   3759.91997   1.51733179E-002
   3758.58620   1.53817809E-002
   3757.25242   1.55954345E-002
   3755.91864   1.58144649E-002
   3754.58486   1.60390669E-002
   3753.25108   1.62694446E-002
   3751.91731   1.65058117E-002
   3750.58353   1.67483923E-002
   3749.24975   1.69974212E-002
   3747.91597   1.72531449E-002
   3746.58219   1.75158219E-002
   3745.24842   1.77857239E-002
   3743.91464   1.80631362E-002
   3742.58086   1.83483587E-002
   3741.24708   1.86417069E-002
   3739.91330   1.89435129E-002
   3738.57953   1.92541264E-002
   3737.24575   1.95739155E-002
   3735.91197   1.99032688E-002
   3734.57819   2.02425957E-002
   3733.24441   2.05923288E-002
   3731.91064   2.09529247E-002
   3730.57686   2.13248661E-002
   3729.24308   2.17086635E-002
   3727.90930   2.21048570E-002
   3726.57553   2.25140190E-002
   3725.24175   2.29367557E-002
   3723.90797   2.33737104E-002
   3722.57419   2.38255656E-002
   3721.24041   2.42930465E-002
   3719.90664   2.47769240E-002
   3718.57286   2.52780182E-002
   3717.23908   2.57972024E-002
   3715.90530   2.63354074E-002
   3714.57152   2.68936260E-002
   3713.23775   2.74729181E-002
   3711.90397   2.80744166E-002
   3710.57019   2.86993332E-002
   3709.23641   2.93489651E-002
   3707.90263   3.00247031E-002
   3706.56886   3.07280392E-002
   3705.23508   3.14605759E-002
   3703.90130   3.22240366E-002
   3702.56752   3.30202763E-002
   3701.23374   3.38512946E-002
   3699.89997   3.47192492E-002
   3698.56619   3.56264715E-002
   3697.23241   3.65754836E-002
   3695.89863   3.75690182E-002
   3694.56485   3.86100394E-002
   3693.23108   3.97017678E-002
   3691.89730   4.08477075E-002
   3690.56352   4.20516768E-002
   3689.22974   4.33178433E-002
   3687.89597   4.46507636E-002
   3686.56219   4.60554275E-002
   3685.22841   4.75373100E-002
   3683.89463   4.91024286E-002
   3682.56085   5.07574108E-002
   3681.22708   5.25095702E-002
   3679.89330   5.43669944E-002
   3678.55952   5.63386470E-002
   3677.22574   5.84344850E-002
   3675.89196   6.06655953E-002
   3674.55819   6.30443539E-002
   3673.22441   6.55846120E-002
   3671.89063   6.83019144E-002
   3670.55685   7.12137569E-002
   3669.22307   7.43398904E-002
   3667.88930   7.77026832E-002
   3666.55552   8.13275516E-002
   3665.22174   8.52434779E-002
   3663.88796   8.94836336E-002
   3662.55418   9.40861338E-002
   3661.22041   9.90949567E-002
   3659.88663   1.04561069E-001
   3658.55285   1.10543814E-001
   3657.21907   1.17112629E-001
   3655.88530   1.24349199E-001
   3654.55152   1.32350154E-001
   3653.21774   1.41230499E-001
   3651.88396   1.51127994E-001
   3650.55018   1.62208803E-001
   3649.21641   1.74674851E-001
   3647.88263   1.88773499E-001
   3646.54885   2.04810411E-001
   3645.21507   2.23166863E-001
   3643.88129   2.44323333E-001
   3642.54752   2.68892073E-001
   3641.21374   2.97662780E-001
   3639.87996   3.31667631E-001
   3638.54618   3.72275523E-001
   3637.21240   4.21331176E-001
   3635.87863   4.81364623E-001
   3634.54485   5.55913466E-001
   3633.21107   6.50029868E-001
   3631.87729   7.71096510E-001
   3630.54351   9.30168584E-001
   3629.20974   1.14421888E+000
   3627.87596   1.43991024E+000
   3626.54218   1.85975051E+000
   3625.20840   2.47087220E+000
   3623.87462   3.37104443E+000
   3622.54085   4.65977649E+000
   3621.20707   6.26579172E+000
   3619.87329   7.55365714E+000
   3618.53951   7.50400225E+000
   3617.20574   6.18374613E+000
   3615.87196   4.63046254E+000
   3614.53818   3.42056206E+000
   3613.20440   2.59946511E+000
   3611.87062   2.06710474E+000
   3610.53685   1.73210053E+000
   3609.20307   1.53552482E+000
   3607.86929   1.44512094E+000
   3606.53551   1.44849869E+000
   3605.20173   1.55023159E+000
   3603.86796   1.77296993E+000
   3602.53418   2.16095935E+000
   3601.20040   2.77689281E+000
   3599.86662   3.65312581E+000
   3598.53284   4.60829115E+000
   3597.19907   5.04995263E+000
   3595.86529   4.54074429E+000
   3594.53151   3.52632117E+000
   3593.19773   2.59174404E+000
   3591.86395   1.91004507E+000
   3590.53018   1.44365092E+000
   3589.19640   1.12476845E+000
   3587.86262   9.02097166E-001
   3586.52884   7.42400595E-001
   3585.19507   6.24817995E-001
   3583.86129   5.36162822E-001
   3582.52751   4.67926936E-001
   3581.19373   4.14484932E-001
   3579.85995   3.72024974E-001
   3578.52618   3.37903953E-001
   3577.19240   3.10250657E-001
   3575.85862   2.87716053E-001
   3574.52484   2.69312613E-001
   3573.19106   2.54308764E-001
   3571.85729   2.42158243E-001
   3570.52351   2.32452062E-001
   3569.18973   2.24885463E-001
   3567.85595   2.19235069E-001
   3566.52217   2.15343148E-001
   3565.18840   2.13107028E-001
   3563.85462   2.12472408E-001
   3562.52084   2.13429797E-001
   3561.18706   2.16013684E-001
   3559.85328   2.20304310E-001
   3558.51951   2.26432197E-001
   3557.18573   2.34585869E-001
   3555.85195   2.45023544E-001
   3554.51817   2.58090043E-001
   3553.18439   2.74240859E-001
   3551.85062   2.94076315E-001
   3550.51684   3.18390344E-001
   3549.18306   3.48240889E-001
   3547.84928   3.85053009E-001
   3546.51551   4.30772465E-001
   3545.18173   4.88098957E-001
   3543.84795   5.60847812E-001
   3542.51417   6.54523434E-001
   3541.18039   7.77249059E-001
   3539.84662   9.41305535E-001
   3538.51284   1.16571492E+000
   3537.17906   1.48056787E+000
   3535.84528   1.93392966E+000
   3534.51150   2.60081818E+000
   3533.17773   3.58458883E+000
   3531.84395   4.96245747E+000
   3530.51017   6.54374522E+000
   3529.17639   7.50119564E+000
   3527.84261   6.98451278E+000
   3526.50884   5.48371173E+000
   3525.17506   3.99005401E+000
   3523.84128   2.87724517E+000
   3522.50750   2.11599893E+000
   3521.17372   1.59989797E+000
   3519.83995   1.24361361E+000
   3518.50617   9.91167380E-001
   3517.17239   8.07432576E-001
   3515.83861   6.70312046E-001
   3514.50483   5.65642128E-001
   3513.17106   4.84124496E-001
   3511.83728   4.19502143E-001
   3510.50350   3.67463521E-001
   3509.16972   3.24971308E-001
   3507.83595   2.89842041E-001
   3506.50217   2.60476819E-001
   3505.16839   2.35684965E-001
   3503.83461   2.14566138E-001
   3502.50083   1.96429990E-001
   3501.16706   1.80740410E-001
   3499.83328   1.67076190E-001
   3498.49950   1.55102840E-001
   3497.16572   1.44552116E-001
   3495.83194   1.35206931E-001
   3494.49817   1.26890126E-001
   3493.16439   1.19455994E-001
   3491.83061   1.12783824E-001
   3490.49683   1.06772940E-001
   3489.16305   1.01338843E-001
   3487.82928   9.64101968E-002
   3486.49550   9.19264393E-002
   3485.16172   8.78358920E-002
   3483.82794   8.40942398E-002
   3482.49416   8.06633071E-002
   3481.16039   7.75100646E-002
   3479.82661   7.46058179E-002
   3478.49283   7.19255421E-002
   3477.15905   6.94473319E-002
   3475.82528   6.71519459E-002
   3474.49150   6.50224269E-002
   3473.15772   6.30437831E-002
   3471.82394   6.12027211E-002
   3470.49016   5.94874194E-002
   3469.15639   5.78873372E-002
   3467.82261   5.63930510E-002
   3466.48883   5.49961154E-002
   3465.15505   5.36889438E-002
   3463.82127   5.24647056E-002
   3462.48750   5.13172373E-002
   3461.15372   5.02409666E-002
   3459.81994   4.92308451E-002
   3458.48616   4.82822905E-002
   3457.15238   4.73911366E-002
   3455.81861   4.65535883E-002
   3454.48483   4.57661836E-002
   3453.15105   4.50257585E-002
   3451.81727   4.43294181E-002
   3450.48349   4.36745089E-002
   3449.14972   4.30585962E-002
   3447.81594   4.24794428E-002
   3446.48216   4.19349902E-002
   3445.14838   4.14233429E-002
   3443.81460   4.09427527E-002
   3442.48083   4.04916064E-002
   3441.14705   4.00684134E-002
   3439.81327   3.96717954E-002
   3438.47949   3.93004767E-002
   3437.14572   3.89532760E-002
   3435.81194   3.86290983E-002
   3434.47816   3.83269283E-002
   3433.14438   3.80458238E-002
   3431.81060   3.77849102E-002
   3430.47683   3.75433753E-002
   3429.14305   3.73204647E-002
   3427.80927   3.71154775E-002
   3426.47549   3.69277624E-002
   3425.14171   3.67567142E-002
   3423.80794   3.66017707E-002
   3422.47416   3.64624098E-002
   3421.14038   3.63381466E-002
   3419.80660   3.62285312E-002
   3418.47282   3.61331466E-002
   3417.13905   3.60516064E-002
   3415.80527   3.59835528E-002
   3414.47149   3.59286555E-002
   3413.13771   3.58866098E-002
   3411.80393   3.58571349E-002
   3410.47016   3.58399732E-002
   3409.13638   3.58348886E-002
   3407.80260   3.58416657E-002
   3406.46882   3.58601088E-002
   3405.13505   3.58900409E-002
   3403.80127   3.59313027E-002
   3402.46749   3.59837524E-002
   3401.13371   3.60472645E-002
   3399.79993   3.61217293E-002
   3398.46616   3.62070525E-002
   3397.13238   3.63031546E-002
   3395.79860   3.64099704E-002
   3394.46482   3.65274486E-002
   3393.13104   3.66555518E-002
   3391.79727   3.67942555E-002
   3390.46349   3.69435486E-002
   3389.12971   3.71034324E-002
   3387.79593   3.72739213E-002
   3386.46215   3.74550417E-002
   3385.12838   3.76468327E-002
   3383.79460   3.78493456E-002
   3382.46082   3.80626437E-002
   3381.12704   3.82868029E-002
   3379.79326   3.85219111E-002
   3378.45949   3.87680685E-002
   3377.12571   3.90253878E-002
   3375.79193   3.92939941E-002
   3374.45815   3.95740252E-002
   3373.12437   3.98656317E-002
   3371.79060   4.01689772E-002
   3370.45682   4.04842387E-002
   3369.12304   4.08116067E-002
   3367.78926   4.11512856E-002
   3366.45549   4.15034942E-002
   3365.12171   4.18684656E-002
   3363.78793   4.22464484E-002
   3362.45415   4.26377063E-002
   3361.12037   4.30425194E-002
   3359.78660   4.34611842E-002
   3358.45282   4.38940146E-002
   3357.11904   4.43413421E-002
   3355.78526   4.48035169E-002
   3354.45148   4.52809087E-002
   3353.11771   4.57739070E-002
   3351.78393   4.62829224E-002
   3350.45015   4.68083875E-002
   3349.11637   4.73507580E-002
   3347.78259   4.79105133E-002
   3346.44882   4.84881581E-002
   3345.11504   4.90842236E-002
   3343.78126   4.96992688E-002
   3342.44748   5.03338816E-002
   3341.11370   5.09886810E-002
   3339.77993   5.16643180E-002
   3338.44615   5.23614778E-002
   3337.11237   5.30808818E-002
   3335.77859   5.38232891E-002
   3334.44481   5.45894993E-002
   3333.11104   5.53803543E-002
   3331.77726   5.61967410E-002
   3330.44348   5.70395943E-002
   3329.10970   5.79098996E-002
   3327.77593   5.88086960E-002
   3326.44215   5.97370798E-002
   3325.10837   6.06962080E-002
   3323.77459   6.16873026E-002
   3322.44081   6.27116540E-002
   3321.10704   6.37706265E-002
   3319.77326   6.48656627E-002
   3318.43948   6.59982890E-002
   3317.10570   6.71701212E-002
   3315.77192   6.83828713E-002
   3314.43815   6.96383537E-002
   3313.10437   7.09384929E-002
   3311.77059   7.22853316E-002
   3310.43681   7.36810395E-002
   3309.10303   7.51279225E-002
   3307.76926   7.66284336E-002
   3306.43548   7.81851839E-002
   3305.10170   7.98009553E-002
   3303.76792   8.14787140E-002
   3302.43414   8.32216252E-002
   3301.10037   8.50330700E-002
   3299.76659   8.69166630E-002
   3298.43281   8.88762721E-002
   3297.09903   9.09160407E-002
   3295.76526   9.30404111E-002
   3294.43148   9.52541518E-002
   3293.09770   9.75623865E-002
   3291.76392   9.99706270E-002
   3290.43014   1.02484809E-001
   3289.09637   1.05111333E-001
   3287.76259   1.07857109E-001
   3286.42881   1.10729605E-001
   3285.09503   1.13736907E-001
   3283.76125   1.16887777E-001
   3282.42748   1.20191726E-001
   3281.09370   1.23659093E-001
   3279.75992   1.27301135E-001
   3278.42614   1.31130123E-001
   3277.09236   1.35159465E-001
   3275.75859   1.39403825E-001
   3274.42481   1.43879279E-001
   3273.09103   1.48603478E-001
   3271.75725   1.53595840E-001
   3270.42347   1.58877772E-001
   3269.08970   1.64472924E-001
   3267.75592   1.70407476E-001
   3266.42214   1.76710479E-001
   3265.08836   1.83414247E-001
   3263.75458   1.90554811E-001
   3262.42081   1.98172450E-001
   3261.08703   2.06312323E-001
   3259.75325   2.15025193E-001
   3258.41947   2.24368309E-001
   3257.08570   2.34406428E-001
   3255.75192   2.45213050E-001
   3254.41814   2.56871892E-001
   3253.08436   2.69478663E-001
   3251.75058   2.83143207E-001
   3250.41681   2.97992127E-001
   3249.08303   3.14171972E-001
   3247.74925   3.31853185E-001
   3246.41547   3.51234982E-001
   3245.08169   3.72551450E-001
   3243.74792   3.96079204E-001
   3242.41414   4.22147108E-001
   3241.08036   4.51148675E-001
   3239.74658   4.83558073E-001
   3238.41280   5.19950948E-001
   3237.07903   5.61031816E-001
   3235.74525   6.07670479E-001
   3234.41147   6.60951020E-001
   3233.07769   7.22238584E-001
   3231.74391   7.93271624E-001
   3230.41014   8.76291292E-001
   3229.07636   9.74225820E-001
   3227.74258   1.09095791E+000
   3226.40880   1.23171989E+000
   3225.07503   1.40368947E+000
   3223.74125   1.61690771E+000
   3222.40747   1.88572551E+000
   3221.07369   2.23113571E+000
   3219.73991   2.68461450E+000
   3218.40614   3.29455253E+000
   3217.07236   4.13704427E+000
   3215.73858   5.33334819E+000
   3214.40480   7.07400778E+000
   3213.07102   9.63108212E+000
   3211.73725   1.32559693E+001
   3210.40347   1.76424976E+001
   3209.06969   2.08661679E+001
   3207.73591   2.03171503E+001
   3206.40213   1.66652984E+001
   3205.06836   1.27165492E+001
   3203.73458   9.82146220E+000
   3202.40080   8.04344139E+000
   3201.06702   7.12856387E+000
   3199.73324   6.79277357E+000
   3198.39947   6.70628163E+000
   3197.06569   6.69126892E+000
   3195.73191   6.95116207E+000
   3194.39813   7.76040037E+000
   3193.06435   9.11366356E+000
   3191.73058   1.04117939E+001
   3190.39680   1.06483180E+001
   3189.06302   9.87027753E+000
   3187.72924   9.15423853E+000
   3186.39547   9.01780224E+000
   3185.06169   9.00326572E+000
   3183.72791   8.28792157E+000
   3182.39413   6.93432502E+000
   3181.06035   5.66116203E+000
   3179.72658   4.83418913E+000
   3178.39280   4.46614656E+000
   3177.05902   4.41512549E+000
   3175.72524   4.35997068E+000
   3174.39146   3.96040734E+000
   3173.05769   3.29846293E+000
   3171.72391   2.67115026E+000
   3170.39013   2.19955020E+000
   3169.05635   1.87127451E+000
   3167.72257   1.64728649E+000
   3166.38880   1.49632746E+000
   3165.05502   1.39809556E+000
   3163.72124   1.34039555E+000
   3162.38746   1.31651760E+000
   3161.05368   1.32364902E+000
   3159.71991   1.36214006E+000
   3158.38613   1.43543730E+000
   3157.05235   1.55065005E+000
   3155.71857   1.71989755E+000
   3154.38479   1.96281936E+000
   3153.05102   2.31095932E+000
   3151.71724   2.81508443E+000
   3150.38346   3.55611524E+000
   3149.04968   4.65519853E+000
   3147.71591   6.25260994E+000
   3146.38213   8.34625444E+000
   3145.04835   1.03657635E+001
   3143.71457   1.10794678E+001
   3142.38079   9.90702864E+000
   3141.04702   7.78975608E+000
   3139.71324   5.85320610E+000
   3138.37946   4.45751074E+000
   3137.04568   3.53324884E+000
   3135.71190   2.94248556E+000
   3134.37813   2.58243989E+000
   3133.04435   2.39207027E+000
   3131.71057   2.34251891E+000
   3130.37679   2.43065128E+000
   3129.04301   2.67789583E+000
   3127.70924   3.13126441E+000
   3126.37546   3.85099510E+000
   3125.04168   4.83016892E+000
   3123.70790   5.78268757E+000
   3122.37412   6.15078724E+000
   3121.04035   5.88958388E+000
   3119.70657   5.56093459E+000
   3118.37279   5.35880327E+000
   3117.03901   4.95556402E+000
   3115.70524   4.22621236E+000
   3114.37146   3.48154189E+000
   3113.03768   2.94642878E+000
   3111.70390   2.64744300E+000
   3110.37012   2.55563759E+000
   3109.03635   2.65814165E+000
   3107.70257   2.97384823E+000
   3106.36879   3.54484640E+000
   3105.03501   4.37340326E+000
   3103.70123   5.23188931E+000
   3102.36746   5.56640024E+000
   3101.03368   5.16012724E+000
   3099.69990   4.53663672E+000
   3098.36612   4.18256806E+000
   3097.03234   4.25649061E+000
   3095.69857   4.77408282E+000
   3094.36479   5.60013219E+000
   3093.03101   6.20954453E+000
   3091.69723   5.91973339E+000
   3090.36345   4.87949839E+000
   3089.02968   3.77783386E+000
   3087.69590   2.94033364E+000
   3086.36212   2.36989201E+000
   3085.02834   1.99294739E+000
   3083.69456   1.74658229E+000
   3082.36079   1.58926645E+000
   3081.02701   1.49553182E+000
   3079.69323   1.45035039E+000
   3078.35945   1.44546370E+000
   3077.02568   1.47731163E+000
   3075.69190   1.54604306E+000
   3074.35812   1.65530213E+000
   3073.02434   1.81269925E+000
   3071.69056   2.03107481E+000
   3070.35679   2.33089494E+000
   3069.02301   2.74442850E+000
   3067.68923   3.32268753E+000
   3066.35545   4.14580712E+000
   3065.02167   5.33307692E+000
   3063.68790   7.02656674E+000
   3062.35412   9.25831590E+000
   3061.02034   1.16386604E+001
   3059.68656   1.34843936E+001
   3058.35278   1.47270665E+001
   3057.01901   1.52611491E+001
   3055.68523   1.44376916E+001
   3054.35145   1.28672342E+001
   3053.01767   1.19112555E+001
   3051.68389   1.21988584E+001
   3050.35012   1.35577557E+001
   3049.01634   1.48089794E+001
   3047.68256   1.41558161E+001
   3046.34878   1.15737285E+001
   3045.01501   8.68857058E+000
   3043.68123   6.42096637E+000
   3042.34745   4.82844279E+000
   3041.01367   3.73027326E+000
   3039.67989   2.96085904E+000
   3038.34612   2.40749418E+000
   3037.01234   1.99844752E+000
   3035.67856   1.68825256E+000
   3034.34478   1.44759010E+000
   3033.01100   1.25709183E+000
   3031.67723   1.10363296E+000
   3030.34345   9.78098494E-001
   3029.00967   8.74011972E-001
   3027.67589   7.86674746E-001
   3026.34211   7.12612860E-001
   3025.00834   6.49213512E-001
   3023.67456   5.94480935E-001
   3022.34078   5.46869146E-001
   3021.00700   5.05165239E-001
   3019.67322   4.68406523E-001
   3018.33945   4.35820775E-001
   3017.00567   4.06782519E-001
   3015.67189   3.80780606E-001
   3014.33811   3.57393876E-001
   3013.00433   3.36272677E-001
   3011.67056   3.17124670E-001
   3010.33678   2.99703844E-001
   3009.00300   2.83801907E-001
   3007.66922   2.69241503E-001
   3006.33545   2.55870816E-001
   3005.00167   2.43559242E-001
   3003.66789   2.32193902E-001
   3002.33411   2.21676805E-001
   3001.00033   2.11922537E-001
   2999.66656   2.02856349E-001
   2998.33278   1.94412587E-001
   2996.99900   1.86533383E-001
   2995.66522   1.79167563E-001
   2994.33144   1.72269727E-001
   2992.99767   1.65799479E-001
   2991.66389   1.59720774E-001
   2990.33011   1.54001359E-001
   2988.99633   1.48612299E-001
   2987.66255   1.43527575E-001
   2986.32878   1.38723730E-001
   2984.99500   1.34179574E-001
   2983.66122   1.29875916E-001
   2982.32744   1.25795347E-001
   2980.99366   1.21922038E-001
   2979.65989   1.18241570E-001
   2978.32611   1.14740783E-001
   2976.99233   1.11407649E-001
   2975.65855   1.08231151E-001
   2974.32477   1.05201182E-001
   2972.99100   1.02308459E-001
   2971.65722   9.95444379E-002
   2970.32344   9.69012459E-002
   2968.98966   9.43716177E-002
   2967.65589   9.19488391E-002
   2966.32211   8.96266969E-002
   2964.98833   8.73994346E-002
   2963.65455   8.52617115E-002
   2962.32077   8.32085671E-002
   2960.98700   8.12353885E-002
   2959.65322   7.93378808E-002
   2958.31944   7.75120416E-002
   2956.98566   7.57541360E-002
   2955.65188   7.40606762E-002
   2954.31811   7.24284008E-002
   2952.98433   7.08542580E-002
   2951.65055   6.93353888E-002
   2950.31677   6.78691127E-002
   2948.98299   6.64529140E-002
   2947.64922   6.50844297E-002
   2946.31544   6.37614387E-002
   2944.98166   6.24818507E-002
   2943.64788   6.12436979E-002
   2942.31410   6.00451254E-002
   2940.98033   5.88843843E-002
   2939.64655   5.77598236E-002
   2938.31277   5.66698840E-002
   2936.97899   5.56130917E-002
   2935.64522   5.45880528E-002
   2934.31144   5.35934479E-002
   2932.97766   5.26280273E-002
   2931.64388   5.16906068E-002
   2930.31010   5.07800632E-002
   2928.97633   4.98953308E-002
   2927.64255   4.90353976E-002
   2926.30877   4.81993023E-002
   2924.97499   4.73861310E-002
   2923.64121   4.65950144E-002
   2922.30744   4.58251253E-002
   2920.97366   4.50756760E-002
   2919.63988   4.43459160E-002
   2918.30610   4.36351301E-002
   2916.97232   4.29426360E-002
   2915.63855   4.22677830E-002
   2914.30477   4.16099496E-002
   2912.97099   4.09685424E-002
   2911.63721   4.03429944E-002
   2910.30343   3.97327634E-002
   2908.96966   3.91373312E-002
   2907.63588   3.85562017E-002
   2906.30210   3.79889000E-002
   2904.96832   3.74349714E-002
   2903.63454   3.68939804E-002
   2902.30077   3.63655094E-002
   2900.96699   3.58491582E-002
   2899.63321   3.53445428E-002
   2898.29943   3.48512947E-002
   2896.96566   3.43690603E-002
   2895.63188   3.38975001E-002
   2894.29810   3.34362876E-002
   2892.96432   3.29851095E-002
   2891.63054   3.25436644E-002
   2890.29677   3.21116624E-002
   2888.96299   3.16888247E-002
   2887.62921   3.12748831E-002
   2886.29543   3.08695794E-002
   2884.96165   3.04726647E-002
   2883.62788   3.00838997E-002
   2882.29410   2.97030535E-002
   2880.96032   2.93299036E-002
   2879.62654   2.89642357E-002
   2878.29276   2.86058428E-002
   2876.95899   2.82545254E-002
   2875.62521   2.79100910E-002
   2874.29143   2.75723538E-002
   2872.95765   2.72411344E-002
   2871.62387   2.69162593E-002
   2870.29010   2.65975613E-002
   2868.95632   2.62848785E-002
   2867.62254   2.59780547E-002
   2866.28876   2.56769385E-002
   2864.95498   2.53813840E-002
   2863.62121   2.50912496E-002
   2862.28743   2.48063986E-002
   2860.95365   2.45266985E-002
   2859.61987   2.42520212E-002
   2858.28610   2.39822427E-002
   2856.95232   2.37172428E-002
   2855.61854   2.34569050E-002
   2854.28476   2.32011165E-002
   2852.95098   2.29497682E-002
   2851.61721   2.27027540E-002
   2850.28343   2.24599712E-002
   2848.94965   2.22213202E-002
   2847.61587   2.19867044E-002
   2846.28209   2.17560302E-002
   2844.94832   2.15292064E-002
   2843.61454   2.13061450E-002
   2842.28076   2.10867601E-002
   2840.94698   2.08709686E-002
   2839.61320   2.06586898E-002
   2838.27943   2.04498451E-002
   2836.94565   2.02443583E-002
   2835.61187   2.00421553E-002
   2834.27809   1.98431643E-002
   2832.94431   1.96473151E-002
   2831.61054   1.94545399E-002
   2830.27676   1.92647723E-002
   2828.94298   1.90779482E-002
   2827.60920   1.88940050E-002
   2826.27543   1.87128817E-002
   2824.94165   1.85345192E-002
   2823.60787   1.83588598E-002
   2822.27409   1.81858474E-002
   2820.94031   1.80154273E-002
   2819.60654   1.78475465E-002
   2818.27276   1.76821532E-002
   2816.93898   1.75191968E-002
   2815.60520   1.73586282E-002
   2814.27142   1.72003997E-002
   2812.93765   1.70444645E-002
   2811.60387   1.68907772E-002
   2810.27009   1.67392934E-002
   2808.93631   1.65899700E-002
   2807.60253   1.64427649E-002
   2806.26876   1.62976370E-002
   2804.93498   1.61545463E-002
   2803.60120   1.60134536E-002
   2802.26742   1.58743209E-002
   2800.93364   1.57371110E-002
   2799.59987   1.56017876E-002
   2798.26609   1.54683154E-002
   2796.93231   1.53366596E-002
   2795.59853   1.52067867E-002
   2794.26475   1.50786637E-002
   2792.93098   1.49522583E-002
   2791.59720   1.48275393E-002
   2790.26342   1.47044759E-002
   2788.92964   1.45830382E-002
   2787.59587   1.44631968E-002
   2786.26209   1.43449233E-002
   2784.92831   1.42281895E-002
   2783.59453   1.41129684E-002
   2782.26075   1.39992330E-002
   2780.92698   1.38869574E-002
   2779.59320   1.37761161E-002
   2778.25942   1.36666840E-002
   2776.92564   1.35586369E-002
   2775.59186   1.34519508E-002
   2774.25809   1.33466025E-002
   2772.92431   1.32425691E-002
   2771.59053   1.31398283E-002
   2770.25675   1.30383583E-002
   2768.92297   1.29381377E-002
   2767.58920   1.28391456E-002
   2766.25542   1.27413615E-002
   2764.92164   1.26447655E-002
   2763.58786   1.25493378E-002
   2762.25408   1.24550594E-002
   2760.92031   1.23619114E-002
   2759.58653   1.22698754E-002
   2758.25275   1.21789334E-002
   2756.91897   1.20890678E-002
   2755.58520   1.20002613E-002
   2754.25142   1.19124970E-002
   2752.91764   1.18257582E-002
   2751.58386   1.17400287E-002
   2750.25008   1.16552927E-002
   2748.91631   1.15715345E-002
   2747.58253   1.14887388E-002
   2746.24875   1.14068907E-002
   2744.91497   1.13259754E-002
   2743.58119   1.12459786E-002
   2742.24742   1.11668862E-002
   2740.91364   1.10886842E-002
   2739.57986   1.10113593E-002
   2738.24608   1.09348980E-002
   2736.91230   1.08592873E-002
   2735.57853   1.07845145E-002
   2734.24475   1.07105669E-002
   2732.91097   1.06374323E-002
   2731.57719   1.05650986E-002
   2730.24341   1.04935539E-002
   2728.90964   1.04227866E-002
   2727.57586   1.03527854E-002
   2726.24208   1.02835390E-002
   2724.90830   1.02150365E-002
   2723.57452   1.01472670E-002
   2722.24075   1.00802200E-002
   2720.90697   1.00138852E-002
   2719.57319   9.94825221E-003
   2718.23941   9.88331116E-003
   2716.90564   9.81905219E-003
   2715.57186   9.75546565E-003
   2714.23808   9.69254206E-003
   2712.90430   9.63027213E-003
   2711.57052   9.56864671E-003
   2710.23675   9.50765683E-003
   2708.90297   9.44729368E-003
   2707.56919   9.38754860E-003
   2706.23541   9.32841307E-003
   2704.90163   9.26987874E-003
   2703.56786   9.21193741E-003
   2702.23408   9.15458100E-003
   2700.90030   9.09780158E-003
   2699.56652   9.04159136E-003
   2698.23274   8.98594270E-003
   2696.89897   8.93084805E-003
   2695.56519   8.87630003E-003
   2694.23141   8.82229136E-003
   2692.89763   8.76881490E-003
   2691.56385   8.71586362E-003
   2690.23008   8.66343062E-003
   2688.89630   8.61150909E-003
   2687.56252   8.56009237E-003
   2686.22874   8.50917388E-003
   2684.89496   8.45874717E-003
   2683.56119   8.40880588E-003
   2682.22741   8.35934378E-003
   2680.89363   8.31035471E-003
   2679.55985   8.26183263E-003
   2678.22608   8.21377161E-003
   2676.89230   8.16616578E-003
   2675.55852   8.11900940E-003
   2674.22474   8.07229681E-003
   2672.89096   8.02602243E-003
   2671.55719   7.98018079E-003
   2670.22341   7.93476650E-003
   2668.88963   7.88977425E-003
   2667.55585   7.84519881E-003
   2666.22207   7.80103506E-003
   2664.88830   7.75727792E-003
   2663.55452   7.71392242E-003
   2662.22074   7.67096366E-003
   2660.88696   7.62839681E-003
   2659.55318   7.58621713E-003
   2658.21941   7.54441994E-003
   2656.88563   7.50300063E-003
   2655.55185   7.46195467E-003
   2654.21807   7.42127761E-003
   2652.88429   7.38096503E-003
   2651.55052   7.34101263E-003
   2650.21674   7.30141612E-003
   2648.88296   7.26217133E-003
   2647.54918   7.22327410E-003
   2646.21541   7.18472038E-003
   2644.88163   7.14650614E-003
   2643.54785   7.10862745E-003
   2642.21407   7.07108040E-003
   2640.88029   7.03386116E-003
   2639.54652   6.99696596E-003
   2638.21274   6.96039108E-003
   2636.87896   6.92413285E-003
   2635.54518   6.88818765E-003
   2634.21140   6.85255192E-003
   2632.87763   6.81722217E-003
   2631.54385   6.78219492E-003
   2630.21007   6.74746678E-003
   2628.87629   6.71303439E-003
   2627.54251   6.67889444E-003
   2626.20874   6.64504366E-003
   2624.87496   6.61147884E-003
   2623.54118   6.57819682E-003
   2622.20740   6.54519447E-003
   2620.87362   6.51246871E-003
   2619.53985   6.48001651E-003
   2618.20607   6.44783486E-003
   2616.87229   6.41592083E-003
   2615.53851   6.38427150E-003
   2614.20473   6.35288401E-003
   2612.87096   6.32175552E-003
   2611.53718   6.29088325E-003
   2610.20340   6.26026444E-003
   2608.86962   6.22989639E-003
   2607.53585   6.19977641E-003
   2606.20207   6.16990188E-003
   2604.86829   6.14027019E-003
   2603.53451   6.11087877E-003
   2602.20073   6.08172509E-003
   2600.86696   6.05280666E-003
   2599.53318   6.02412100E-003
   2598.19940   5.99566570E-003
   2596.86562   5.96743836E-003
   2595.53184   5.93943660E-003
   2594.19807   5.91165811E-003
   2592.86429   5.88410057E-003
   2591.53051   5.85676172E-003
   2590.19673   5.82963931E-003
   2588.86295   5.80273113E-003
   2587.52918   5.77603501E-003
   2586.19540   5.74954879E-003
   2584.86162   5.72327034E-003
   2583.52784   5.69719757E-003
   2582.19406   5.67132841E-003
   2580.86029   5.64566082E-003
   2579.52651   5.62019278E-003
   2578.19273   5.59492230E-003
   2576.85895   5.56984743E-003
   2575.52518   5.54496621E-003
   2574.19140   5.52027674E-003
   2572.85762   5.49577713E-003
   2571.52384   5.47146552E-003
   2570.19006   5.44734007E-003
   2568.85629   5.42339895E-003
   2567.52251   5.39964038E-003
   2566.18873   5.37606258E-003
   2564.85495   5.35266381E-003
   2563.52117   5.32944234E-003
   2562.18740   5.30639646E-003
   2560.85362   5.28352450E-003
   2559.51984   5.26082479E-003
   2558.18606   5.23829569E-003
   2556.85228   5.21593557E-003
   2555.51851   5.19374285E-003
   2554.18473   5.17171593E-003
   2552.85095   5.14985326E-003
   2551.51717   5.12815329E-003
   2550.18339   5.10661451E-003
   2548.84962   5.08523541E-003
   2547.51584   5.06401451E-003
   2546.18206   5.04295033E-003
   2544.84828   5.02204142E-003
   2543.51450   5.00128637E-003
   2542.18073   4.98068375E-003
   2540.84695   4.96023217E-003
   2539.51317   4.93993024E-003
   2538.17939   4.91977660E-003
   2536.84562   4.89976992E-003
   2535.51184   4.87990884E-003
   2534.17806   4.86019208E-003
   2532.84428   4.84061831E-003
   2531.51050   4.82118627E-003
   2530.17673   4.80189467E-003
   2528.84295   4.78274228E-003
   2527.50917   4.76372785E-003
   2526.17539   4.74485016E-003
   2524.84161   4.72610800E-003
   2523.50784   4.70750018E-003
   2522.17406   4.68902551E-003
   2520.84028   4.67068284E-003
   2519.50650   4.65247100E-003
   2518.17272   4.63438886E-003
   2516.83895   4.61643529E-003
   2515.50517   4.59860919E-003
   2514.17139   4.58090944E-003
   2512.83761   4.56333497E-003
   2511.50383   4.54588470E-003
   2510.17006   4.52855757E-003
   2508.83628   4.51135253E-003
   2507.50250   4.49426853E-003
   2506.16872   4.47730457E-003
   2504.83494   4.46045962E-003
   2503.50117   4.44373268E-003
   2502.16739   4.42712276E-003
   2500.83361   4.41062888E-003
   2499.49983   4.39425007E-003
   2498.16606   4.37798539E-003
   2496.83228   4.36183387E-003
   2495.49850   4.34579459E-003
   2494.16472   4.32986662E-003
   2492.83094   4.31404905E-003
   2491.49717   4.29834098E-003
   2490.16339   4.28274150E-003
   2488.82961   4.26724975E-003
   2487.49583   4.25186483E-003
   2486.16205   4.23658590E-003
   2484.82828   4.22141209E-003
   2483.49450   4.20634256E-003
   2482.16072   4.19137648E-003
   2480.82694   4.17651303E-003
   2479.49316   4.16175137E-003
   2478.15939   4.14709072E-003
   2476.82561   4.13253026E-003
   2475.49183   4.11806922E-003
   2474.15805   4.10370680E-003
   2472.82427   4.08944224E-003
   2471.49050   4.07527478E-003
   2470.15672   4.06120365E-003
   2468.82294   4.04722812E-003
   2467.48916   4.03334744E-003
   2466.15539   4.01956088E-003
   2464.82161   4.00586773E-003
   2463.48783   3.99226726E-003
   2462.15405   3.97875878E-003
   2460.82027   3.96534157E-003
   2459.48650   3.95201496E-003
   2458.15272   3.93877825E-003
   2456.81894   3.92563078E-003
   2455.48516   3.91257186E-003
   2454.15138   3.89960085E-003
   2452.81761   3.88671709E-003
   2451.48383   3.87391992E-003
   2450.15005   3.86120872E-003
   2448.81627   3.84858284E-003
   2447.48249   3.83604166E-003
   2446.14872   3.82358457E-003
   2444.81494   3.81121094E-003
   2443.48116   3.79892017E-003
   2442.14738   3.78671167E-003
   2440.81360   3.77458484E-003
   2439.47983   3.76253909E-003
   2438.14605   3.75057385E-003
   2436.81227   3.73868853E-003
   2435.47849   3.72688258E-003
   2434.14471   3.71515543E-003
   2432.81094   3.70350652E-003
   2431.47716   3.69193530E-003
   2430.14338   3.68044124E-003
   2428.80960   3.66902379E-003
   2427.47583   3.65768242E-003
   2426.14205   3.64641661E-003
   2424.80827   3.63522583E-003
   2423.47449   3.62410957E-003
   2422.14071   3.61306732E-003
   2420.80694   3.60209858E-003
   2419.47316   3.59120284E-003
   2418.13938   3.58037962E-003
   2416.80560   3.56962842E-003
   2415.47182   3.55894877E-003
   2414.13805   3.54834018E-003
   2412.80427   3.53780219E-003
   2411.47049   3.52733432E-003
   2410.13671   3.51693612E-003
   2408.80293   3.50660713E-003
   2407.46916   3.49634689E-003
   2406.13538   3.48615496E-003
   2404.80160   3.47603089E-003
   2403.46782   3.46597425E-003
   2402.13404   3.45598460E-003
   2400.80027   3.44606152E-003
   2399.46649   3.43620458E-003
   2398.13271   3.42641337E-003
   2396.79893   3.41668746E-003
   2395.46516   3.40702645E-003
   2394.13138   3.39742993E-003
   2392.79760   3.38789750E-003
   2391.46382   3.37842877E-003
   2390.13004   3.36902334E-003
   2388.79627   3.35968082E-003
   2387.46249   3.35040083E-003
   2386.12871   3.34118299E-003
   2384.79493   3.33202692E-003
   2383.46115   3.32293226E-003
   2382.12738   3.31389863E-003
   2380.79360   3.30492567E-003
   2379.45982   3.29601302E-003
   2378.12604   3.28716032E-003
   2376.79226   3.27836723E-003
   2375.45849   3.26963340E-003
   2374.12471   3.26095848E-003
   2372.79093   3.25234214E-003
   2371.45715   3.24378403E-003
   2370.12337   3.23528382E-003
   2368.78960   3.22684119E-003
   2367.45582   3.21845581E-003
   2366.12204   3.21012735E-003
   2364.78826   3.20185551E-003
   2363.45448   3.19363997E-003
   2362.12071   3.18548041E-003
   2360.78693   3.17737653E-003
   2359.45315   3.16932803E-003
   2358.11937   3.16133461E-003
   2356.78560   3.15339596E-003
   2355.45182   3.14551180E-003
   2354.11804   3.13768183E-003
   2352.78426   3.12990578E-003
   2351.45048   3.12218335E-003
   2350.11671   3.11451427E-003
   2348.78293   3.10689825E-003
   2347.44915   3.09933504E-003
   2346.11537   3.09182435E-003
   2344.78159   3.08436592E-003
   2343.44782   3.07695949E-003
   2342.11404   3.06960480E-003
   2340.78026   3.06230158E-003
   2339.44648   3.05504959E-003
   2338.11270   3.04784857E-003
   2336.77893   3.04069828E-003
   2335.44515   3.03359847E-003
   2334.11137   3.02654890E-003
   2332.77759   3.01954933E-003
   2331.44381   3.01259952E-003
   2330.11004   3.00569924E-003
   2328.77626   2.99884826E-003
   2327.44248   2.99204636E-003
   2326.10870   2.98529331E-003
   2324.77492   2.97858888E-003
   2323.44115   2.97193287E-003
   2322.10737   2.96532504E-003
   2320.77359   2.95876521E-003
   2319.43981   2.95225314E-003
   2318.10604   2.94578864E-003
   2316.77226   2.93937149E-003
   2315.43848   2.93300151E-003
   2314.10470   2.92667849E-003
   2312.77092   2.92040223E-003
   2311.43715   2.91417254E-003
   2310.10337   2.90798923E-003
   2308.76959   2.90185212E-003
   2307.43581   2.89576101E-003
   2306.10203   2.88971573E-003
   2304.76826   2.88371609E-003
   2303.43448   2.87776192E-003
   2302.10070   2.87185305E-003
   2300.76692   2.86598929E-003
   2299.43314   2.86017049E-003
   2298.09937   2.85439647E-003
   2296.76559   2.84866708E-003
   2295.43181   2.84298214E-003
   2294.09803   2.83734151E-003
   2292.76425   2.83174502E-003
   2291.43048   2.82619252E-003
   2290.09670   2.82068386E-003
   2288.76292   2.81521889E-003
   2287.42914   2.80979747E-003
   2286.09537   2.80441945E-003
   2284.76159   2.79908468E-003
   2283.42781   2.79379304E-003
   2282.09403   2.78854438E-003
   2280.76025   2.78333858E-003
   2279.42648   2.77817549E-003
   2278.09270   2.77305499E-003
   2276.75892   2.76797696E-003
   2275.42514   2.76294127E-003
   2274.09136   2.75794780E-003
   2272.75759   2.75299643E-003
   2271.42381   2.74808705E-003
   2270.09003   2.74321953E-003
   2268.75625   2.73839377E-003
   2267.42247   2.73360967E-003
   2266.08870   2.72886710E-003
   2264.75492   2.72416598E-003
   2263.42114   2.71950619E-003
   2262.08736   2.71488764E-003
   2260.75358   2.71031023E-003
   2259.41981   2.70577387E-003
   2258.08603   2.70127846E-003
   2256.75225   2.69682392E-003
   2255.41847   2.69241015E-003
   2254.08469   2.68803708E-003
   2252.75092   2.68370461E-003
   2251.41714   2.67941268E-003
   2250.08336   2.67516120E-003
   2248.74958   2.67095009E-003
   2247.41581   2.66677930E-003
   2246.08203   2.66264873E-003
   2244.74825   2.65855834E-003
   2243.41447   2.65450804E-003
   2242.08069   2.65049779E-003
   2240.74692   2.64652751E-003
   2239.41314   2.64259715E-003
   2238.07936   2.63870666E-003
   2236.74558   2.63485599E-003
   2235.41180   2.63104507E-003
   2234.07803   2.62727386E-003
   2232.74425   2.62354233E-003
   2231.41047   2.61985042E-003
   2230.07669   2.61619809E-003
   2228.74291   2.61258531E-003
   2227.40914   2.60901204E-003
   2226.07536   2.60547825E-003
   2224.74158   2.60198391E-003
   2223.40780   2.59852898E-003
   2222.07402   2.59511345E-003
   2220.74025   2.59173729E-003
   2219.40647   2.58840048E-003
   2218.07269   2.58510300E-003
   2216.73891   2.58184484E-003
   2215.40514   2.57862598E-003
   2214.07136   2.57544643E-003
   2212.73758   2.57230615E-003
   2211.40380   2.56920517E-003
   2210.07002   2.56614346E-003
   2208.73625   2.56312104E-003
   2207.40247   2.56013790E-003
   2206.06869   2.55719405E-003
   2204.73491   2.55428951E-003
   2203.40113   2.55142428E-003
   2202.06736   2.54859837E-003
   2200.73358   2.54581181E-003
   2199.39980   2.54306461E-003
   2198.06602   2.54035680E-003
   2196.73224   2.53768840E-003
   2195.39847   2.53505944E-003
   2194.06469   2.53246996E-003
   2192.73091   2.52991998E-003
   2191.39713   2.52740954E-003
   2190.06335   2.52493869E-003
   2188.72958   2.52250746E-003
   2187.39580   2.52011591E-003
   2186.06202   2.51776408E-003
   2184.72824   2.51545202E-003
   2183.39446   2.51317979E-003
   2182.06069   2.51094745E-003
   2180.72691   2.50875506E-003
   2179.39313   2.50660268E-003
   2178.05935   2.50449038E-003
   2176.72558   2.50241823E-003
   2175.39180   2.50038631E-003
   2174.05802   2.49839469E-003
   2172.72424   2.49644346E-003
   2171.39046   2.49453269E-003
   2170.05669   2.49266248E-003
   2168.72291   2.49083292E-003
   2167.38913   2.48904409E-003
   2166.05535   2.48729611E-003
   2164.72157   2.48558906E-003
   2163.38780   2.48392306E-003
   2162.05402   2.48229821E-003
   2160.72024   2.48071463E-003
   2159.38646   2.47917243E-003
   2158.05268   2.47767172E-003
   2156.71891   2.47621264E-003
   2155.38513   2.47479532E-003
   2154.05135   2.47341987E-003
   2152.71757   2.47208643E-003
   2151.38379   2.47079516E-003
   2150.05002   2.46954618E-003
   2148.71624   2.46833964E-003
   2147.38246   2.46717570E-003
   2146.04868   2.46605450E-003
   2144.71490   2.46497622E-003
   2143.38113   2.46394100E-003
   2142.04735   2.46294903E-003
   2140.71357   2.46200047E-003
   2139.37979   2.46109549E-003
   2138.04602   2.46023429E-003
   2136.71224   2.45941704E-003
   2135.37846   2.45864393E-003
   2134.04468   2.45791517E-003
   2132.71090   2.45723094E-003
   2131.37713   2.45659146E-003
   2130.04335   2.45599693E-003
   2128.70957   2.45544756E-003
   2127.37579   2.45494358E-003
   2126.04201   2.45448521E-003
   2124.70824   2.45407268E-003
   2123.37446   2.45370622E-003
   2122.04068   2.45338608E-003
   2120.70690   2.45311250E-003
   2119.37312   2.45288572E-003
   2118.03935   2.45270602E-003
   2116.70557   2.45257364E-003
   2115.37179   2.45248886E-003
   2114.03801   2.45245194E-003
   2112.70423   2.45246318E-003
   2111.37046   2.45252286E-003
   2110.03668   2.45263126E-003
   2108.70290   2.45278868E-003
   2107.36912   2.45299544E-003
   2106.03535   2.45325183E-003
   2104.70157   2.45355818E-003
   2103.36779   2.45391482E-003
   2102.03401   2.45432206E-003
   2100.70023   2.45478026E-003
   2099.36646   2.45528975E-003
   2098.03268   2.45585089E-003
   2096.69890   2.45646403E-003
   2095.36512   2.45712954E-003
   2094.03134   2.45784780E-003
   2092.69757   2.45861918E-003
   2091.36379   2.45944408E-003
   2090.03001   2.46032290E-003
   2088.69623   2.46125603E-003
   2087.36245   2.46224390E-003
   2086.02868   2.46328691E-003
   2084.69490   2.46438551E-003
   2083.36112   2.46554014E-003
   2082.02734   2.46675123E-003
   2080.69356   2.46801925E-003
   2079.35979   2.46934467E-003
   2078.02601   2.47072795E-003
   2076.69223   2.47216959E-003
   2075.35845   2.47367007E-003
   2074.02467   2.47522991E-003
   2072.69090   2.47684962E-003
   2071.35712   2.47852971E-003
   2070.02334   2.48027073E-003
   2068.68956   2.48207323E-003
   2067.35579   2.48393775E-003
   2066.02201   2.48586487E-003
   2064.68823   2.48785517E-003
   2063.35445   2.48990923E-003
   2062.02067   2.49202767E-003
   2060.68690   2.49421109E-003
   2059.35312   2.49646012E-003
   2058.01934   2.49877540E-003
   2056.68556   2.50115759E-003
   2055.35178   2.50360734E-003
   2054.01801   2.50612535E-003
   2052.68423   2.50871230E-003
   2051.35045   2.51136889E-003
   2050.01667   2.51409585E-003
   2048.68289   2.51689392E-003
   2047.34912   2.51976383E-003
   2046.01534   2.52270637E-003
   2044.68156   2.52572231E-003
   2043.34778   2.52881245E-003
   2042.01400   2.53197759E-003
   2040.68023   2.53521857E-003
   2039.34645   2.53853624E-003
   2038.01267   2.54193146E-003
   2036.67889   2.54540511E-003
   2035.34512   2.54895809E-003
   2034.01134   2.55259132E-003
   2032.67756   2.55630574E-003
   2031.34378   2.56010230E-003
   2030.01000   2.56398198E-003
   2028.67623   2.56794577E-003
   2027.34245   2.57199470E-003
   2026.00867   2.57612980E-003
   2024.67489   2.58035214E-003
   2023.34111   2.58466279E-003
   2022.00734   2.58906287E-003
   2020.67356   2.59355349E-003
   2019.33978   2.59813582E-003
   2018.00600   2.60281104E-003
   2016.67222   2.60758034E-003
   2015.33845   2.61244495E-003
   2014.00467   2.61740614E-003
   2012.67089   2.62246518E-003
   2011.33711   2.62762338E-003
   2010.00333   2.63288208E-003
   2008.66956   2.63824265E-003
   2007.33578   2.64370648E-003
   2006.00200   2.64927502E-003
   2004.66822   2.65494970E-003
   2003.33444   2.66073204E-003
   2002.00067   2.66662354E-003
   2000.66689   2.67262578E-003
   1999.33311   2.67874035E-003
   1997.99933   2.68496887E-003
   1996.66556   2.69131301E-003
   1995.33178   2.69777448E-003
   1993.99800   2.70435502E-003
   1992.66422   2.71105642E-003
   1991.33044   2.71788049E-003
   1989.99667   2.72482911E-003
   1988.66289   2.73190419E-003
   1987.32911   2.73910767E-003
   1985.99533   2.74644156E-003
   1984.66155   2.75390790E-003
   1983.32778   2.76150880E-003
   1981.99400   2.76924638E-003
   1980.66022   2.77712285E-003
   1979.32644   2.78514046E-003
   1977.99266   2.79330150E-003
   1976.65889   2.80160834E-003
   1975.32511   2.81006339E-003
   1973.99133   2.81866912E-003
   1972.65755   2.82742806E-003
   1971.32377   2.83634282E-003
   1969.99000   2.84541605E-003
   1968.65622   2.85465047E-003
   1967.32244   2.86404889E-003
   1965.98866   2.87361416E-003
   1964.65488   2.88334923E-003
   1963.32111   2.89325710E-003
   1961.98733   2.90334087E-003
   1960.65355   2.91360371E-003
   1959.31977   2.92404885E-003
   1957.98600   2.93467964E-003
   1956.65222   2.94549949E-003
   1955.31844   2.95651193E-003
   1953.98466   2.96772054E-003
   1952.65088   2.97912904E-003
   1951.31711   2.99074121E-003
   1949.98333   3.00256096E-003
   1948.64955   3.01459229E-003
   1947.31577   3.02683932E-003
   1945.98199   3.03930628E-003
   1944.64822   3.05199750E-003
   1943.31444   3.06491745E-003
   1941.98066   3.07807071E-003
   1940.64688   3.09146201E-003
   1939.31310   3.10509619E-003
   1937.97933   3.11897823E-003
   1936.64555   3.13311327E-003
   1935.31177   3.14750658E-003
   1933.97799   3.16216359E-003
   1932.64421   3.17708989E-003
   1931.31044   3.19229123E-003
   1929.97666   3.20777352E-003
   1928.64288   3.22354286E-003
   1927.30910   3.23960554E-003
   1925.97533   3.25596802E-003
   1924.64155   3.27263695E-003
   1923.30777   3.28961922E-003
   1921.97399   3.30692189E-003
   1920.64021   3.32455227E-003
   1919.30644   3.34251787E-003
   1917.97266   3.36082646E-003
   1916.63888   3.37948604E-003
   1915.30510   3.39850488E-003
   1913.97132   3.41789150E-003
   1912.63755   3.43765471E-003
   1911.30377   3.45780359E-003
   1909.96999   3.47834752E-003
   1908.63621   3.49929622E-003
   1907.30243   3.52065969E-003
   1905.96866   3.54244830E-003
   1904.63488   3.56467276E-003
   1903.30110   3.58734413E-003
   1901.96732   3.61047388E-003
   1900.63354   3.63407386E-003
   1899.29977   3.65815633E-003
   1897.96599   3.68273399E-003
   1896.63221   3.70781999E-003
   1895.29843   3.73342796E-003
   1893.96465   3.75957200E-003
   1892.63088   3.78626675E-003
   1891.29710   3.81352738E-003
   1889.96332   3.84136960E-003
   1888.62954   3.86980974E-003
   1887.29577   3.89886474E-003
   1885.96199   3.92855216E-003
   1884.62821   3.95889027E-003
   1883.29443   3.98989802E-003
   1881.96065   4.02159512E-003
   1880.62688   4.05400204E-003
   1879.29310   4.08714009E-003
   1877.95932   4.12103143E-003
   1876.62554   4.15569909E-003
   1875.29176   4.19116709E-003
   1873.95799   4.22746043E-003
   1872.62421   4.26460514E-003
   1871.29043   4.30262835E-003
   1869.95665   4.34155839E-003
   1868.62287   4.38142475E-003
   1867.28910   4.42225825E-003
   1865.95532   4.46409105E-003
   1864.62154   4.50695674E-003
   1863.28776   4.55089043E-003
   1861.95398   4.59592880E-003
   1860.62021   4.64211024E-003
   1859.28643   4.68947492E-003
   1857.95265   4.73806488E-003
   1856.61887   4.78792417E-003
   1855.28510   4.83909895E-003
   1853.95132   4.89163763E-003
   1852.61754   4.94559099E-003
   1851.28376   5.00101233E-003
   1849.94998   5.05795764E-003
   1848.61621   5.11648577E-003
   1847.28243   5.17665858E-003
   1845.94865   5.23854118E-003
   1844.61487   5.30220212E-003
   1843.28109   5.36771359E-003
   1841.94732   5.43515173E-003
   1840.61354   5.50459684E-003
   1839.27976   5.57613368E-003
   1837.94598   5.64985180E-003
   1836.61220   5.72584588E-003
   1835.27843   5.80421605E-003
   1833.94465   5.88506836E-003
   1832.61087   5.96851513E-003
   1831.27709   6.05467552E-003
   1829.94331   6.14367595E-003
   1828.60954   6.23565072E-003
   1827.27576   6.33074261E-003
   1825.94198   6.42910353E-003
   1824.60820   6.53089532E-003
   1823.27442   6.63629046E-003
   1821.94065   6.74547304E-003
   1820.60687   6.85863972E-003
   1819.27309   6.97600076E-003
   1817.93931   7.09778127E-003
   1816.60554   7.22422248E-003
   1815.27176   7.35558323E-003
   1813.93798   7.49214153E-003
   1812.60420   7.63419641E-003
   1811.27042   7.78206988E-003
   1809.93665   7.93610915E-003
   1808.60287   8.09668911E-003
   1807.26909   8.26421515E-003
   1805.93531   8.43912620E-003
   1804.60153   8.62189832E-003
   1803.26776   8.81304854E-003
   1801.93398   9.01313942E-003
   1800.60020   9.22278398E-003
   1799.26642   9.44265149E-003
   1797.93264   9.67347390E-003
   1796.59887   9.91605328E-003
   1795.26509   1.01712702E-002
   1793.93131   1.04400937E-002
   1792.59753   1.07235918E-002
   1791.26375   1.10229452E-002
   1789.92998   1.13394613E-002
   1788.59620   1.16745920E-002
   1787.26242   1.20299537E-002
   1785.92864   1.24073505E-002
   1784.59486   1.28088018E-002
   1783.26109   1.32365749E-002
   1781.92731   1.36932233E-002
   1780.59353   1.41816319E-002
   1779.25975   1.47050718E-002
   1777.92598   1.52672649E-002
   1776.59220   1.58724629E-002
   1775.25842   1.65255421E-002
   1773.92464   1.72321190E-002
   1772.59086   1.79986929E-002
   1771.25709   1.88328200E-002
   1769.92331   1.97433313E-002
   1768.58953   2.07406039E-002
   1767.25575   2.18369032E-002
   1765.92197   2.30468170E-002
   1764.58820   2.43878112E-002
   1763.25442   2.58809486E-002
   1761.92064   2.75518257E-002
   1760.58686   2.94318077E-002
   1759.25308   3.15596748E-002
   1757.91931   3.39838435E-002
   1756.58553   3.67654010E-002
   1755.25175   3.99823101E-002
   1753.91797   4.37353243E-002
   1752.58419   4.81564437E-002
   1751.25042   5.34212175E-002
   1749.91664   5.97669855E-002
   1748.58286   6.75204797E-002
   1747.24908   7.71405012E-002
   1745.91531   8.92854110E-002
   1744.58153   1.04922316E-001
   1743.24775   1.25507455E-001
   1741.91397   1.53288768E-001
   1740.58019   1.91813108E-001
   1739.24642   2.46740359E-001
   1737.91264   3.26928672E-001
   1736.57886   4.44760967E-001
   1735.24508   6.10375815E-001
   1733.91130   8.04441730E-001
   1732.57753   9.31971902E-001
   1731.24375   8.83924730E-001
   1729.90997   7.08715571E-001
   1728.57619   5.28796152E-001
   1727.24241   3.94668962E-001
   1725.90864   3.04583835E-001
   1724.57486   2.45875073E-001
   1723.24108   2.08209636E-001
   1721.90730   1.84951608E-001
   1720.57352   1.72214836E-001
   1719.23975   1.67976522E-001
   1717.90597   1.71573993E-001
   1716.57219   1.83536950E-001
   1715.23841   2.05682019E-001
   1713.90463   2.41307329E-001
   1712.57086   2.94734515E-001
   1711.23708   3.67653669E-001
   1709.90330   4.50438282E-001
   1708.56952   5.27315418E-001
   1707.23575   6.12046717E-001
   1705.90197   7.39450394E-001
   1704.56819   9.02296507E-001
   1703.23441   1.00329954E+000
   1701.90063   9.32280673E-001
   1700.56686   7.40708911E-001
   1699.23308   5.49737758E-001
   1697.89930   4.07006420E-001
   1696.56552   3.09224414E-001
   1695.23174   2.42985211E-001
   1693.89797   1.97446106E-001
   1692.56419   1.65471258E-001
   1691.23041   1.42577153E-001
   1689.89663   1.25944413E-001
   1688.56285   1.13771280E-001
   1687.22908   1.04883870E-001
   1685.89530   9.85046141E-002
   1684.56152   9.41136208E-002
   1683.22774   9.13645555E-002
   1681.89396   9.00330756E-002
   1680.56019   8.99853325E-002
   1679.22641   9.11594230E-002
   1677.89263   9.35558035E-002
   1676.55885   9.72346096E-002
   1675.22508   1.02319135E-001
   1673.89130   1.09005805E-001
   1672.55752   1.17582098E-001
   1671.22374   1.28455317E-001
   1669.88996   1.42197281E-001
   1668.55619   1.59613495E-001
   1667.22241   1.81851322E-001
   1665.88863   2.10572032E-001
   1664.55485   2.48229928E-001
   1663.22107   2.98534177E-001
   1661.88730   3.67224046E-001
   1660.55352   4.63369029E-001
   1659.21974   6.01456455E-001
   1657.88596   8.04176349E-001
   1656.55218   1.10326924E+000
   1655.21841   1.52477089E+000
   1653.88463   2.01926000E+000
   1652.55085   2.34319236E+000
   1651.21707   2.21613114E+000
   1649.88329   1.76145944E+000
   1648.54952   1.29358303E+000
   1647.21574   9.42395686E-001
   1645.88196   7.03342840E-001
   1644.54818   5.43664581E-001
   1643.21440   4.36486670E-001
   1641.88063   3.64314965E-001
   1640.54685   3.16553152E-001
   1639.21307   2.87143444E-001
   1637.87929   2.73144421E-001
   1636.54552   2.74104274E-001
   1635.21174   2.92053324E-001
   1633.87796   3.31920499E-001
   1632.54418   4.01524192E-001
   1631.21040   5.07219722E-001
   1629.87663   6.34192626E-001
   1628.54285   7.13886654E-001
   1627.20907   6.69652067E-001
   1625.87529   5.37344771E-001
   1624.54151   4.03167020E-001
   1623.20774   3.01850605E-001
   1621.87396   2.31673165E-001
   1620.54018   1.83437490E-001
   1619.20640   1.49617116E-001
   1617.87262   1.25240706E-001
   1616.53885   1.07176658E-001
   1615.20507   9.34483353E-002
   1613.87129   8.27842544E-002
   1612.53751   7.43465629E-002
   1611.20373   6.75694869E-002
   1609.86996   6.20622667E-002
   1608.53618   5.75497629E-002
   1607.20240   5.38353680E-002
   1605.86862   5.07774232E-002
   1604.53484   4.82740404E-002
   1603.20107   4.62533453E-002
   1601.86729   4.46673915E-002
   1600.53351   4.34887634E-002
   1599.19973   4.27093954E-002
   1597.86596   4.23415497E-002
   1596.53218   4.24213144E-002
   1595.19840   4.30155379E-002
   1593.86462   4.42339719E-002
   1592.53084   4.62498447E-002
   1591.19707   4.93345901E-002
   1589.86329   5.39166366E-002
   1588.52951   6.06799736E-002
   1587.19573   7.07202001E-002
   1585.86195   8.57398637E-002
   1584.52818   1.08034784E-001
   1583.19440   1.39090170E-001
   1581.86062   1.73832636E-001
   1580.52684   1.93233649E-001
   1579.19306   1.80793223E-001
   1577.85929   1.49848807E-001
   1576.52551   1.21401952E-001
   1575.19173   1.02806108E-001
   1573.85795   9.38175513E-002
   1572.52417   9.33000802E-002
   1571.19040   1.01051643E-001
   1569.85662   1.16985579E-001
   1568.52284   1.37040588E-001
   1567.18906   1.47656839E-001
   1565.85529   1.36401540E-001
   1564.52151   1.11669437E-001
   1563.18773   8.80592784E-002
   1561.85395   7.06126758E-002
   1560.52017   5.86593599E-002
   1559.18640   5.05407249E-002
   1557.85262   4.49587377E-002
   1556.51884   4.10650982E-002
   1555.18506   3.83273089E-002
   1553.85128   3.64109108E-002
   1552.51751   3.51035526E-002
   1551.18373   3.42696196E-002
   1549.84995   3.38237381E-002
   1548.51617   3.37156673E-002
   1547.18239   3.39223997E-002
   1545.84862   3.44454606E-002
   1544.51484   3.53129175E-002
   1543.18106   3.65869391E-002
   1541.84728   3.83790112E-002
   1540.51350   4.08750209E-002
   1539.17973   4.43643369E-002
   1537.84595   4.92195728E-002
   1536.51217   5.55959749E-002
   1535.17839   6.23755377E-002
   1533.84461   6.62896749E-002
   1532.51084   6.54208241E-002
   1531.17706   6.25150453E-002
   1529.84328   6.05755314E-002
   1528.50950   6.04266299E-002
   1527.17573   6.19135813E-002
   1525.84195   6.47879187E-002
   1524.50817   6.89250454E-002
   1523.17439   7.43350397E-002
   1521.84061   8.11473422E-002
   1520.50684   8.96088451E-002
   1519.17306   1.00101741E-001
   1517.83928   1.13184646E-001
   1516.50550   1.29665156E-001
   1515.17172   1.50720419E-001
   1513.83795   1.78096282E-001
   1512.50417   2.14439152E-001
   1511.17039   2.63852462E-001
   1509.83661   3.32814700E-001
   1508.50283   4.31567053E-001
   1507.16906   5.75530708E-001
   1505.83528   7.83399822E-001
   1504.50150   1.05880969E+000
   1503.16772   1.33642638E+000
   1501.83394   1.46669510E+000
   1500.50017   1.40647073E+000
   1499.16639   1.28760969E+000
   1497.83261   1.17479666E+000
   1496.49883   1.03208761E+000
   1495.16506   8.51187436E-001
   1493.83128   6.70875795E-001
   1492.49750   5.29513541E-001
   1491.16372   4.36147765E-001
   1489.82994   3.84226135E-001
   1488.49617   3.66375178E-001
   1487.16239   3.75132204E-001
   1485.82861   3.93179126E-001
   1484.49483   3.91381569E-001
   1483.16105   3.63757393E-001
   1481.82728   3.37784950E-001
   1480.49350   3.35998717E-001
   1479.15972   3.66959168E-001
   1477.82594   4.30467507E-001
   1476.49216   5.04548352E-001
   1475.15839   5.30061388E-001
   1473.82461   4.69547384E-001
   1472.49083   3.67985894E-001
   1471.15705   2.77375035E-001
   1469.82327   2.11403823E-001
   1468.48950   1.65804778E-001
   1467.15572   1.34133229E-001
   1465.82194   1.11606841E-001
   1464.48816   9.51310142E-002
   1463.15438   8.27541829E-002
   1461.82061   7.32335687E-002
   1460.48683   6.57602781E-002
   1459.15305   5.97944289E-002
   1457.81927   5.49666618E-002
   1456.48550   5.10184801E-002
   1455.15172   4.77653677E-002
   1453.81794   4.50734902E-002
   1452.48416   4.28446809E-002
   1451.15038   4.10066136E-002
   1449.81661   3.95063241E-002
   1448.48283   3.83059822E-002
   1447.14905   3.73802661E-002
   1445.81527   3.67149864E-002
   1444.48149   3.63068279E-002
   1443.14772   3.61642765E-002
   1441.81394   3.63100406E-002
   1440.48016   3.67856236E-002
   1439.14638   3.76592750E-002
   1437.81260   3.90395294E-002
   1436.47883   4.10982072E-002
   1435.14505   4.41092526E-002
   1433.81127   4.85118266E-002
   1432.47749   5.49980118E-002
   1431.14371   6.45598902E-002
   1429.80994   7.81315552E-002
   1428.47616   9.46726627E-002
   1427.14238   1.07292247E-001
   1425.80860   1.06388460E-001
   1424.47482   9.41404875E-002
   1423.14105   8.07925892E-002
   1421.80727   7.13756971E-002
   1420.47349   6.61406799E-002
   1419.13971   6.41967506E-002
   1417.80594   6.48373146E-002
   1416.47216   6.77363768E-002
   1415.13838   7.29168609E-002
   1413.80460   8.07387504E-002
   1412.47082   9.19606144E-002
   1411.13705   1.07900334E-001
   1409.80327   1.30725349E-001
   1408.46949   1.63855090E-001
   1407.13571   2.12099711E-001
   1405.80193   2.79629456E-001
   1404.46816   3.60619517E-001
   1403.13438   4.25299413E-001
   1401.80060   4.44839381E-001
   1400.46682   4.41180641E-001
   1399.13304   4.42309601E-001
   1397.79927   4.29696227E-001
   1396.46549   3.81523887E-001
   1395.13171   3.21939366E-001
   1393.79793   2.81056205E-001
   1392.46415   2.67216734E-001
   1391.13038   2.73728844E-001
   1389.79660   2.78934230E-001
   1388.46282   2.57735549E-001
   1387.12904   2.15106050E-001
   1385.79527   1.73474589E-001
   1384.46149   1.42721616E-001
   1383.12771   1.22391044E-001
   1381.79393   1.09823611E-001
   1380.46015   1.02913897E-001
   1379.12638   1.00428739E-001
   1377.79260   1.01852647E-001
   1376.45882   1.07272145E-001
   1375.12504   1.17389656E-001
   1373.79126   1.33691074E-001
   1372.45749   1.58791777E-001
   1371.12371   1.96902631E-001
   1369.78993   2.53789555E-001
   1368.45615   3.33316205E-001
   1367.12237   4.23633047E-001
   1365.78860   4.80947867E-001
   1364.45482   4.69040658E-001
   1363.12104   4.11718804E-001
   1361.78726   3.40630216E-001
   1360.45348   2.72141096E-001
   1359.11971   2.18826919E-001
   1357.78593   1.83756088E-001
   1356.45215   1.64238107E-001
   1355.11837   1.57465060E-001
   1353.78459   1.61659267E-001
   1352.45082   1.73523587E-001
   1351.11704   1.83002927E-001
   1349.78326   1.77273954E-001
   1348.44948   1.58894486E-001
   1347.11571   1.40515840E-001
   1345.78193   1.28197170E-001
   1344.44815   1.22118436E-001
   1343.11437   1.21136178E-001
   1341.78059   1.24422560E-001
   1340.44682   1.31713257E-001
   1339.11304   1.43290084E-001
   1337.77926   1.60011600E-001
   1336.44548   1.83469814E-001
   1335.11170   2.16322293E-001
   1333.77793   2.62843251E-001
   1332.44415   3.29566536E-001
   1331.11037   4.24905968E-001
   1329.77659   5.53098403E-001
   1328.44281   6.94264014E-001
   1327.10904   7.94302472E-001
   1325.77526   8.38181164E-001
   1324.44148   8.94397685E-001
   1323.10770   1.01616150E+000
   1321.77392   1.16567731E+000
   1320.44015   1.21206623E+000
   1319.10637   1.09326444E+000
   1317.77259   9.21611921E-001
   1316.43881   8.06439194E-001
   1315.10504   7.75134988E-001
   1313.77126   8.03161464E-001
   1312.43748   8.16379403E-001
   1311.10370   7.40311618E-001
   1309.76992   6.02706341E-001
   1308.43615   4.74031261E-001
   1307.10237   3.81069498E-001
   1305.76859   3.21007347E-001
   1304.43481   2.85849529E-001
   1303.10103   2.70013882E-001
   1301.76726   2.71246305E-001
   1300.43348   2.90492636E-001
   1299.09970   3.32064121E-001
   1297.76592   4.03668963E-001
   1296.43214   5.12981978E-001
   1295.09837   6.50231526E-001
   1293.76459   7.52542204E-001
   1292.43081   7.30716786E-001
   1291.09703   6.02155732E-001
   1289.76325   4.60192915E-001
   1288.42948   3.51107849E-001
   1287.09570   2.76605583E-001
   1285.76192   2.27301844E-001
   1284.42814   1.94988095E-001
   1283.09436   1.74273925E-001
   1281.76059   1.61938718E-001
   1280.42681   1.56220738E-001
   1279.09303   1.56381885E-001
   1277.75925   1.62523157E-001
   1276.42548   1.75611484E-001
   1275.09170   1.97725039E-001
   1273.75792   2.32566893E-001
   1272.42414   2.86251831E-001
   1271.09036   3.67844903E-001
   1269.75659   4.86602081E-001
   1268.42281   6.35624036E-001
   1267.08903   7.54671827E-001
   1265.75525   7.47382258E-001
   1264.42147   6.20205409E-001
   1263.08770   4.71076859E-001
   1261.75392   3.54219045E-001
   1260.42014   2.73706594E-001
   1259.08636   2.19846014E-001
   1257.75258   1.83673617E-001
   1256.41881   1.59131513E-001
   1255.08503   1.42420231E-001
   1253.75125   1.31188049E-001
   1252.41747   1.23976098E-001
   1251.08369   1.19882822E-001
   1249.74992   1.18368481E-001
   1248.41614   1.19143951E-001
   1247.08236   1.22111279E-001
   1245.74858   1.27338774E-001
   1244.41480   1.35063135E-001
   1243.08103   1.45718273E-001
   1241.74725   1.59997355E-001
   1240.41347   1.78963570E-001
   1239.07969   2.04239099E-001
   1237.74592   2.38324345E-001
   1236.41214   2.85131513E-001
   1235.07836   3.50833660E-001
   1233.74458   4.44973429E-001
   1232.41080   5.80701509E-001
   1231.07703   7.68537161E-001
   1229.74325   9.88907268E-001
   1228.40947   1.15341712E+000
   1227.07569   1.18160032E+000
   1225.74191   1.14815706E+000
   1224.40814   1.17742090E+000
   1223.07436   1.30588076E+000
   1221.74058   1.45496073E+000
   1220.40680   1.46612946E+000
   1219.07302   1.31317736E+000
   1217.73925   1.14428735E+000
   1216.40547   1.06340918E+000
   1215.07169   1.07556186E+000
   1213.73791   1.11832934E+000
   1212.40413   1.12171587E+000
   1211.07036   1.08453306E+000
   1209.73658   9.99498948E-001
   1208.40280   8.42136991E-001
   1207.06902   6.61055727E-001
   1205.73525   5.12333976E-001
   1204.40147   4.07734816E-001
   1203.06769   3.38907901E-001
   1201.73391   2.96569859E-001
   1200.40013   2.75122962E-001
   1199.06636   2.72638799E-001
   1197.73258   2.89527986E-001
   1196.39880   3.23914247E-001
   1195.06502   3.59445125E-001
   1193.73124   3.61211138E-001
   1192.39747   3.17967690E-001
   1191.06369   2.60743420E-001
   1189.72991   2.14589617E-001
   1188.39613   1.84422413E-001
   1187.06235   1.68087616E-001
   1185.72858   1.63616559E-001
   1184.39480   1.70870121E-001
   1183.06102   1.91185755E-001
   1181.72724   2.24376405E-001
   1180.39346   2.59523321E-001
   1179.05969   2.68818128E-001
   1177.72591   2.38259826E-001
   1176.39213   1.91064227E-001
   1175.05835   1.50040461E-001
   1173.72457   1.20417200E-001
   1172.39080   9.99994985E-002
   1171.05702   8.58775826E-002
   1169.72324   7.59416385E-002
   1168.38946   6.88435734E-002
   1167.05569   6.37479565E-002
   1165.72191   6.01415090E-002
   1164.38813   5.77157650E-002
   1163.05435   5.63004107E-002
   1161.72057   5.58290467E-002
   1160.38680   5.63272864E-002
   1159.05302   5.79197068E-002
   1157.71924   6.08578414E-002
   1156.38546   6.55776731E-002
   1155.05168   7.28028419E-002
   1153.71791   8.37153578E-002
   1152.38413   1.00190749E-001
   1151.05035   1.24901314E-001
   1149.71657   1.60228346E-001
   1148.38279   2.02763375E-001
   1147.04902   2.32974837E-001
   1145.71524   2.25820603E-001
   1144.38146   1.89300926E-001
   1143.04768   1.50751491E-001
   1141.71390   1.22685929E-001
   1140.38013   1.05464254E-001
   1139.04635   9.68267377E-002
   1137.71257   9.52495450E-002
   1136.37879   1.00479430E-001
   1135.04502   1.13335667E-001
   1133.71124   1.34488767E-001
   1132.37746   1.60002361E-001
   1131.04368   1.75095345E-001
   1129.70990   1.65677345E-001
   1128.37613   1.41057738E-001
   1127.04235   1.18168360E-001
   1125.70857   1.03321379E-001
   1124.37479   9.64189819E-002
   1123.04101   9.65063958E-002
   1121.70724   1.03521937E-001
   1120.37346   1.18485048E-001
   1119.03968   1.42570959E-001
   1117.70590   1.73200013E-001
   1116.37212   1.97660559E-001
   1115.03835   2.02173718E-001
   1113.70457   1.95561674E-001
   1112.37079   1.95312771E-001
   1111.03701   2.01725623E-001
   1109.70323   1.97147053E-001
   1108.36946   1.71292046E-001
   1107.03568   1.37543932E-001
   1105.70190   1.09300523E-001
   1104.36812   8.92365326E-002
   1103.03434   7.56101809E-002
   1101.70057   6.63725230E-002
   1100.36679   6.00565705E-002
   1099.03301   5.57198136E-002
   1097.69923   5.27685282E-002
   1096.36546   5.08258952E-002
   1095.03168   4.96495071E-002
   1093.69790   4.90819547E-002
   1092.36412   4.90213210E-002
   1091.03034   4.94034149E-002
   1089.69657   5.01910105E-002
   1088.36279   5.13673924E-002
   1087.02901   5.29326720E-002
   1085.69523   5.49020132E-002
   1084.36145   5.73053141E-002
   1083.02768   6.01881540E-002
   1081.69390   6.36140162E-002
   1080.36012   6.76679800E-002
   1079.02634   7.24622835E-002
   1077.69256   7.81444343E-002
   1076.35879   8.49089546E-002
   1075.02501   9.30144804E-002
   1073.69123   1.02808963E-001
   1072.35745   1.14767433E-001
   1071.02367   1.29549681E-001
   1069.68990   1.48090282E-001
   1068.35612   1.71742253E-001
   1067.02234   2.02511381E-001
   1065.68856   2.43445543E-001
   1064.35478   2.99286639E-001
   1063.02101   3.77540147E-001
   1061.68723   4.90055199E-001
   1060.35345   6.54438992E-001
   1059.01967   8.90768356E-001
   1057.68590   1.19715793E+000
   1056.35212   1.48707130E+000
   1055.01834   1.59793309E+000
   1053.68456   1.51356348E+000
   1052.35078   1.35549397E+000
   1051.01701   1.14976573E+000
   1049.68323   9.07338844E-001
   1048.34945   6.90775795E-001
   1047.01567   5.31046293E-001
   1045.68189   4.21906461E-001
   1044.34812   3.48875055E-001
   1043.01434   3.00464858E-001
   1041.68056   2.69245735E-001
   1040.34678   2.50801815E-001
   1039.01300   2.42801304E-001
   1037.67923   2.44484462E-001
   1036.34545   2.56499465E-001
   1035.01167   2.80881252E-001
   1033.67789   3.20399474E-001
   1032.34411   3.74613958E-001
   1031.01034   4.29476781E-001
   1029.67656   4.57390862E-001
   1028.34278   4.55864809E-001
   1027.00900   4.55582031E-001
   1025.67523   4.80001089E-001
   1024.34145   5.38959782E-001
   1023.00767   6.40934272E-001
   1021.67389   7.99176980E-001
   1020.34011   1.03068542E+000
   1019.00634   1.35029639E+000
   1017.67256   1.77145275E+000
   1016.33878   2.27914886E+000
   1015.00500   2.72710658E+000
   1013.67122   2.86605279E+000
   1012.33745   2.56889779E+000
   1011.00367   2.01140921E+000
   1009.66989   1.47754812E+000
   1008.33611   1.07930972E+000
   1007.00233   8.04725689E-001
   1005.66856   6.17145963E-001
   1004.33478   4.87038304E-001
   1003.00100   3.94793782E-001
   1001.66722   3.28058000E-001
   1000.33344   2.79143644E-001
    998.99967   2.43273431E-001
    997.66589   2.17331025E-001
    996.33211   1.98455479E-001
    994.99833   1.82490965E-001
    993.66455   1.65672107E-001
    992.33078   1.48767829E-001
    990.99700   1.34356074E-001
    989.66322   1.23239449E-001
    988.32944   1.15081078E-001
    986.99567   1.09410974E-001
    985.66189   1.05929735E-001
    984.32811   1.04542583E-001
    982.99433   1.05357498E-001
    981.66055   1.08709878E-001
    980.32678   1.15234619E-001
    978.99300   1.26009256E-001
    977.65922   1.42808747E-001
    976.32544   1.68527512E-001
    974.99166   2.07772214E-001
    973.65789   2.67191729E-001
    972.32411   3.53103954E-001
    970.99033   4.58617855E-001
    969.65655   5.37100934E-001
    968.32277   5.22194080E-001
    966.98900   4.26991378E-001
    965.65522   3.21188951E-001
    964.32144   2.39344869E-001
    962.98766   1.82729090E-001
    961.65388   1.44302217E-001
    960.32011   1.17860127E-001
    958.98633   9.92481140E-002
    957.65255   8.58577558E-002
    956.31877   7.60640877E-002
    954.98499   6.88471583E-002
    953.65122   6.35646611E-002
    952.31744   5.98206443E-002
    950.98366   5.73931368E-002
    949.64988   5.62002189E-002
    948.31611   5.62955684E-002
    946.98233   5.78920713E-002
    945.64855   6.14133268E-002
    944.31477   6.75473911E-002
    942.98099   7.71407690E-002
    941.64722   9.03616081E-002
    940.31344   1.04655330E-001
    938.97966   1.15626200E-001
    937.64588   1.25210337E-001
    936.31210   1.40963726E-001
    934.97833   1.64366203E-001
    933.64455   1.82494221E-001
    932.31077   1.75467787E-001
    930.97699   1.46015214E-001
    929.64321   1.13919961E-001
    928.30944   8.91823824E-002
    926.97566   7.21275161E-002
    925.64188   6.06471077E-002
    924.30810   5.28909010E-002
    922.97432   4.76257211E-002
    921.64055   4.40867980E-002
    920.30677   4.18121332E-002
    918.97299   4.05327683E-002
    917.63921   4.01097367E-002
    916.30544   4.05024156E-002
    914.97166   4.17590314E-002
    913.63788   4.40263564E-002
    912.30410   4.75814676E-002
    910.97032   5.28949644E-002
    909.63655   6.07425412E-002
    908.30277   7.23831933E-002
    906.96899   8.97735554E-002
    905.63521   1.15490364E-001
    904.30143   1.50873299E-001
    902.96766   1.88998369E-001
    901.63388   2.07253594E-001
    900.30010   1.89243674E-001
    898.96632   1.52253170E-001
    897.63254   1.18586045E-001
    896.29877   9.48377593E-002
    894.96499   7.96775883E-002
    893.63121   7.07002530E-002
    892.29743   6.62140712E-002
    890.96365   6.53466136E-002
    889.62988   6.79127501E-002
    888.29610   7.43743545E-002
    886.96232   8.59227606E-002
    885.62854   1.04539310E-001
    884.29476   1.32280001E-001
    882.96099   1.67319944E-001
    881.62721   1.95212059E-001
    880.29343   1.93579966E-001
    878.95965   1.64786314E-001
    877.62588   1.32010848E-001
    876.29210   1.07927691E-001
    874.95832   9.37473143E-002
    873.62454   8.73068050E-002
    872.29076   8.51295742E-002
    870.95699   8.20314724E-002
    869.62321   7.51629390E-002
    868.28943   6.71903024E-002
    866.95565   6.10019946E-002
    865.62187   5.71646540E-002
    864.28810   5.52761049E-002
    862.95432   5.48855616E-002
    861.62054   5.56964102E-002
    860.28676   5.75561458E-002
    858.95298   6.04212862E-002
    857.61921   6.43349671E-002
    856.28543   6.94197754E-002
    854.95165   7.58840775E-002
    853.61787   8.40420169E-002
    852.28409   9.43505633E-002
    850.95032   1.07471378E-001
    849.61654   1.24372079E-001
    848.28276   1.46492999E-001
    846.94898   1.76025340E-001
    845.61521   2.16378501E-001
    844.28143   2.72952550E-001
    842.94765   3.54307050E-001
    841.61387   4.73349157E-001
    840.28009   6.45649389E-001
    838.94632   8.73318799E-001
    837.61254   1.09575688E+000
    836.27876   1.17005160E+000
    834.94498   1.04753843E+000
    833.61120   8.63356760E-001
    832.27743   7.33506983E-001
    830.94365   6.88753662E-001
    829.60987   7.25239988E-001
    828.27609   8.14986209E-001
    826.94231   8.75198615E-001
    825.60854   8.10224958E-001
    824.27476   6.48413317E-001
    822.94098   4.84956888E-001
    821.60720   3.60791799E-001
    820.27342   2.74235545E-001
    818.93965   2.14392990E-001
    817.60587   1.72226056E-001
    816.27209   1.41716879E-001
    814.93831   1.19047375E-001
    813.60453   1.01789859E-001
    812.27076   8.83705901E-002
    810.93698   7.77440278E-002
    809.60320   6.91979068E-002
    808.26942   6.22353906E-002
    806.93565   5.65024137E-002
    805.60187   5.17418664E-002
    804.26809   4.77640506E-002
    802.93431   4.44272234E-002
    801.60053   4.16245517E-002
    800.26676   3.92752409E-002
    798.93298   3.73184616E-002
    797.59920   3.57092127E-002
    796.26542   3.44155891E-002
    794.93164   3.34171379E-002
    793.59787   3.27041455E-002
    792.26409   3.22778344E-002
    790.93031   3.21515875E-002
    789.59653   3.23535050E-002
    788.26275   3.29308727E-002
    786.92898   3.39575780E-002
    785.59520   3.55462936E-002
    784.26142   3.78686163E-002
    782.92764   4.11886630E-002
    781.59386   4.59190519E-002
    780.26009   5.27106326E-002
    778.92631   6.25742286E-002
    777.59253   7.69339673E-002
    776.25875   9.70796262E-002
    774.92497   1.21468323E-001
    773.59120   1.41080952E-001
    772.25742   1.45651683E-001
    770.92364   1.41353924E-001
    769.58986   1.42431357E-001
    768.25609   1.54719688E-001
    766.92231   1.73059379E-001
    765.58853   1.84006685E-001
    764.25475   1.84009712E-001
    762.92097   1.87667926E-001
    761.58720   2.07707614E-001
    760.25342   2.43477249E-001
    758.91964   2.73585862E-001
    757.58586   2.64427162E-001
    756.25208   2.17095872E-001
    754.91831   1.63614574E-001
    753.58453   1.21678120E-001
    752.25075   9.23846963E-002
    750.91697   7.23207726E-002
    749.58319   5.83692877E-002
    748.24942   4.84161686E-002
    746.91564   4.11212900E-002
    745.58186   3.56391922E-002
    744.24808   3.14276531E-002
    742.91430   2.81307613E-002
    741.58053   2.55091682E-002
    740.24675   2.33982140E-002
    738.91297   2.16823493E-002
    737.57919   2.02791917E-002
    736.24542   1.91293972E-002
    734.91164   1.81901394E-002
    733.57786   1.74309045E-002
    732.24408   1.68308490E-002
    730.91030   1.63773006E-002
    729.57653   1.60652127E-002
    728.24275   1.58975758E-002
    726.90897   1.58870069E-002
    725.57519   1.60590372E-002
    724.24141   1.64580840E-002
    722.90764   1.71577435E-002
    721.57386   1.82774295E-002
    720.24008   2.00045017E-002
    718.90630   2.26006221E-002
    717.57252   2.62840234E-002
    716.23875   3.06870781E-002
    714.90497   3.40009879E-002
    713.57119   3.43383881E-002
    712.23741   3.29613391E-002
    710.90363   3.24845194E-002
    709.56986   3.42862321E-002
    708.23608   3.90425657E-002
    706.90230   4.74163706E-002
    705.56852   5.94259047E-002
    704.23474   7.16419169E-002
    702.90097   7.54625363E-002
    701.56719   6.68826757E-002
    700.23341   5.32736499E-002
    698.89963   4.15773992E-002
    697.56586   3.33332812E-002
    696.23208   2.78627220E-002
    694.89830   2.42894134E-002
    693.56452   2.19863407E-002
    692.23074   2.05609442E-002
    690.89697   1.97796986E-002
    689.56319   1.95117736E-002
    688.22941   1.96959312E-002
    686.89563   2.03242154E-002
    685.56185   2.14377510E-002
    684.22808   2.31331322E-002
    682.89430   2.55810584E-002
    681.56052   2.90626024E-002
    680.22674   3.40333865E-002
    678.89296   4.12305274E-002
    677.55919   5.18278283E-002
    676.22541   6.75511221E-002
    674.89163   9.02132111E-002
    673.55785   1.18789418E-001
    672.22407   1.42418207E-001
    670.89030   1.42610496E-001
    669.55652   1.19354230E-001
    668.22274   9.11394115E-002
    666.88896   6.88453632E-002
    665.55519   5.35077685E-002
    664.22141   4.33199398E-002
    662.88763   3.65614491E-002
    661.55385   3.20645800E-002
    660.22007   2.90993148E-002
    658.88630   2.72182439E-002
    657.55252   2.61496618E-002
    656.21874   2.57333353E-002
    654.88496   2.58839419E-002
    653.55118   2.65716210E-002
    652.21741   2.78137182E-002
    650.88363   2.96750491E-002
    649.54985   3.22763931E-002
    648.21607   3.58131696E-002
    646.88229   4.05891135E-002
    645.54852   4.70742181E-002
    644.21474   5.60034309E-002
    642.88096   6.85429896E-002
    641.54718   8.65576680E-002
    640.21340   1.12966284E-001
    638.87963   1.51846868E-001
    637.54585   2.06573946E-001
    636.21207   2.71279996E-001
    634.87829   3.16863773E-001
    633.54451   3.07655598E-001
    632.21074   2.52634688E-001
    630.87696   1.90881397E-001
    629.54318   1.43149126E-001
    628.20940   1.10820112E-001
    626.87563   8.99352797E-002
    625.54185   7.69388651E-002
    624.20807   6.95810015E-002
    622.87429   6.67065504E-002
    621.54051   6.80055021E-002
    620.20674   7.38432670E-002
    618.87296   8.48439155E-002
    617.53918   1.00142569E-001
    616.20540   1.13561306E-001
    614.87162   1.15419654E-001
    613.53785   1.06727293E-001
    612.20407   9.79708390E-002
    610.87029   9.54793596E-002
    609.53651   1.01019796E-001
    608.20273   1.15813979E-001
    606.86896   1.42400028E-001
    605.53518   1.84798513E-001
    604.20140   2.45479037E-001
    602.86762   3.13326749E-001
    601.53384   3.48718260E-001
    600.20007   3.18314927E-001
    598.86629   2.49819241E-001
    597.53251   1.85208733E-001
    596.19873   1.38135948E-001
    594.86495   1.06490167E-001
    593.53118   8.56439990E-002
    592.19740   7.20944283E-002
    590.86362   6.36852683E-002
    589.52984   5.92642939E-002
    588.19607   5.84256420E-002
    586.86229   6.14018117E-002
    585.52851   6.89946063E-002
    584.19473   8.20787611E-002
    582.86095   9.92766871E-002
    581.52718   1.12257028E-001
    580.19340   1.09330088E-001
    578.85962   9.29457446E-002
    577.52584   7.55554655E-002
    576.19206   6.35173724E-002
    574.85829   5.75398574E-002
    573.52451   5.71114604E-002
    572.19073   6.18206281E-002
    570.85695   7.00754124E-002
    569.52317   7.60388554E-002
    568.18940   7.20517163E-002
    566.85562   5.96764875E-002
    565.52184   4.66001329E-002
    564.18806   3.64856377E-002
    562.85428   2.93655259E-002
    561.52051   2.44032070E-002
    560.18673   2.08768469E-002
    558.85295   1.83017138E-002
    557.51917   1.63699471E-002
    556.18540   1.48860570E-002
    554.85162   1.37235840E-002
    553.51784   1.27987221E-002
    552.18406   1.20545594E-002
    550.85028   1.14515800E-002
    549.51651   1.09618323E-002
    548.18273   1.05652728E-002
    546.84895   1.02474266E-002
    545.51517   9.99786616E-003
    544.18139   9.80921379E-003
    542.84762   9.67648976E-003
    541.51384   9.59670084E-003
    540.18006   9.56860535E-003
    538.84628   9.59262080E-003
    537.51250   9.67086044E-003
    536.17873   9.80730344E-003
    534.84495   1.00081221E-002
    533.51117   1.02822131E-002
    532.17739   1.06420147E-002
    530.84361   1.11047442E-002
    529.50984   1.16942788E-002
    528.17606   1.24440516E-002
    526.84228   1.34015912E-002
    525.50850   1.46357897E-002
    524.17472   1.62487857E-002
    522.84095   1.83957276E-002
    521.50717   2.13177867E-002
    520.17339   2.53956656E-002
    518.83961   3.12250552E-002
    517.50584   3.96650179E-002
    516.17206   5.15755062E-002
    514.83828   6.63198094E-002
    513.50450   7.85814527E-002
    512.17072   8.05540429E-002
    510.83695   7.40001775E-002
    509.50317   6.80380486E-002
    508.16939   6.77381513E-002
    506.83561   7.31229600E-002
    505.50183   7.96668265E-002
    504.16806   7.99451667E-002
    502.83428   7.34054367E-002
    501.50050   6.70676648E-002
    500.16672   6.53092834E-002
    498.83294   6.73561175E-002
    497.49917   6.84580525E-002
    496.16539   6.49022756E-002
    494.83161   5.95306082E-002
    493.49783   5.66410856E-002
    492.16405   5.79669873E-002
    490.83028   6.41636510E-002
    489.49650   7.63131366E-002
    488.16272   9.65081119E-002
    486.82894   1.27648211E-001
    485.49517   1.70623824E-001
    484.16139   2.14804578E-001
    482.82761   2.30903830E-001
    481.49383   2.02919645E-001
    480.16005   1.55314477E-001
    478.82628   1.13367736E-001
    477.49250   8.32456567E-002
    476.15872   6.27390303E-002
    474.82494   4.87365935E-002
    473.49116   3.89611149E-002
    472.15739   3.19495833E-002
    470.82361   2.67849712E-002
    469.48983   2.28870213E-002
    468.15605   1.98806913E-002
    466.82227   1.75175285E-002
    465.48850   1.56288268E-002
    464.15472   1.40973201E-002
    462.82094   1.28397191E-002
    461.48716   1.17956922E-002
    460.15338   1.09207524E-002
    458.81961   1.01815664E-002
    457.48583   9.55279706E-003
    456.15205   9.01493758E-003
    454.81827   8.55280015E-003
    453.48449   8.15444473E-003
    452.15072   7.81040869E-003
    450.81694   7.51314627E-003
    449.48316   7.25661620E-003
    448.14938   7.03597640E-003
    446.81561   6.84735685E-003
    445.48183   6.68769136E-003
    444.14805   6.55459462E-003
    442.81427   6.44627554E-003
    441.48049   6.36148137E-003
    440.14672   6.29946996E-003
    438.81294   6.26001006E-003
    437.47916   6.24341338E-003
    436.14538   6.25060537E-003
    434.81160   6.28324892E-003
    433.47783   6.34394393E-003
    432.14405   6.43654283E-003
    430.81027   6.56664959E-003
    429.47649   6.74241882E-003
    428.14271   6.97585668E-003
    426.80894   7.28496506E-003
    425.47516   7.69725822E-003
    424.14138   8.25519945E-003
    422.80760   9.02268507E-003
    421.47382   1.00832051E-002
    420.14005   1.14880712E-002
    418.80627   1.30671418E-002
    417.47249   1.42659261E-002
    416.13871   1.47899581E-002
    414.80493   1.52578696E-002
    413.47116   1.64215116E-002
    412.13738   1.87087343E-002
    410.80360   2.23395295E-002
    409.46982   2.69549864E-002
    408.13605   3.06019742E-002
    406.80227   3.06836786E-002
    405.46849   2.79079905E-002
    404.13471   2.51172745E-002
    402.80093   2.37256189E-002
    401.46716   2.39160246E-002
    400.13338   2.56519123E-002
    398.79960   2.90769776E-002
    397.46582   3.46481475E-002
    396.13204   4.32505147E-002
    394.79827   5.63090006E-002
    393.46449   7.55521805E-002
    392.13071   1.01031863E-001
    390.79693   1.25230967E-001
    389.46315   1.31056988E-001
    388.12938   1.12983021E-001
    386.79560   8.66196130E-002
    385.46182   6.45628430E-002
    384.12804   4.91419837E-002
    382.79426   3.89050205E-002
    381.46049   3.21792871E-002
    380.12671   2.77933448E-002
    378.79293   2.50207609E-002
    377.45915   2.34354645E-002
    376.12538   2.28090365E-002
    374.79160   2.30544189E-002
    373.45782   2.42050640E-002
    372.12404   2.64239523E-002
    370.79026   3.00448640E-002
    369.45649   3.56544949E-002
    368.12271   4.42160273E-002
    366.78893   5.71495441E-002
    365.45515   7.58800784E-002
    364.12137   9.92260599E-002
    362.78760   1.17610313E-001
    361.45382   1.16180506E-001
    360.12004   9.64518386E-002
    358.78626   7.36670097E-002
    357.45248   5.60248263E-002
    356.11871   4.40775096E-002
    354.78493   3.63363144E-002
    353.45115   3.14561069E-002
    352.11737   2.85577243E-002
    350.78359   2.71325517E-002
    349.44982   2.69301125E-002
    348.11604   2.78938338E-002
    346.78226   3.01447737E-002
    345.44848   3.40107594E-002
    344.11470   4.01051734E-002
    342.78093   4.94509824E-002
    341.44715   6.35490124E-002
    340.11337   8.38458810E-002
    338.77959   1.08943562E-001
    337.44582   1.29315212E-001
    336.11204   1.32347933E-001
    334.77826   1.20096262E-001
    333.44448   1.01609330E-001
    332.11070   8.19161072E-002
    330.77693   6.55148529E-002
    329.44315   5.44377614E-002
    328.10937   4.82877448E-002
    326.77559   4.62782835E-002
    325.44181   4.81375606E-002
    324.10804   5.42951713E-002
    322.77426   6.57726592E-002
    321.44048   8.31852494E-002
    320.10670   1.03013201E-001
    318.77292   1.13022079E-001
    317.43915   1.02974689E-001
    316.10537   8.13669581E-002
    314.77159   6.10225987E-002
    313.43781   4.60783975E-002
    312.10403   3.58507499E-002
    310.77026   2.88844932E-002
    309.43648   2.40586740E-002
    308.10270   2.06446032E-002
    306.76892   1.81859615E-002
    305.43515   1.63964180E-002
    304.10137   1.50940521E-002
    302.76759   1.41621982E-002
    301.43381   1.35264644E-002
    300.10003   1.31413680E-002
    298.76626   1.29828312E-002
    297.43248   1.30445274E-002
    296.09870   1.33371489E-002
    294.76492   1.38904378E-002
    293.43114   1.47585445E-002
    292.09737   1.60301958E-002
    290.76359   1.78465641E-002
    289.42981   2.04319700E-002
    288.09603   2.41455391E-002
    286.76225   2.95624233E-002
    285.42848   3.75716126E-002
    284.09470   4.93456366E-002
    282.76092   6.55227311E-002
    281.42714   8.30902866E-002
    280.09336   9.20561805E-002
    278.75959   8.51642599E-002
    277.42581   7.02684975E-002
    276.09203   5.76367014E-002
    274.75825   5.05208795E-002
    273.42447   4.80700262E-002
    272.09070   4.71934643E-002
    270.75692   4.39514288E-002
    269.42314   3.80825756E-002
    268.08936   3.24702262E-002
    266.75559   2.87246582E-002
    265.42181   2.69800441E-002
    264.08803   2.70698570E-002
    262.75425   2.90270236E-002
    261.42047   3.32231483E-002
    260.08670   4.04065635E-002
    258.75292   5.14576886E-002
    257.41914   6.59250803E-002
    256.08536   7.83612567E-002
    254.75158   7.88732596E-002
    253.41781   6.66771622E-002
    252.08403   5.14331114E-002
    250.75025   3.92428505E-002
    249.41647   3.08164074E-002
    248.08269   2.52174887E-002
    246.74892   2.15244911E-002
    245.41514   1.91132015E-002
    244.08136   1.76034399E-002
    242.74758   1.67802693E-002
    241.41380   1.65433958E-002
    240.08003   1.68843384E-002
    238.74625   1.78831923E-002
    237.41247   1.97050875E-002
    236.07869   2.25160732E-002
    234.74491   2.60787255E-002
    233.41114   2.89712254E-002
    232.07736   2.93093983E-002
    230.74358   2.76618871E-002
    229.40980   2.61532553E-002
    228.07603   2.58528368E-002
    226.74225   2.69396332E-002
    225.40847   2.94522009E-002
    224.07469   3.35900978E-002
    222.74091   3.98274030E-002
    221.40714   4.90345459E-002
    220.07336   6.26737448E-002
    218.73958   8.30240770E-002
    217.40580   1.12984665E-001
    216.07202   1.53528182E-001
    214.73825   1.94994582E-001
    213.40447   2.10530683E-001
    212.07069   1.85428356E-001
    210.73691   1.42184446E-001
    209.40313   1.04083730E-001
    208.06936   7.68291107E-002
    206.73558   5.84082542E-002
    205.40180   4.59743237E-002
    204.06802   3.74468650E-002
    202.73424   3.14954873E-002
    201.40047   2.72946175E-002
    200.06669   2.43328185E-002
    198.73291   2.22942371E-002
    197.39913   2.09899519E-002
    196.06536   2.03206009E-002
    194.73158   2.02595314E-002
    193.39780   2.08518825E-002
    192.06402   2.22298278E-002
    190.73024   2.46484666E-002
    189.39647   2.85489684E-002
    188.06269   3.46421145E-002
    186.72891   4.39124375E-002
    185.39513   5.70559598E-002
    184.06135   7.20665848E-002
    182.72758   8.07722271E-002
    181.39380   7.52710877E-002
    180.06002   6.07144993E-002
    178.72624   4.65252503E-002
    177.39246   3.60961932E-002
    176.05869   2.90882806E-002
    174.72491   2.44863090E-002
    173.39113   2.14927176E-002
    172.05735   1.95958834E-002
    170.72357   1.84894274E-002
    169.38980   1.80011441E-002
    168.05602   1.80499914E-002
    166.72224   1.86254512E-002
    165.38846   1.97839771E-002
    164.05468   2.16614503E-002
    162.72091   2.45051632E-002
    161.38713   2.87329609E-002
    160.05335   3.50245041E-002
    158.71957   4.44054631E-002
    157.38580   5.80570804E-002
    156.05202   7.58395815E-002
    154.71824   9.21935660E-002
    153.38446   9.56540636E-002
    152.05068   8.38868822E-002
    150.71691   6.79496004E-002
    149.38313   5.59300556E-002
    148.04935   4.94214412E-002
    146.71557   4.78991572E-002
    145.38179   5.05452687E-002
    144.04802   5.53082686E-002
    142.71424   5.73447553E-002
    141.38046   5.30431547E-002
    140.04668   4.55233509E-002
    138.71290   3.91615659E-002
    137.37913   3.53395480E-002
    136.04535   3.39269248E-002
    134.71157   3.46833921E-002
    133.37779   3.76808893E-002
    132.04401   4.34031693E-002
    130.71024   5.27153108E-002
    129.37646   6.62886939E-002
    128.04268   8.21876346E-002
    126.70890   9.22142416E-002
    125.37513   8.79767795E-002
    124.04135   7.43597764E-002
    122.70757   6.12213483E-002
    121.37379   5.23513912E-002
    120.04001   4.76135300E-002
    118.70624   4.61934804E-002
    117.37246   4.76156497E-002
    116.03868   5.18910974E-002
    114.70490   5.94843537E-002
    113.37112   7.10697539E-002
    112.03735   8.65367139E-002
    110.70357   1.03533645E-001
    109.36979   1.20337152E-001
    108.03601   1.41255332E-001
    106.70223   1.69550974E-001
    105.36846   1.94709974E-001
    104.03468   1.96097465E-001
    102.70090   1.73940428E-001
    101.36712   1.49567463E-001
    100.03334   1.36197272E-001
     98.69957   1.36580838E-001
     97.36579   1.50067006E-001
     96.03201   1.72286760E-001
     94.69823   1.90297506E-001
     93.36445   1.91777457E-001
     92.03068   1.84283350E-001
     90.69690   1.81039361E-001
     89.36312   1.86121341E-001
     88.02934   2.02899721E-001
     86.69557   2.34903198E-001
     85.36179   2.78229576E-001
     84.02801   3.25964165E-001
     82.69423   3.77196996E-001
     81.36045   4.11815092E-001
     80.02668   3.88546446E-001
     78.69290   3.14292053E-001
     77.35912   2.35259476E-001
     76.02534   1.74687296E-001
     74.69156   1.33036739E-001
     73.35779   1.05118044E-001
     72.02401   8.64578879E-002
     70.69023   7.41420342E-002
     69.35645   6.64717163E-002
     68.02267   6.26038275E-002
     66.68890   6.23401676E-002
     65.35512   6.59683704E-002
     64.02134   7.37768499E-002
     62.68756   8.44589933E-002
     61.35378   9.35620880E-002
     60.02001   9.84995667E-002
     58.68623   1.03411391E-001
     57.35245   1.09148824E-001
     56.01867   1.07031353E-001
     54.68489   9.24056491E-002
     53.35112   7.35204531E-002
     52.01734   5.79212881E-002
     50.68356   4.70447392E-002
     49.34978   3.99449369E-002
     48.01601   3.55609414E-002
     46.68223   3.32032790E-002
     45.34845   3.25410259E-002
     44.01467   3.35457127E-002
     42.68089   3.64881517E-002
     41.34712   4.19956109E-002
     40.01334   5.11108916E-002
     38.67956   6.50248241E-002
     37.34578   8.33073470E-002
     36.01200   9.93274552E-002
     34.67823   1.00583776E-001
     33.34445   8.56428324E-002
     32.01067   6.66828780E-002
     30.67689   5.17340190E-002
     29.34311   4.19464658E-002
     28.00934   3.63744834E-002
     26.67556   3.41806171E-002
     25.34178   3.49640842E-002
     24.00800   3.82320040E-002
     22.67422   4.19002128E-002
     21.34045   4.16976091E-002
     20.00667   3.61038343E-002
     18.67289   2.87178615E-002
     17.33911   2.25089951E-002
     16.00534   1.80064047E-002
     14.67156   1.48331788E-002
     13.33778   1.25621956E-002
     12.00400   1.08894777E-002
     10.67022   9.61916375E-003
      9.33645   8.62672839E-003
      8.00267   7.83179833E-003
      6.66889   7.18120516E-003
      5.33511   6.63881633E-003
      4.00133   6.17942036E-003
      2.66756   5.78498639E-003
      1.33378   5.44232420E-003
      0.00000   5.14158472E-003
