   4000.00000   4.38448554E-003
   3998.66622   4.40578954E-003
   3997.33244   4.42726857E-003
   3995.99867   4.44892471E-003
   3994.66489   4.47076006E-003
   3993.33111   4.49277676E-003
   3991.99733   4.51497698E-003
   3990.66355   4.53736295E-003
   3989.32978   4.55993689E-003
   3987.99600   4.58270109E-003
   3986.66222   4.60565787E-003
   3985.32844   4.62880957E-003
   3983.99466   4.65215859E-003
   3982.66089   4.67570736E-003
   3981.32711   4.69945833E-003
   3979.99333   4.72341403E-003
   3978.65955   4.74757700E-003
   3977.32578   4.77194983E-003
   3975.99200   4.79653515E-003
   3974.65822   4.82133563E-003
   3973.32444   4.84635401E-003
   3971.99066   4.87159303E-003
   3970.65689   4.89705553E-003
   3969.32311   4.92274434E-003
   3967.98933   4.94866238E-003
   3966.65555   4.97481260E-003
   3965.32177   5.00119801E-003
   3963.98800   5.02782166E-003
   3962.65422   5.05468666E-003
   3961.32044   5.08179617E-003
   3959.98666   5.10915341E-003
   3958.65288   5.13676165E-003
   3957.31911   5.16462420E-003
   3955.98533   5.19274447E-003
   3954.65155   5.22112589E-003
   3953.31777   5.24977196E-003
   3951.98399   5.27868625E-003
   3950.65022   5.30787240E-003
   3949.31644   5.33733408E-003
   3947.98266   5.36707506E-003
   3946.64888   5.39709917E-003
   3945.31511   5.42741030E-003
   3943.98133   5.45801241E-003
   3942.64755   5.48890954E-003
   3941.31377   5.52010579E-003
   3939.97999   5.55160536E-003
   3938.64622   5.58341250E-003
   3937.31244   5.61553154E-003
   3935.97866   5.64796692E-003
   3934.64488   5.68072312E-003
   3933.31110   5.71380474E-003
   3931.97733   5.74721643E-003
   3930.64355   5.78096297E-003
   3929.30977   5.81504919E-003
   3927.97599   5.84948004E-003
   3926.64221   5.88426055E-003
   3925.30844   5.91939584E-003
   3923.97466   5.95489114E-003
   3922.64088   5.99075178E-003
   3921.30710   6.02698320E-003
   3919.97332   6.06359092E-003
   3918.63955   6.10058059E-003
   3917.30577   6.13795796E-003
   3915.97199   6.17572891E-003
   3914.63821   6.21389941E-003
   3913.30443   6.25247557E-003
   3911.97066   6.29146361E-003
   3910.63688   6.33086988E-003
   3909.30310   6.37070085E-003
   3907.96932   6.41096314E-003
   3906.63555   6.45166348E-003
   3905.30177   6.49280876E-003
   3903.96799   6.53440599E-003
   3902.63421   6.57646233E-003
   3901.30043   6.61898510E-003
   3899.96666   6.66198177E-003
   3898.63288   6.70545995E-003
   3897.29910   6.74942741E-003
   3895.96532   6.79389212E-003
   3894.63154   6.83886217E-003
   3893.29777   6.88434585E-003
   3891.96399   6.93035162E-003
   3890.63021   6.97688812E-003
   3889.29643   7.02396419E-003
   3887.96265   7.07158883E-003
   3886.62888   7.11977128E-003
   3885.29510   7.16852094E-003
   3883.96132   7.21784744E-003
   3882.62754   7.26776062E-003
   3881.29376   7.31827053E-003
   3879.95999   7.36938746E-003
   3878.62621   7.42112192E-003
   3877.29243   7.47348465E-003
   3875.95865   7.52648664E-003
   3874.62487   7.58013914E-003
   3873.29110   7.63445365E-003
   3871.95732   7.68944192E-003
   3870.62354   7.74511600E-003
   3869.28976   7.80148819E-003
   3867.95599   7.85857110E-003
   3866.62221   7.91637763E-003
   3865.28843   7.97492097E-003
   3863.95465   8.03421465E-003
   3862.62087   8.09427249E-003
   3861.28710   8.15510867E-003
   3859.95332   8.21673769E-003
   3858.61954   8.27917442E-003
   3857.28576   8.34243408E-003
   3855.95198   8.40653226E-003
   3854.61821   8.47148494E-003
   3853.28443   8.53730850E-003
   3851.95065   8.60401971E-003
   3850.61687   8.67163578E-003
   3849.28309   8.74017434E-003
   3847.94932   8.80965347E-003
   3846.61554   8.88009170E-003
   3845.28176   8.95150806E-003
   3843.94798   9.02392204E-003
   3842.61420   9.09735365E-003
   3841.28043   9.17182341E-003
   3839.94665   9.24735238E-003
   3838.61287   9.32396219E-003
   3837.27909   9.40167501E-003
   3835.94532   9.48051364E-003
   3834.61154   9.56050145E-003
   3833.27776   9.64166247E-003
   3831.94398   9.72402136E-003
   3830.61020   9.80760346E-003
   3829.27643   9.89243480E-003
   3827.94265   9.97854214E-003
   3826.60887   1.00659530E-002
   3825.27509   1.01546955E-002
   3823.94131   1.02447989E-002
   3822.60754   1.03362929E-002
   3821.27376   1.04292084E-002
   3819.93998   1.05235768E-002
   3818.60620   1.06194307E-002
   3817.27242   1.07168036E-002
   3815.93865   1.08157298E-002
   3814.60487   1.09162448E-002
   3813.27109   1.10183851E-002
   3811.93731   1.11221883E-002
   3810.60353   1.12276929E-002
   3809.26976   1.13349389E-002
   3807.93598   1.14439673E-002
   3806.60220   1.15548205E-002
   3805.26842   1.16675419E-002
   3803.93464   1.17821765E-002
   3802.60087   1.18987707E-002
   3801.26709   1.20173723E-002
   3799.93331   1.21380306E-002
   3798.59953   1.22607963E-002
   3797.26576   1.23857220E-002
   3795.93198   1.25128619E-002
   3794.59820   1.26422719E-002
   3793.26442   1.27740096E-002
   3791.93064   1.29081348E-002
   3790.59687   1.30447090E-002
   3789.26309   1.31837960E-002
   3787.92931   1.33254614E-002
   3786.59553   1.34697734E-002
   3785.26175   1.36168021E-002
   3783.92798   1.37666204E-002
   3782.59420   1.39193036E-002
   3781.26042   1.40749294E-002
   3779.92664   1.42335785E-002
   3778.59286   1.43953342E-002
   3777.25909   1.45602831E-002
   3775.92531   1.47285146E-002
   3774.59153   1.49001214E-002
   3773.25775   1.50751997E-002
   3771.92397   1.52538490E-002
   3770.59020   1.54361727E-002
   3769.25642   1.56222780E-002
   3767.92264   1.58122760E-002
   3766.58886   1.60062822E-002
   3765.25509   1.62044164E-002
   3763.92131   1.64068029E-002
   3762.58753   1.66135711E-002
   3761.25375   1.68248552E-002
   3759.91997   1.70407949E-002
   3758.58620   1.72615353E-002
   3757.25242   1.74872273E-002
   3755.91864   1.77180282E-002
   3754.58486   1.79541015E-002
   3753.25108   1.81956172E-002
   3751.91731   1.84427529E-002
   3750.58353   1.86956933E-002
   3749.24975   1.89546309E-002
   3747.91597   1.92197665E-002
   3746.58219   1.94913096E-002
   3745.24842   1.97694788E-002
   3743.91464   2.00545021E-002
   3742.58086   2.03466179E-002
   3741.24708   2.06460751E-002
   3739.91330   2.09531337E-002
   3738.57953   2.12680659E-002
   3737.24575   2.15911560E-002
   3735.91197   2.19227020E-002
   3734.57819   2.22630154E-002
   3733.24441   2.26124229E-002
   3731.91064   2.29712665E-002
   3730.57686   2.33399050E-002
   3729.24308   2.37187146E-002
   3727.90930   2.41080903E-002
   3726.57553   2.45084464E-002
   3725.24175   2.49202186E-002
   3723.90797   2.53438645E-002
   3722.57419   2.57798655E-002
   3721.24041   2.62287279E-002
   3719.90664   2.66909849E-002
   3718.57286   2.71671981E-002
   3717.23908   2.76579592E-002
   3715.90530   2.81638925E-002
   3714.57152   2.86856565E-002
   3713.23775   2.92239466E-002
   3711.90397   2.97794975E-002
   3710.57019   3.03530860E-002
   3709.23641   3.09455338E-002
   3707.90263   3.15577108E-002
   3706.56886   3.21905387E-002
   3705.23508   3.28449945E-002
   3703.90130   3.35221147E-002
   3702.56752   3.42229999E-002
   3701.23374   3.49488194E-002
   3699.89997   3.57008168E-002
   3698.56619   3.64803154E-002
   3697.23241   3.72887249E-002
   3695.89863   3.81275480E-002
   3694.56485   3.89983881E-002
   3693.23108   3.99029577E-002
   3691.89730   4.08430873E-002
   3690.56352   4.18207355E-002
   3689.22974   4.28380000E-002
   3687.89597   4.38971302E-002
   3686.56219   4.50005399E-002
   3685.22841   4.61508228E-002
   3683.89463   4.73507687E-002
   3682.56085   4.86033819E-002
   3681.22708   4.99119013E-002
   3679.89330   5.12798234E-002
   3678.55952   5.27109274E-002
   3677.22574   5.42093033E-002
   3675.89196   5.57793834E-002
   3674.55819   5.74259781E-002
   3673.22441   5.91543154E-002
   3671.89063   6.09700858E-002
   3670.55685   6.28794930E-002
   3669.22307   6.48893111E-002
   3667.88930   6.70069494E-002
   3666.55552   6.92405264E-002
   3665.22174   7.15989537E-002
   3663.88796   7.40920323E-002
   3662.55418   7.67305623E-002
   3661.22041   7.95264697E-002
   3659.88663   8.24929518E-002
   3658.55285   8.56446458E-002
   3657.21907   8.89978240E-002
   3655.88530   9.25706208E-002
   3654.55152   9.63832983E-002
   3653.21774   1.00458557E-001
   3651.88396   1.04821901E-001
   3650.55018   1.09502072E-001
   3649.21641   1.14531559E-001
   3647.88263   1.19947212E-001
   3646.54885   1.25790970E-001
   3645.21507   1.32110746E-001
   3643.88129   1.38961487E-001
   3642.54752   1.46406473E-001
   3641.21374   1.54518901E-001
   3639.87996   1.63383839E-001
   3638.54618   1.73100645E-001
   3637.21240   1.83785993E-001
   3635.87863   1.95577672E-001
   3634.54485   2.08639419E-001
   3633.21107   2.23167082E-001
   3631.87729   2.39396599E-001
   3630.54351   2.57614395E-001
   3629.20974   2.78171087E-001
   3627.87596   3.01499770E-001
   3626.54218   3.28140707E-001
   3625.20840   3.58775118E-001
   3623.87462   3.94272112E-001
   3622.54085   4.35754901E-001
   3621.20707   4.84695817E-001
   3619.87329   5.43055232E-001
   3618.53951   6.13488713E-001
   3617.20574   6.99662612E-001
   3615.87196   8.06745780E-001
   3614.53818   9.42193669E-001
   3613.20440   1.11702722E+000
   3611.87062   1.34795904E+000
   3610.53685   1.66096068E+000
   3609.20307   2.09714531E+000
   3607.86929   2.72159103E+000
   3606.53551   3.63188411E+000
   3605.20173   4.94296308E+000
   3603.86796   6.65699315E+000
   3602.53418   8.28313463E+000
   3601.20040   8.73470196E+000
   3599.86662   7.70700036E+000
   3598.53284   6.22607669E+000
   3597.19907   5.10140300E+000
   3595.86529   4.50773926E+000
   3594.53151   4.40959068E+000
   3593.19773   4.79389102E+000
   3591.86395   5.71973165E+000
   3590.53018   7.26365400E+000
   3589.19640   9.24368331E+000
   3587.86262   1.06824632E+001
   3586.52884   1.02579473E+001
   3585.19507   8.28023471E+000
   3583.86129   6.13593510E+000
   3582.52751   4.48673839E+000
   3581.19373   3.34541271E+000
   3579.85995   2.56843023E+000
   3578.52618   2.03134866E+000
   3577.19240   1.65090760E+000
   3575.85862   1.37459138E+000
   3574.52484   1.16935722E+000
   3573.19106   1.01406744E+000
   3571.85729   8.94897591E-001
   3570.52351   8.02605176E-001
   3569.18973   7.30893693E-001
   3567.85595   6.75416856E-001
   3566.52217   6.33162250E-001
   3565.18840   6.02065443E-001
   3563.85462   5.80769008E-001
   3562.52084   5.68477234E-001
   3561.18706   5.64879046E-001
   3559.85328   5.70125565E-001
   3558.51951   5.84859120E-001
   3557.18573   6.10300087E-001
   3555.85195   6.48409462E-001
   3554.51817   7.02161765E-001
   3553.18439   7.75990101E-001
   3551.85062   8.76511969E-001
   3550.51684   1.01372678E+000
   3549.18306   1.20301954E+000
   3547.84928   1.46853844E+000
   3546.51551   1.84879942E+000
   3545.18173   2.40522316E+000
   3543.84795   3.23103456E+000
   3542.51417   4.44008153E+000
   3541.18039   6.05212961E+000
   3539.84662   7.63008492E+000
   3538.51284   8.09367546E+000
   3537.17906   6.99447422E+000
   3535.84528   5.28843930E+000
   3534.51150   3.82664270E+000
   3533.17773   2.78706594E+000
   3531.84395   2.08139304E+000
   3530.51017   1.59981604E+000
   3529.17639   1.26357356E+000
   3527.84261   1.02233325E+000
   3526.50884   8.44576881E-001
   3525.17506   7.10352510E-001
   3523.84128   6.06754331E-001
   3522.50750   5.25226221E-001
   3521.17372   4.59954839E-001
   3519.83995   4.06897584E-001
   3518.50617   3.63182207E-001
   3517.17239   3.26727473E-001
   3515.83861   2.95998069E-001
   3514.50483   2.69842785E-001
   3513.17106   2.47385498E-001
   3511.83728   2.27950345E-001
   3510.50350   2.11009437E-001
   3509.16972   1.96145751E-001
   3507.83595   1.83026382E-001
   3506.50217   1.71383002E-001
   3505.16839   1.60997400E-001
   3503.83461   1.51690649E-001
   3502.50083   1.43314905E-001
   3501.16706   1.35747135E-001
   3499.83328   1.28884266E-001
   3498.49950   1.22639411E-001
   3497.16572   1.16938897E-001
   3495.83194   1.11719916E-001
   3494.49817   1.06928640E-001
   3493.16439   1.02518723E-001
   3491.83061   9.84500696E-002
   3490.49683   9.46878475E-002
   3489.16305   9.12016713E-002
   3487.82928   8.79649328E-002
   3486.49550   8.49542457E-002
   3485.16172   8.21489847E-002
   3483.82794   7.95308988E-002
   3482.49416   7.70837879E-002
   3481.16039   7.47932291E-002
   3479.82661   7.26463451E-002
   3478.49283   7.06316079E-002
   3477.15905   6.87386703E-002
   3475.82528   6.69582219E-002
   3474.49150   6.52818661E-002
   3473.15772   6.37020127E-002
   3471.82394   6.22117861E-002
   3470.49016   6.08049451E-002
   3469.15639   5.94758130E-002
   3467.82261   5.82192171E-002
   3466.48883   5.70304353E-002
   3465.15505   5.59051493E-002
   3463.82127   5.48394038E-002
   3462.48750   5.38295701E-002
   3461.15372   5.28723139E-002
   3459.81994   5.19645675E-002
   3458.48616   5.11035040E-002
   3457.15238   5.02865152E-002
   3455.81861   4.95111917E-002
   3454.48483   4.87753050E-002
   3453.15105   4.80767915E-002
   3451.81727   4.74137382E-002
   3450.48349   4.67843700E-002
   3449.14972   4.61870380E-002
   3447.81594   4.56202092E-002
   3446.48216   4.50824568E-002
   3445.14838   4.45724523E-002
   3443.81460   4.40889573E-002
   3442.48083   4.36308167E-002
   3441.14705   4.31969524E-002
   3439.81327   4.27863578E-002
   3438.47949   4.23980919E-002
   3437.14572   4.20312752E-002
   3435.81194   4.16850851E-002
   3434.47816   4.13587520E-002
   3433.14438   4.10515556E-002
   3431.81060   4.07628214E-002
   3430.47683   4.04919180E-002
   3429.14305   4.02382544E-002
   3427.80927   4.00012769E-002
   3426.47549   3.97804672E-002
   3425.14171   3.95753400E-002
   3423.80794   3.93854414E-002
   3422.47416   3.92103465E-002
   3421.14038   3.90496583E-002
   3419.80660   3.89030056E-002
   3418.47282   3.87700420E-002
   3417.13905   3.86504445E-002
   3415.80527   3.85439121E-002
   3414.47149   3.84501649E-002
   3413.13771   3.83689430E-002
   3411.80393   3.83000054E-002
   3410.47016   3.82431294E-002
   3409.13638   3.81981097E-002
   3407.80260   3.81647574E-002
   3406.46882   3.81428999E-002
   3405.13505   3.81323796E-002
   3403.80127   3.81330539E-002
   3402.46749   3.81447943E-002
   3401.13371   3.81674861E-002
   3399.79993   3.82010279E-002
   3398.46616   3.82453314E-002
   3397.13238   3.83003209E-002
   3395.79860   3.83659326E-002
   3394.46482   3.84421153E-002
   3393.13104   3.85288290E-002
   3391.79727   3.86260457E-002
   3390.46349   3.87337484E-002
   3389.12971   3.88519316E-002
   3387.79593   3.89806007E-002
   3386.46215   3.91197722E-002
   3385.12838   3.92694734E-002
   3383.79460   3.94297425E-002
   3382.46082   3.96006287E-002
   3381.12704   3.97821919E-002
   3379.79326   3.99745030E-002
   3378.45949   4.01776438E-002
   3377.12571   4.03917071E-002
   3375.79193   4.06167969E-002
   3374.45815   4.08530286E-002
   3373.12437   4.11005288E-002
   3371.79060   4.13594360E-002
   3370.45682   4.16299004E-002
   3369.12304   4.19120842E-002
   3367.78926   4.22061622E-002
   3366.45549   4.25123217E-002
   3365.12171   4.28307631E-002
   3363.78793   4.31617001E-002
   3362.45415   4.35053601E-002
   3361.12037   4.38619849E-002
   3359.78660   4.42318307E-002
   3358.45282   4.46151691E-002
   3357.11904   4.50122870E-002
   3355.78526   4.54234881E-002
   3354.45148   4.58490926E-002
   3353.11771   4.62894386E-002
   3351.78393   4.67448822E-002
   3350.45015   4.72157987E-002
   3349.11637   4.77025835E-002
   3347.78259   4.82056525E-002
   3346.44882   4.87254436E-002
   3345.11504   4.92624174E-002
   3343.78126   4.98170582E-002
   3342.44748   5.03898756E-002
   3341.11370   5.09814054E-002
   3339.77993   5.15922108E-002
   3338.44615   5.22228844E-002
   3337.11237   5.28740492E-002
   3335.77859   5.35463604E-002
   3334.44481   5.42405072E-002
   3333.11104   5.49572146E-002
   3331.77726   5.56972458E-002
   3330.44348   5.64614036E-002
   3329.10970   5.72505335E-002
   3327.77593   5.80655258E-002
   3326.44215   5.89073183E-002
   3325.10837   5.97768993E-002
   3323.77459   6.06753106E-002
   3322.44081   6.16036509E-002
   3321.10704   6.25630795E-002
   3319.77326   6.35548200E-002
   3318.43948   6.45801646E-002
   3317.10570   6.56404785E-002
   3315.77192   6.67372050E-002
   3314.43815   6.78718706E-002
   3313.10437   6.90460908E-002
   3311.77059   7.02615763E-002
   3310.43681   7.15201398E-002
   3309.10303   7.28237031E-002
   3307.76926   7.41743053E-002
   3306.43548   7.55741113E-002
   3305.10170   7.70254211E-002
   3303.76792   7.85306802E-002
   3302.43414   8.00924909E-002
   3301.10037   8.17136243E-002
   3299.76659   8.33970336E-002
   3298.43281   8.51458691E-002
   3297.09903   8.69634939E-002
   3295.76526   8.88535020E-002
   3294.43148   9.08197370E-002
   3293.09770   9.28663142E-002
   3291.76392   9.49976435E-002
   3290.43014   9.72184559E-002
   3289.09637   9.95338320E-002
   3287.76259   1.01949234E-001
   3286.42881   1.04470540E-001
   3285.09503   1.07104086E-001
   3283.76125   1.09856705E-001
   3282.42748   1.12735781E-001
   3281.09370   1.15749299E-001
   3279.75992   1.18905908E-001
   3278.42614   1.22214989E-001
   3277.09236   1.25686733E-001
   3275.75859   1.29332222E-001
   3274.42481   1.33163533E-001
   3273.09103   1.37193844E-001
   3271.75725   1.41437561E-001
   3270.42347   1.45910456E-001
   3269.08970   1.50629834E-001
   3267.75592   1.55614711E-001
   3266.42214   1.60886029E-001
   3265.08836   1.66466897E-001
   3263.75458   1.72382869E-001
   3262.42081   1.78662267E-001
   3261.08703   1.85336550E-001
   3259.75325   1.92440754E-001
   3258.41947   2.00013989E-001
   3257.08570   2.08100035E-001
   3255.75192   2.16748037E-001
   3254.41814   2.26013320E-001
   3253.08436   2.35958360E-001
   3251.75058   2.46653940E-001
   3250.41681   2.58180525E-001
   3249.08303   2.70629914E-001
   3247.74925   2.84107241E-001
   3246.41547   2.98733390E-001
   3245.08169   3.14647949E-001
   3243.74792   3.32012832E-001
   3242.41414   3.51016750E-001
   3241.08036   3.71880766E-001
   3239.74658   3.94865259E-001
   3238.41280   4.20278684E-001
   3237.07903   4.48488736E-001
   3235.74525   4.79936639E-001
   3234.41147   5.15155643E-001
   3233.07769   5.54795200E-001
   3231.74391   5.99652862E-001
   3230.41014   6.50716896E-001
   3229.07636   7.09223856E-001
   3227.74258   7.76737432E-001
   3226.40880   8.55257946E-001
   3225.07503   9.47376746E-001
   3223.74125   1.05649755E+000
   3222.40747   1.18715947E+000
   3221.07369   1.34551752E+000
   3219.73991   1.54007249E+000
   3218.40614   1.78280374E+000
   3217.07236   2.09096829E+000
   3215.73858   2.49002296E+000
   3214.40480   3.01846833E+000
   3213.07102   3.73598324E+000
   3211.73725   4.73699828E+000
   3210.40347   6.17201725E+000
   3209.06969   8.27352385E+000
   3207.73591   1.13495171E+001
   3206.40213   1.55742138E+001
   3205.06836   2.01743084E+001
   3203.73458   2.25045881E+001
   3202.40080   2.05199095E+001
   3201.06702   1.61883768E+001
   3199.73324   1.22213563E+001
   3198.39947   9.46971238E+000
   3197.06569   7.80925271E+000
   3195.73191   6.96323016E+000
   3194.39813   6.67037936E+000
   3193.06435   6.66105553E+000
   3191.73058   6.83621661E+000
   3190.39680   7.37963765E+000
   3189.06302   8.35275076E+000
   3187.72924   9.23428377E+000
   3186.39547   9.13663362E+000
   3185.06169   8.11725563E+000
   3183.72791   7.10098976E+000
   3182.39413   6.65278758E+000
   3181.06035   6.90316779E+000
   3179.72658   7.78006511E+000
   3178.39280   8.83003340E+000
   3177.05902   9.08531085E+000
   3175.72524   8.15277379E+000
   3174.39146   6.81974401E+000
   3173.05769   5.68208529E+000
   3171.72391   4.69673706E+000
   3170.39013   3.79069942E+000
   3169.05635   3.05027085E+000
   3167.72257   2.50866754E+000
   3166.38880   2.12920861E+000
   3165.05502   1.86564272E+000
   3163.72124   1.68349439E+000
   3162.38746   1.56035018E+000
   3161.05368   1.48235678E+000
   3159.71991   1.44138860E+000
   3158.38613   1.43331581E+000
   3157.05235   1.45711048E+000
   3155.71857   1.51456484E+000
   3154.38479   1.61053347E+000
   3153.05102   1.75375368E+000
   3151.71724   1.95846475E+000
   3150.38346   2.24728287E+000
   3149.04968   2.65614181E+000
   3147.71591   3.24251163E+000
   3146.38213   4.09777599E+000
   3145.04835   5.35935335E+000
   3143.71457   7.19054377E+000
   3142.38079   9.60589331E+000
   3141.04702   1.19746405E+001
   3139.71324   1.29055910E+001
   3138.37946   1.20042990E+001
   3137.04568   1.05991860E+001
   3135.71190   9.59520144E+000
   3134.37813   8.63973257E+000
   3133.04435   7.23101192E+000
   3131.71057   5.67510072E+000
   3130.37679   4.40891964E+000
   3129.04301   3.51748289E+000
   3127.70924   2.92341197E+000
   3126.37546   2.54155177E+000
   3125.04168   2.31462255E+000
   3123.70790   2.21187133E+000
   3122.37412   2.22400929E+000
   3121.04035   2.36162316E+000
   3119.70657   2.65761631E+000
   3118.37279   3.17029741E+000
   3117.03901   3.96851896E+000
   3115.70524   5.03157671E+000
   3114.37146   5.98226731E+000
   3113.03768   6.08097375E+000
   3111.70390   5.20712062E+000
   3110.37012   4.06739481E+000
   3109.03635   3.14587413E+000
   3107.70257   2.51051431E+000
   3106.36879   2.09390922E+000
   3105.03501   1.82660085E+000
   3103.70123   1.66125305E+000
   3102.36746   1.56913096E+000
   3101.03368   1.53407350E+000
   3099.69990   1.54842842E+000
   3098.36612   1.61097194E+000
   3097.03234   1.72637565E+000
   3095.69857   1.90605525E+000
   3094.36479   2.17058016E+000
   3093.03101   2.55399630E+000
   3091.69723   3.10948006E+000
   3090.36345   3.90946986E+000
   3089.02968   5.00928643E+000
   3087.69590   6.30937042E+000
   3086.36212   7.44301579E+000
   3085.02834   8.27108042E+000
   3083.69456   9.34046767E+000
   3082.36079   1.11278127E+001
   3081.02701   1.31835989E+001
   3079.69323   1.39012029E+001
   3078.35945   1.23304175E+001
   3077.02568   9.73950921E+000
   3075.69190   7.52524160E+000
   3074.35812   6.06139785E+000
   3073.02434   5.26616049E+000
   3071.69056   5.02682167E+000
   3070.35679   5.29594579E+000
   3069.02301   6.02661682E+000
   3067.68923   6.92434570E+000
   3066.35545   7.21895198E+000
   3065.02167   6.41102344E+000
   3063.68790   5.07396668E+000
   3062.35412   3.88529057E+000
   3061.02034   3.02562701E+000
   3059.68656   2.43998692E+000
   3058.35278   2.04457543E+000
   3057.01901   1.77758750E+000
   3055.68523   1.59979650E+000
   3054.35145   1.48762046E+000
   3053.01767   1.42769400E+000
   3051.68389   1.41366302E+000
   3050.35012   1.44465165E+000
   3049.01634   1.52498567E+000
   3047.68256   1.66508102E+000
   3046.34878   1.88375650E+000
   3045.01501   2.21263720E+000
   3043.68123   2.70371323E+000
   3042.34745   3.44067802E+000
   3041.01367   4.54894006E+000
   3039.67989   6.17009041E+000
   3038.34612   8.27345310E+000
   3037.01234   1.01473226E+001
   3035.67856   1.03787440E+001
   3034.34478   8.72582565E+000
   3033.01100   6.53917345E+000
   3031.67723   4.75190829E+000
   3030.34345   3.49695189E+000
   3029.00967   2.64459233E+000
   3027.67589   2.05962667E+000
   3026.34211   1.64812696E+000
   3025.00834   1.35048565E+000
   3023.67456   1.12934512E+000
   3022.34078   9.60970515E-001
   3021.00700   8.29937782E-001
   3019.67322   7.25971041E-001
   3018.33945   6.42054328E-001
   3017.00567   5.73285505E-001
   3015.67189   5.16165578E-001
   3014.33811   4.68147887E-001
   3013.00433   4.27345658E-001
   3011.67056   3.92338194E-001
   3010.33678   3.62039828E-001
   3009.00300   3.35609657E-001
   3007.66922   3.12388265E-001
   3006.33545   2.91852663E-001
   3005.00167   2.73583719E-001
   3003.66789   2.57242286E-001
   3002.33411   2.42551490E-001
   3001.00033   2.29283423E-001
   2999.66656   2.17249044E-001
   2998.33278   2.06290427E-001
   2996.99900   1.96274758E-001
   2995.66522   1.87089650E-001
   2994.33144   1.78639439E-001
   2992.99767   1.70842258E-001
   2991.66389   1.63627678E-001
   2990.33011   1.56934821E-001
   2988.99633   1.50710825E-001
   2987.66255   1.44909586E-001
   2986.32878   1.39490735E-001
   2984.99500   1.34418787E-001
   2983.66122   1.29662434E-001
   2982.32744   1.25193958E-001
   2980.99366   1.20988741E-001
   2979.65989   1.17024846E-001
   2978.32611   1.13282671E-001
   2976.99233   1.09744646E-001
   2975.65855   1.06394983E-001
   2974.32477   1.03219458E-001
   2972.99100   1.00205222E-001
   2971.65722   9.73406433E-002
   2970.32344   9.46151680E-002
   2968.98966   9.20191979E-002
   2967.65589   8.95439870E-002
   2966.32211   8.71815495E-002
   2964.98833   8.49245798E-002
   2963.65455   8.27663822E-002
   2962.32077   8.07008093E-002
   2960.98700   7.87222076E-002
   2959.65322   7.68253688E-002
   2958.31944   7.50054875E-002
   2956.98566   7.32581235E-002
   2955.65188   7.15791676E-002
   2954.31811   6.99648118E-002
   2952.98433   6.84115223E-002
   2951.65055   6.69160156E-002
   2950.31677   6.54752367E-002
   2948.98299   6.40863396E-002
   2947.64922   6.27466702E-002
   2946.31544   6.14537502E-002
   2944.98166   6.02052630E-002
   2943.64788   5.89990409E-002
   2942.31410   5.78330531E-002
   2940.98033   5.67053953E-002
   2939.64655   5.56142803E-002
   2938.31277   5.45580287E-002
   2936.97899   5.35350613E-002
   2935.64522   5.25438918E-002
   2934.31144   5.15831197E-002
   2932.97766   5.06514249E-002
   2931.64388   4.97475614E-002
   2930.31010   4.88703524E-002
   2928.97633   4.80186860E-002
   2927.64255   4.71915100E-002
   2926.30877   4.63878290E-002
   2924.97499   4.56066995E-002
   2923.64121   4.48472276E-002
   2922.30744   4.41085652E-002
   2920.97366   4.33899072E-002
   2919.63988   4.26904891E-002
   2918.30610   4.20095841E-002
   2916.97232   4.13465011E-002
   2915.63855   4.07005825E-002
   2914.30477   4.00712021E-002
   2912.97099   3.94577634E-002
   2911.63721   3.88596977E-002
   2910.30343   3.82764627E-002
   2908.96966   3.77075409E-002
   2907.63588   3.71524380E-002
   2906.30210   3.66106822E-002
   2904.96832   3.60818223E-002
   2903.63454   3.55654269E-002
   2902.30077   3.50610834E-002
   2900.96699   3.45683968E-002
   2899.63321   3.40869890E-002
   2898.29943   3.36164976E-002
   2896.96566   3.31565754E-002
   2895.63188   3.27068896E-002
   2894.29810   3.22671207E-002
   2892.96432   3.18369624E-002
   2891.63054   3.14161204E-002
   2890.29677   3.10043122E-002
   2888.96299   3.06012665E-002
   2887.62921   3.02067222E-002
   2886.29543   2.98204287E-002
   2884.96165   2.94421446E-002
   2883.62788   2.90716378E-002
   2882.29410   2.87086850E-002
   2880.96032   2.83530708E-002
   2879.62654   2.80045883E-002
   2878.29276   2.76630376E-002
   2876.95899   2.73282265E-002
   2875.62521   2.69999694E-002
   2874.29143   2.66780873E-002
   2872.95765   2.63624078E-002
   2871.62387   2.60527641E-002
   2870.29010   2.57489956E-002
   2868.95632   2.54509470E-002
   2867.62254   2.51584683E-002
   2866.28876   2.48714147E-002
   2864.95498   2.45896461E-002
   2863.62121   2.43130272E-002
   2862.28743   2.40414272E-002
   2860.95365   2.37747193E-002
   2859.61987   2.35127813E-002
   2858.28610   2.32554945E-002
   2856.95232   2.30027444E-002
   2855.61854   2.27544197E-002
   2854.28476   2.25104129E-002
   2852.95098   2.22706200E-002
   2851.61721   2.20349399E-002
   2850.28343   2.18032748E-002
   2848.94965   2.15755299E-002
   2847.61587   2.13516132E-002
   2846.28209   2.11314357E-002
   2844.94832   2.09149107E-002
   2843.61454   2.07019545E-002
   2842.28076   2.04924855E-002
   2840.94698   2.02864248E-002
   2839.61320   2.00836956E-002
   2838.27943   1.98842235E-002
   2836.94565   1.96879360E-002
   2835.61187   1.94947629E-002
   2834.27809   1.93046359E-002
   2832.94431   1.91174886E-002
   2831.61054   1.89332565E-002
   2830.27676   1.87518770E-002
   2828.94298   1.85732891E-002
   2827.60920   1.83974334E-002
   2826.27543   1.82242523E-002
   2824.94165   1.80536897E-002
   2823.60787   1.78856909E-002
   2822.27409   1.77202030E-002
   2820.94031   1.75571740E-002
   2819.60654   1.73965538E-002
   2818.27276   1.72382933E-002
   2816.93898   1.70823447E-002
   2815.60520   1.69286615E-002
   2814.27142   1.67771985E-002
   2812.93765   1.66279115E-002
   2811.60387   1.64807575E-002
   2810.27009   1.63356946E-002
   2808.93631   1.61926820E-002
   2807.60253   1.60516798E-002
   2806.26876   1.59126491E-002
   2804.93498   1.57755521E-002
   2803.60120   1.56403519E-002
   2802.26742   1.55070125E-002
   2800.93364   1.53754986E-002
   2799.59987   1.52457760E-002
   2798.26609   1.51178112E-002
   2796.93231   1.49915715E-002
   2795.59853   1.48670250E-002
   2794.26475   1.47441406E-002
   2792.93098   1.46228880E-002
   2791.59720   1.45032373E-002
   2790.26342   1.43851597E-002
   2788.92964   1.42686267E-002
   2787.59587   1.41536108E-002
   2786.26209   1.40400848E-002
   2784.92831   1.39280225E-002
   2783.59453   1.38173979E-002
   2782.26075   1.37081858E-002
   2780.92698   1.36003616E-002
   2779.59320   1.34939011E-002
   2778.25942   1.33887809E-002
   2776.92564   1.32849777E-002
   2775.59186   1.31824692E-002
   2774.25809   1.30812331E-002
   2772.92431   1.29812481E-002
   2771.59053   1.28824929E-002
   2770.25675   1.27849470E-002
   2768.92297   1.26885900E-002
   2767.58920   1.25934024E-002
   2766.25542   1.24993647E-002
   2764.92164   1.24064579E-002
   2763.58786   1.23146636E-002
   2762.25408   1.22239636E-002
   2760.92031   1.21343401E-002
   2759.58653   1.20457757E-002
   2758.25275   1.19582535E-002
   2756.91897   1.18717566E-002
   2755.58520   1.17862688E-002
   2754.25142   1.17017741E-002
   2752.91764   1.16182567E-002
   2751.58386   1.15357013E-002
   2750.25008   1.14540928E-002
   2748.91631   1.13734166E-002
   2747.58253   1.12936580E-002
   2746.24875   1.12148030E-002
   2744.91497   1.11368376E-002
   2743.58119   1.10597483E-002
   2742.24742   1.09835216E-002
   2740.91364   1.09081445E-002
   2739.57986   1.08336041E-002
   2738.24608   1.07598879E-002
   2736.91230   1.06869835E-002
   2735.57853   1.06148787E-002
   2734.24475   1.05435618E-002
   2732.91097   1.04730210E-002
   2731.57719   1.04032449E-002
   2730.24341   1.03342223E-002
   2728.90964   1.02659422E-002
   2727.57586   1.01983938E-002
   2726.24208   1.01315665E-002
   2724.90830   1.00654499E-002
   2723.57452   1.00000338E-002
   2722.24075   9.93530806E-003
   2720.90697   9.87126297E-003
   2719.57319   9.80788883E-003
   2718.23941   9.74517616E-003
   2716.90564   9.68311563E-003
   2715.57186   9.62169812E-003
   2714.23808   9.56091462E-003
   2712.90430   9.50075633E-003
   2711.57052   9.44121458E-003
   2710.23675   9.38228086E-003
   2708.90297   9.32394682E-003
   2707.56919   9.26620423E-003
   2706.23541   9.20904503E-003
   2704.90163   9.15246130E-003
   2703.56786   9.09644524E-003
   2702.23408   9.04098920E-003
   2700.90030   8.98608566E-003
   2699.56652   8.93172722E-003
   2698.23274   8.87790662E-003
   2696.89897   8.82461672E-003
   2695.56519   8.77185050E-003
   2694.23141   8.71960105E-003
   2692.89763   8.66786160E-003
   2691.56385   8.61662546E-003
   2690.23008   8.56588609E-003
   2688.89630   8.51563702E-003
   2687.56252   8.46587193E-003
   2686.22874   8.41658457E-003
   2684.89496   8.36776881E-003
   2683.56119   8.31941861E-003
   2682.22741   8.27152805E-003
   2680.89363   8.22409128E-003
   2679.55985   8.17710256E-003
   2678.22608   8.13055625E-003
   2676.89230   8.08444678E-003
   2675.55852   8.03876869E-003
   2674.22474   7.99351660E-003
   2672.89096   7.94868522E-003
   2671.55719   7.90426932E-003
   2670.22341   7.86026380E-003
   2668.88963   7.81666360E-003
   2667.55585   7.77346376E-003
   2666.22207   7.73065938E-003
   2664.88830   7.68824566E-003
   2663.55452   7.64621786E-003
   2662.22074   7.60457132E-003
   2660.88696   7.56330145E-003
   2659.55318   7.52240373E-003
   2658.21941   7.48187370E-003
   2656.88563   7.44170700E-003
   2655.55185   7.40189930E-003
   2654.21807   7.36244636E-003
   2652.88429   7.32334399E-003
   2651.55052   7.28458808E-003
   2650.21674   7.24617456E-003
   2648.88296   7.20809944E-003
   2647.54918   7.17035878E-003
   2646.21541   7.13294871E-003
   2644.88163   7.09586540E-003
   2643.54785   7.05910510E-003
   2642.21407   7.02266409E-003
   2640.88029   6.98653872E-003
   2639.54652   6.95072540E-003
   2638.21274   6.91522058E-003
   2636.87896   6.88002076E-003
   2635.54518   6.84512250E-003
   2634.21140   6.81052241E-003
   2632.87763   6.77621715E-003
   2631.54385   6.74220342E-003
   2630.21007   6.70847798E-003
   2628.87629   6.67503761E-003
   2627.54251   6.64187918E-003
   2626.20874   6.60899956E-003
   2624.87496   6.57639569E-003
   2623.54118   6.54406456E-003
   2622.20740   6.51200318E-003
   2620.87362   6.48020861E-003
   2619.53985   6.44867796E-003
   2618.20607   6.41740837E-003
   2616.87229   6.38639703E-003
   2615.53851   6.35564117E-003
   2614.20473   6.32513804E-003
   2612.87096   6.29488494E-003
   2611.53718   6.26487922E-003
   2610.20340   6.23511826E-003
   2608.86962   6.20559945E-003
   2607.53585   6.17632025E-003
   2606.20207   6.14727814E-003
   2604.86829   6.11847063E-003
   2603.53451   6.08989528E-003
   2602.20073   6.06154966E-003
   2600.86696   6.03343140E-003
   2599.53318   6.00553814E-003
   2598.19940   5.97786756E-003
   2596.86562   5.95041737E-003
   2595.53184   5.92318532E-003
   2594.19807   5.89616917E-003
   2592.86429   5.86936672E-003
   2591.53051   5.84277581E-003
   2590.19673   5.81639430E-003
   2588.86295   5.79022007E-003
   2587.52918   5.76425103E-003
   2586.19540   5.73848514E-003
   2584.86162   5.71292035E-003
   2583.52784   5.68755467E-003
   2582.19406   5.66238612E-003
   2580.86029   5.63741275E-003
   2579.52651   5.61263262E-003
   2578.19273   5.58804385E-003
   2576.85895   5.56364454E-003
   2575.52518   5.53943285E-003
   2574.19140   5.51540695E-003
   2572.85762   5.49156503E-003
   2571.52384   5.46790531E-003
   2570.19006   5.44442603E-003
   2568.85629   5.42112546E-003
   2567.52251   5.39800187E-003
   2566.18873   5.37505357E-003
   2564.85495   5.35227889E-003
   2563.52117   5.32967618E-003
   2562.18740   5.30724381E-003
   2560.85362   5.28498017E-003
   2559.51984   5.26288367E-003
   2558.18606   5.24095273E-003
   2556.85228   5.21918581E-003
   2555.51851   5.19758138E-003
   2554.18473   5.17613792E-003
   2552.85095   5.15485394E-003
   2551.51717   5.13372796E-003
   2550.18339   5.11275853E-003
   2548.84962   5.09194421E-003
   2547.51584   5.07128357E-003
   2546.18206   5.05077522E-003
   2544.84828   5.03041776E-003
   2543.51450   5.01020983E-003
   2542.18073   4.99015006E-003
   2540.84695   4.97023713E-003
   2539.51317   4.95046971E-003
   2538.17939   4.93084651E-003
   2536.84562   4.91136621E-003
   2535.51184   4.89202757E-003
   2534.17806   4.87282931E-003
   2532.84428   4.85377019E-003
   2531.51050   4.83484898E-003
   2530.17673   4.81606448E-003
   2528.84295   4.79741548E-003
   2527.50917   4.77890079E-003
   2526.17539   4.76051924E-003
   2524.84161   4.74226968E-003
   2523.50784   4.72415097E-003
   2522.17406   4.70616196E-003
   2520.84028   4.68830155E-003
   2519.50650   4.67056864E-003
   2518.17272   4.65296212E-003
   2516.83895   4.63548093E-003
   2515.50517   4.61812399E-003
   2514.17139   4.60089026E-003
   2512.83761   4.58377869E-003
   2511.50383   4.56678825E-003
   2510.17006   4.54991793E-003
   2508.83628   4.53316673E-003
   2507.50250   4.51653364E-003
   2506.16872   4.50001769E-003
   2504.83494   4.48361790E-003
   2503.50117   4.46733332E-003
   2502.16739   4.45116300E-003
   2500.83361   4.43510600E-003
   2499.49983   4.41916139E-003
   2498.16606   4.40332826E-003
   2496.83228   4.38760570E-003
   2495.49850   4.37199281E-003
   2494.16472   4.35648872E-003
   2492.83094   4.34109254E-003
   2491.49717   4.32580340E-003
   2490.16339   4.31062047E-003
   2488.82961   4.29554287E-003
   2487.49583   4.28056979E-003
   2486.16205   4.26570040E-003
   2484.82828   4.25093387E-003
   2483.49450   4.23626939E-003
   2482.16072   4.22170618E-003
   2480.82694   4.20724343E-003
   2479.49316   4.19288037E-003
   2478.15939   4.17861623E-003
   2476.82561   4.16445023E-003
   2475.49183   4.15038163E-003
   2474.15805   4.13640967E-003
   2472.82427   4.12253362E-003
   2471.49050   4.10875275E-003
   2470.15672   4.09506633E-003
   2468.82294   4.08147365E-003
   2467.48916   4.06797401E-003
   2466.15539   4.05456670E-003
   2464.82161   4.04125103E-003
   2463.48783   4.02802632E-003
   2462.15405   4.01489190E-003
   2460.82027   4.00184710E-003
   2459.48650   3.98889124E-003
   2458.15272   3.97602369E-003
   2456.81894   3.96324380E-003
   2455.48516   3.95055092E-003
   2454.15138   3.93794442E-003
   2452.81761   3.92542368E-003
   2451.48383   3.91298808E-003
   2450.15005   3.90063701E-003
   2448.81627   3.88836986E-003
   2447.48249   3.87618603E-003
   2446.14872   3.86408494E-003
   2444.81494   3.85206599E-003
   2443.48116   3.84012861E-003
   2442.14738   3.82827223E-003
   2440.81360   3.81649628E-003
   2439.47983   3.80480019E-003
   2438.14605   3.79318342E-003
   2436.81227   3.78164542E-003
   2435.47849   3.77018565E-003
   2434.14471   3.75880357E-003
   2432.81094   3.74749864E-003
   2431.47716   3.73627036E-003
   2430.14338   3.72511819E-003
   2428.80960   3.71404162E-003
   2427.47583   3.70304015E-003
   2426.14205   3.69211328E-003
   2424.80827   3.68126051E-003
   2423.47449   3.67048135E-003
   2422.14071   3.65977531E-003
   2420.80694   3.64914191E-003
   2419.47316   3.63858069E-003
   2418.13938   3.62809116E-003
   2416.80560   3.61767287E-003
   2415.47182   3.60732536E-003
   2414.13805   3.59704817E-003
   2412.80427   3.58684085E-003
   2411.47049   3.57670297E-003
   2410.13671   3.56663407E-003
   2408.80293   3.55663372E-003
   2407.46916   3.54670151E-003
   2406.13538   3.53683699E-003
   2404.80160   3.52703976E-003
   2403.46782   3.51730939E-003
   2402.13404   3.50764548E-003
   2400.80027   3.49804761E-003
   2399.46649   3.48851540E-003
   2398.13271   3.47904843E-003
   2396.79893   3.46964632E-003
   2395.46516   3.46030868E-003
   2394.13138   3.45103512E-003
   2392.79760   3.44182527E-003
   2391.46382   3.43267875E-003
   2390.13004   3.42359518E-003
   2388.79627   3.41457421E-003
   2387.46249   3.40561547E-003
   2386.12871   3.39671859E-003
   2384.79493   3.38788324E-003
   2383.46115   3.37910905E-003
   2382.12738   3.37039567E-003
   2380.79360   3.36174278E-003
   2379.45982   3.35315002E-003
   2378.12604   3.34461706E-003
   2376.79226   3.33614358E-003
   2375.45849   3.32772924E-003
   2374.12471   3.31937372E-003
   2372.79093   3.31107671E-003
   2371.45715   3.30283789E-003
   2370.12337   3.29465694E-003
   2368.78960   3.28653356E-003
   2367.45582   3.27846744E-003
   2366.12204   3.27045828E-003
   2364.78826   3.26250579E-003
   2363.45448   3.25460967E-003
   2362.12071   3.24676963E-003
   2360.78693   3.23898539E-003
   2359.45315   3.23125666E-003
   2358.11937   3.22358316E-003
   2356.78560   3.21596461E-003
   2355.45182   3.20840075E-003
   2354.11804   3.20089131E-003
   2352.78426   3.19343601E-003
   2351.45048   3.18603459E-003
   2350.11671   3.17868680E-003
   2348.78293   3.17139238E-003
   2347.44915   3.16415108E-003
   2346.11537   3.15696264E-003
   2344.78159   3.14982682E-003
   2343.44782   3.14274339E-003
   2342.11404   3.13571208E-003
   2340.78026   3.12873268E-003
   2339.44648   3.12180495E-003
   2338.11270   3.11492866E-003
   2336.77893   3.10810357E-003
   2335.44515   3.10132947E-003
   2334.11137   3.09460613E-003
   2332.77759   3.08793334E-003
   2331.44381   3.08131088E-003
   2330.11004   3.07473854E-003
   2328.77626   3.06821610E-003
   2327.44248   3.06174337E-003
   2326.10870   3.05532014E-003
   2324.77492   3.04894621E-003
   2323.44115   3.04262139E-003
   2322.10737   3.03634547E-003
   2320.77359   3.03011826E-003
   2319.43981   3.02393959E-003
   2318.10604   3.01780926E-003
   2316.77226   3.01172709E-003
   2315.43848   3.00569289E-003
   2314.10470   2.99970651E-003
   2312.77092   2.99376775E-003
   2311.43715   2.98787644E-003
   2310.10337   2.98203243E-003
   2308.76959   2.97623553E-003
   2307.43581   2.97048560E-003
   2306.10203   2.96478247E-003
   2304.76826   2.95912598E-003
   2303.43448   2.95351597E-003
   2302.10070   2.94795230E-003
   2300.76692   2.94243482E-003
   2299.43314   2.93696338E-003
   2298.09937   2.93153783E-003
   2296.76559   2.92615803E-003
   2295.43181   2.92082386E-003
   2294.09803   2.91553516E-003
   2292.76425   2.91029181E-003
   2291.43048   2.90509368E-003
   2290.09670   2.89994064E-003
   2288.76292   2.89483256E-003
   2287.42914   2.88976933E-003
   2286.09537   2.88475082E-003
   2284.76159   2.87977691E-003
   2283.42781   2.87484750E-003
   2282.09403   2.86996247E-003
   2280.76025   2.86512172E-003
   2279.42648   2.86032512E-003
   2278.09270   2.85557259E-003
   2276.75892   2.85086403E-003
   2275.42514   2.84619932E-003
   2274.09136   2.84157838E-003
   2272.75759   2.83700112E-003
   2271.42381   2.83246744E-003
   2270.09003   2.82797726E-003
   2268.75625   2.82353050E-003
   2267.42247   2.81912706E-003
   2266.08870   2.81476687E-003
   2264.75492   2.81044986E-003
   2263.42114   2.80617594E-003
   2262.08736   2.80194505E-003
   2260.75358   2.79775712E-003
   2259.41981   2.79361209E-003
   2258.08603   2.78950988E-003
   2256.75225   2.78545044E-003
   2255.41847   2.78143371E-003
   2254.08469   2.77745963E-003
   2252.75092   2.77352815E-003
   2251.41714   2.76963923E-003
   2250.08336   2.76579281E-003
   2248.74958   2.76198885E-003
   2247.41581   2.75822730E-003
   2246.08203   2.75450814E-003
   2244.74825   2.75083131E-003
   2243.41447   2.74719680E-003
   2242.08069   2.74360456E-003
   2240.74692   2.74005457E-003
   2239.41314   2.73654680E-003
   2238.07936   2.73308123E-003
   2236.74558   2.72965785E-003
   2235.41180   2.72627662E-003
   2234.07803   2.72293755E-003
   2232.74425   2.71964062E-003
   2231.41047   2.71638582E-003
   2230.07669   2.71317314E-003
   2228.74291   2.71000259E-003
   2227.40914   2.70687416E-003
   2226.07536   2.70378785E-003
   2224.74158   2.70074368E-003
   2223.40780   2.69774165E-003
   2222.07402   2.69478177E-003
   2220.74025   2.69186406E-003
   2219.40647   2.68898853E-003
   2218.07269   2.68615522E-003
   2216.73891   2.68336413E-003
   2215.40514   2.68061531E-003
   2214.07136   2.67790877E-003
   2212.73758   2.67524456E-003
   2211.40380   2.67262271E-003
   2210.07002   2.67004326E-003
   2208.73625   2.66750625E-003
   2207.40247   2.66501172E-003
   2206.06869   2.66255974E-003
   2204.73491   2.66015035E-003
   2203.40113   2.65778361E-003
   2202.06736   2.65545957E-003
   2200.73358   2.65317830E-003
   2199.39980   2.65093987E-003
   2198.06602   2.64874434E-003
   2196.73224   2.64659179E-003
   2195.39847   2.64448229E-003
   2194.06469   2.64241593E-003
   2192.73091   2.64039278E-003
   2191.39713   2.63841294E-003
   2190.06335   2.63647650E-003
   2188.72958   2.63458354E-003
   2187.39580   2.63273418E-003
   2186.06202   2.63092850E-003
   2184.72824   2.62916662E-003
   2183.39446   2.62744864E-003
   2182.06069   2.62577468E-003
   2180.72691   2.62414485E-003
   2179.39313   2.62255928E-003
   2178.05935   2.62101809E-003
   2176.72558   2.61952141E-003
   2175.39180   2.61806937E-003
   2174.05802   2.61666211E-003
   2172.72424   2.61529978E-003
   2171.39046   2.61398251E-003
   2170.05669   2.61271045E-003
   2168.72291   2.61148377E-003
   2167.38913   2.61030262E-003
   2166.05535   2.60916715E-003
   2164.72157   2.60807755E-003
   2163.38780   2.60703398E-003
   2162.05402   2.60603662E-003
   2160.72024   2.60508565E-003
   2159.38646   2.60418125E-003
   2158.05268   2.60332362E-003
   2156.71891   2.60251295E-003
   2155.38513   2.60174944E-003
   2154.05135   2.60103330E-003
   2152.71757   2.60036474E-003
   2151.38379   2.59974397E-003
   2150.05002   2.59917122E-003
   2148.71624   2.59864671E-003
   2147.38246   2.59817067E-003
   2146.04868   2.59774334E-003
   2144.71490   2.59736496E-003
   2143.38113   2.59703579E-003
   2142.04735   2.59675607E-003
   2140.71357   2.59652606E-003
   2139.37979   2.59634603E-003
   2138.04602   2.59621625E-003
   2136.71224   2.59613700E-003
   2135.37846   2.59610856E-003
   2134.04468   2.59613122E-003
   2132.71090   2.59620528E-003
   2131.37713   2.59633104E-003
   2130.04335   2.59650881E-003
   2128.70957   2.59673890E-003
   2127.37579   2.59702164E-003
   2126.04201   2.59735736E-003
   2124.70824   2.59774638E-003
   2123.37446   2.59818907E-003
   2122.04068   2.59868576E-003
   2120.70690   2.59923681E-003
   2119.37312   2.59984259E-003
   2118.03935   2.60050348E-003
   2116.70557   2.60121985E-003
   2115.37179   2.60199209E-003
   2114.03801   2.60282060E-003
   2112.70423   2.60370578E-003
   2111.37046   2.60464805E-003
   2110.03668   2.60564782E-003
   2108.70290   2.60670554E-003
   2107.36912   2.60782162E-003
   2106.03535   2.60899654E-003
   2104.70157   2.61023073E-003
   2103.36779   2.61152466E-003
   2102.03401   2.61287882E-003
   2100.70023   2.61429369E-003
   2099.36646   2.61576976E-003
   2098.03268   2.61730753E-003
   2096.69890   2.61890752E-003
   2095.36512   2.62057026E-003
   2094.03134   2.62229628E-003
   2092.69757   2.62408612E-003
   2091.36379   2.62594035E-003
   2090.03001   2.62785954E-003
   2088.69623   2.62984425E-003
   2087.36245   2.63189509E-003
   2086.02868   2.63401266E-003
   2084.69490   2.63619758E-003
   2083.36112   2.63845046E-003
   2082.02734   2.64077196E-003
   2080.69356   2.64316272E-003
   2079.35979   2.64562341E-003
   2078.02601   2.64815471E-003
   2076.69223   2.65075732E-003
   2075.35845   2.65343194E-003
   2074.02467   2.65617929E-003
   2072.69090   2.65900011E-003
   2071.35712   2.66189516E-003
   2070.02334   2.66486519E-003
   2068.68956   2.66791099E-003
   2067.35579   2.67103335E-003
   2066.02201   2.67423309E-003
   2064.68823   2.67751105E-003
   2063.35445   2.68086806E-003
   2062.02067   2.68430500E-003
   2060.68690   2.68782273E-003
   2059.35312   2.69142218E-003
   2058.01934   2.69510424E-003
   2056.68556   2.69886987E-003
   2055.35178   2.70272002E-003
   2054.01801   2.70665566E-003
   2052.68423   2.71067780E-003
   2051.35045   2.71478744E-003
   2050.01667   2.71898563E-003
   2048.68289   2.72327344E-003
   2047.34912   2.72765193E-003
   2046.01534   2.73212223E-003
   2044.68156   2.73668545E-003
   2043.34778   2.74134275E-003
   2042.01400   2.74609531E-003
   2040.68023   2.75094433E-003
   2039.34645   2.75589104E-003
   2038.01267   2.76093669E-003
   2036.67889   2.76608256E-003
   2035.34512   2.77132996E-003
   2034.01134   2.77668023E-003
   2032.67756   2.78213473E-003
   2031.34378   2.78769486E-003
   2030.01000   2.79336204E-003
   2028.67623   2.79913774E-003
   2027.34245   2.80502343E-003
   2026.00867   2.81102065E-003
   2024.67489   2.81713095E-003
   2023.34111   2.82335591E-003
   2022.00734   2.82969716E-003
   2020.67356   2.83615637E-003
   2019.33978   2.84273524E-003
   2018.00600   2.84943550E-003
   2016.67222   2.85625892E-003
   2015.33845   2.86320733E-003
   2014.00467   2.87028259E-003
   2012.67089   2.87748659E-003
   2011.33711   2.88482129E-003
   2010.00333   2.89228867E-003
   2008.66956   2.89989077E-003
   2007.33578   2.90762967E-003
   2006.00200   2.91550751E-003
   2004.66822   2.92352647E-003
   2003.33444   2.93168879E-003
   2002.00067   2.93999675E-003
   2000.66689   2.94845270E-003
   1999.33311   2.95705904E-003
   1997.99933   2.96581822E-003
   1996.66556   2.97473277E-003
   1995.33178   2.98380526E-003
   1993.99800   2.99303833E-003
   1992.66422   3.00243469E-003
   1991.33044   3.01199711E-003
   1989.99667   3.02172844E-003
   1988.66289   3.03163159E-003
   1987.32911   3.04170954E-003
   1985.99533   3.05196537E-003
   1984.66155   3.06240221E-003
   1983.32778   3.07302328E-003
   1981.99400   3.08383188E-003
   1980.66022   3.09483141E-003
   1979.32644   3.10602534E-003
   1977.99266   3.11741724E-003
   1976.65889   3.12901077E-003
   1975.32511   3.14080969E-003
   1973.99133   3.15281787E-003
   1972.65755   3.16503925E-003
   1971.32377   3.17747791E-003
   1969.99000   3.19013803E-003
   1968.65622   3.20302390E-003
   1967.32244   3.21613993E-003
   1965.98866   3.22949065E-003
   1964.65488   3.24308073E-003
   1963.32111   3.25691494E-003
   1961.98733   3.27099820E-003
   1960.65355   3.28533559E-003
   1959.31977   3.29993230E-003
   1957.98600   3.31479369E-003
   1956.65222   3.32992527E-003
   1955.31844   3.34533270E-003
   1953.98466   3.36102182E-003
   1952.65088   3.37699863E-003
   1951.31711   3.39326932E-003
   1949.98333   3.40984026E-003
   1948.64955   3.42671799E-003
   1947.31577   3.44390928E-003
   1945.98199   3.46142109E-003
   1944.64822   3.47926059E-003
   1943.31444   3.49743519E-003
   1941.98066   3.51595250E-003
   1940.64688   3.53482040E-003
   1939.31310   3.55404699E-003
   1937.97933   3.57364066E-003
   1936.64555   3.59361002E-003
   1935.31177   3.61396401E-003
   1933.97799   3.63471184E-003
   1932.64421   3.65586300E-003
   1931.31044   3.67742733E-003
   1929.97666   3.69941496E-003
   1928.64288   3.72183640E-003
   1927.30910   3.74470249E-003
   1925.97533   3.76802442E-003
   1924.64155   3.79181382E-003
   1923.30777   3.81608266E-003
   1921.97399   3.84084337E-003
   1920.64021   3.86610881E-003
   1919.30644   3.89189228E-003
   1917.97266   3.91820757E-003
   1916.63888   3.94506895E-003
   1915.30510   3.97249124E-003
   1913.97132   4.00048977E-003
   1912.63755   4.02908047E-003
   1911.30377   4.05827983E-003
   1909.96999   4.08810499E-003
   1908.63621   4.11857372E-003
   1907.30243   4.14970449E-003
   1905.96866   4.18151647E-003
   1904.63488   4.21402959E-003
   1903.30110   4.24726456E-003
   1901.96732   4.28124291E-003
   1900.63354   4.31598704E-003
   1899.29977   4.35152027E-003
   1897.96599   4.38786685E-003
   1896.63221   4.42505205E-003
   1895.29843   4.46310219E-003
   1893.96465   4.50204470E-003
   1892.63088   4.54190819E-003
   1891.29710   4.58272249E-003
   1889.96332   4.62451872E-003
   1888.62954   4.66732938E-003
   1887.29577   4.71118840E-003
   1885.96199   4.75613126E-003
   1884.62821   4.80219502E-003
   1883.29443   4.84941845E-003
   1881.96065   4.89784212E-003
   1880.62688   4.94750850E-003
   1879.29310   4.99846206E-003
   1877.95932   5.05074942E-003
   1876.62554   5.10441945E-003
   1875.29176   5.15952342E-003
   1873.95799   5.21611514E-003
   1872.62421   5.27425113E-003
   1871.29043   5.33399076E-003
   1869.95665   5.39539649E-003
   1868.62287   5.45853399E-003
   1867.28910   5.52347242E-003
   1865.95532   5.59028462E-003
   1864.62154   5.65904737E-003
   1863.28776   5.72984164E-003
   1861.95398   5.80275292E-003
   1860.62021   5.87787147E-003
   1859.28643   5.95529271E-003
   1857.95265   6.03511756E-003
   1856.61887   6.11745285E-003
   1855.28510   6.20241173E-003
   1853.95132   6.29011418E-003
   1852.61754   6.38068748E-003
   1851.28376   6.47426681E-003
   1849.94998   6.57099583E-003
   1848.61621   6.67102733E-003
   1847.28243   6.77452403E-003
   1845.94865   6.88165932E-003
   1844.61487   6.99261815E-003
   1843.28109   7.10759800E-003
   1841.94732   7.22680996E-003
   1840.61354   7.35047989E-003
   1839.27976   7.47884968E-003
   1837.94598   7.61217874E-003
   1836.61220   7.75074554E-003
   1835.27843   7.89484937E-003
   1833.94465   8.04481232E-003
   1832.61087   8.20098140E-003
   1831.27709   8.36373098E-003
   1829.94331   8.53346553E-003
   1828.60954   8.71062257E-003
   1827.27576   8.89567612E-003
   1825.94198   9.08914044E-003
   1824.60820   9.29157440E-003
   1823.27442   9.50358622E-003
   1821.94065   9.72583900E-003
   1820.60687   9.95905688E-003
   1819.27309   1.02040321E-002
   1817.93931   1.04616329E-002
   1816.60554   1.07328128E-002
   1815.27176   1.10186211E-002
   1813.93798   1.13202148E-002
   1812.60420   1.16388722E-002
   1811.27042   1.19760095E-002
   1809.93665   1.23331987E-002
   1808.60287   1.27121894E-002
   1807.26909   1.31149340E-002
   1805.93531   1.35436166E-002
   1804.60153   1.40006881E-002
   1803.26776   1.44889066E-002
   1801.93398   1.50113856E-002
   1800.60020   1.55716512E-002
   1799.26642   1.61737110E-002
   1797.93264   1.68221359E-002
   1796.59887   1.75221594E-002
   1795.26509   1.82797983E-002
   1793.93131   1.91019987E-002
   1792.59753   1.99968165E-002
   1791.26375   2.09736392E-002
   1789.92998   2.20434622E-002
   1788.59620   2.32192333E-002
   1787.26242   2.45162883E-002
   1785.92864   2.59529032E-002
   1784.59486   2.75510017E-002
   1783.26109   2.93370692E-002
   1781.92731   3.13433462E-002
   1780.59353   3.36093994E-002
   1779.25975   3.61842164E-002
   1777.92598   3.91290294E-002
   1776.59220   4.25211703E-002
   1775.25842   4.64594080E-002
   1773.92464   5.10714447E-002
   1772.59086   5.65246183E-002
   1771.25709   6.30414438E-002
   1769.92331   7.09226092E-002
   1768.58953   8.05816887E-002
   1767.25575   9.25986734E-002
   1765.92197   1.07804390E-001
   1764.58820   1.27416685E-001
   1763.25442   1.53264856E-001
   1761.92064   1.88165616E-001
   1760.58686   2.36554548E-001
   1759.25308   3.05511003E-001
   1757.91931   4.06188283E-001
   1756.58553   5.54616187E-001
   1755.25175   7.66045485E-001
   1753.91797   1.02416366E+000
   1752.58419   1.21748948E+000
   1751.25042   1.18684158E+000
   1749.91664   9.63121266E-001
   1748.58286   7.13464637E-001
   1747.24908   5.21005214E-001
   1745.91531   3.88924148E-001
   1744.58153   3.00392943E-001
   1743.24775   2.40567075E-001
   1741.91397   1.99517491E-001
   1740.58019   1.71028126E-001
   1739.24642   1.51247071E-001
   1737.91264   1.37779641E-001
   1736.57886   1.29143716E-001
   1735.24508   1.24455050E-001
   1733.91130   1.23252383E-001
   1732.57753   1.25411395E-001
   1731.24375   1.31122939E-001
   1729.90997   1.40929586E-001
   1728.57619   1.55831093E-001
   1727.24241   1.77489294E-001
   1725.90864   2.08591200E-001
   1724.57486   2.53464310E-001
   1723.24108   3.19037997E-001
   1721.90730   4.15965140E-001
   1720.57352   5.58146188E-001
   1719.23975   7.53671498E-001
   1717.90597   9.76198361E-001
   1716.57219   1.13942484E+000
   1715.23841   1.13847131E+000
   1713.90463   9.62049806E-001
   1712.57086   7.28360130E-001
   1711.23708   5.33532161E-001
   1709.90330   3.95605292E-001
   1708.56952   3.01905544E-001
   1707.23575   2.37876224E-001
   1705.90197   1.93177268E-001
   1704.56819   1.61201106E-001
   1703.23441   1.37798968E-001
   1701.90063   1.20335816E-001
   1700.56686   1.07102178E-001
   1699.23308   9.69627749E-002
   1697.89930   8.91465599E-002
   1696.56552   8.31193422E-002
   1695.23174   7.85049277E-002
   1693.89797   7.50352491E-002
   1692.56419   7.25182003E-002
   1691.23041   7.08165445E-002
   1689.89663   6.98339266E-002
   1688.56285   6.95055772E-002
   1687.22908   6.97922172E-002
   1685.89530   7.06762457E-002
   1684.56152   7.21596537E-002
   1683.22774   7.42633524E-002
   1681.89396   7.70277850E-002
   1680.56019   8.05148389E-002
   1679.22641   8.48112267E-002
   1677.89263   9.00336720E-002
   1676.55885   9.63364626E-002
   1675.22508   1.03922250E-001
   1673.89130   1.13057456E-001
   1672.55752   1.24094387E-001
   1671.22374   1.37503357E-001
   1669.88996   1.53920041E-001
   1668.55619   1.74216577E-001
   1667.22241   1.99610429E-001
   1665.88863   2.31834737E-001
   1664.55485   2.73410898E-001
   1663.22107   3.28094426E-001
   1661.88730   4.01618083E-001
   1660.55352   5.02942004E-001
   1659.21974   6.46323361E-001
   1657.88596   8.54449990E-001
   1656.55218   1.16161141E+000
   1655.21841   1.60905488E+000
   1653.88463   2.20106379E+000
   1652.55085   2.77037581E+000
   1651.21707   2.92194127E+000
   1649.88329   2.51200183E+000
   1648.54952   1.89675047E+000
   1647.21574   1.37624927E+000
   1645.88196   1.00925494E+000
   1644.54818   7.62794635E-001
   1643.21440   5.97626209E-001
   1641.88063   4.86030259E-001
   1640.54685   4.10688236E-001
   1639.21307   3.61319961E-001
   1637.87929   3.32289197E-001
   1636.54552   3.21323576E-001
   1635.21174   3.29095316E-001
   1633.87796   3.59425022E-001
   1632.54418   4.19488752E-001
   1631.21040   5.17165943E-001
   1629.87663   6.45983008E-001
   1628.54285   7.50188005E-001
   1627.20907   7.38225272E-001
   1625.87529   6.12787020E-001
   1624.54151   4.65532461E-001
   1623.20774   3.48718119E-001
   1621.87396   2.66653762E-001
   1620.54018   2.10159705E-001
   1619.20640   1.70629097E-001
   1617.87262   1.42197961E-001
   1616.53885   1.21148916E-001
   1615.20507   1.05139120E-001
   1613.87129   9.26671828E-002
   1612.53751   8.27473636E-002
   1611.20373   7.47155122E-002
   1609.86996   6.81127723E-002
   1608.53618   6.26146317E-002
   1607.20240   5.79866686E-002
   1605.86862   5.40563068E-002
   1604.53484   5.06943810E-002
   1603.20107   4.78028531E-002
   1601.86729   4.53064735E-002
   1600.53351   4.31470309E-002
   1599.19973   4.12793410E-002
   1597.86596   3.96684356E-002
   1596.53218   3.82876048E-002
   1595.19840   3.71170744E-002
   1593.86462   3.61431840E-002
   1592.53084   3.53579984E-002
   1591.19707   3.47593376E-002
   1589.86329   3.43512681E-002
   1588.52951   3.41451687E-002
   1587.19573   3.41615812E-002
   1585.86195   3.44332146E-002
   1584.52818   3.50097292E-002
   1583.19440   3.59653696E-002
   1581.86062   3.74112969E-002
   1580.52684   3.95158505E-002
   1579.19306   4.25383874E-002
   1577.85929   4.68862828E-002
   1576.52551   5.32095343E-002
   1575.19173   6.25451533E-002
   1573.85795   7.64693706E-002
   1572.52417   9.69182003E-002
   1571.19040   1.24280692E-001
   1569.85662   1.51293229E-001
   1568.52284   1.59674806E-001
   1567.18906   1.41467529E-001
   1565.85529   1.12729817E-001
   1564.52151   8.80826554E-002
   1563.18773   7.06668830E-002
   1561.85395   5.90098726E-002
   1560.52017   5.12472184E-002
   1559.18640   4.60405107E-002
   1557.85262   4.25379067E-002
   1556.51884   4.02110831E-002
   1555.18506   3.87319267E-002
   1553.85128   3.78959093E-002
   1552.51751   3.75769000E-002
   1551.18373   3.77009895E-002
   1549.84995   3.82317262E-002
   1548.51617   3.91625390E-002
   1547.18239   4.05142172E-002
   1545.84862   4.23367029E-002
   1544.51484   4.47155596E-002
   1543.18106   4.77847050E-002
   1541.84728   5.17487032E-002
   1540.51350   5.69204775E-002
   1539.17973   6.37835051E-002
   1537.84595   7.30871533E-002
   1536.51217   8.59565459E-002
   1535.17839   1.03856210E-001
   1533.84461   1.27868775E-001
   1532.51084   1.57106273E-001
   1531.17706   1.89594925E-001
   1529.84328   2.23370722E-001
   1528.50950   2.45218452E-001
   1527.17573   2.36681835E-001
   1525.84195   2.06865482E-001
   1524.50817   1.78624235E-001
   1523.17439   1.61595455E-001
   1521.84061   1.55909560E-001
   1520.50684   1.60045742E-001
   1519.17306   1.73495528E-001
   1517.83928   1.97321713E-001
   1516.50550   2.34467799E-001
   1515.17172   2.90195358E-001
   1513.83795   3.71899361E-001
   1512.50417   4.84661914E-001
   1511.17039   6.14936638E-001
   1509.83661   7.16921346E-001
   1508.50283   7.68495698E-001
   1507.16906   8.20694036E-001
   1505.83528   9.06547355E-001
   1504.50150   9.74728955E-001
   1503.16772   9.65498853E-001
   1501.83394   9.04573088E-001
   1500.50017   8.15201221E-001
   1499.16639   7.00111530E-001
   1497.83261   5.99809046E-001
   1496.49883   5.46969667E-001
   1495.16506   5.36744052E-001
   1493.83128   5.29430957E-001
   1492.49750   4.81220492E-001
   1491.16372   4.03592522E-001
   1489.82994   3.35476314E-001
   1488.49617   2.93376454E-001
   1487.16239   2.75706602E-001
   1485.82861   2.71161055E-001
   1484.49483   2.60214235E-001
   1483.16105   2.33770616E-001
   1481.82728   2.04324076E-001
   1480.49350   1.83983720E-001
   1479.15972   1.75994443E-001
   1477.82594   1.80767693E-001
   1476.49216   1.99826870E-001
   1475.15839   2.36862530E-001
   1473.82461   2.96267999E-001
   1472.49083   3.74291993E-001
   1471.15705   4.38321411E-001
   1469.82327   4.33873581E-001
   1468.48950   3.61411627E-001
   1467.15572   2.75178963E-001
   1465.82194   2.06697610E-001
   1464.48816   1.58772409E-001
   1463.15438   1.26001119E-001
   1461.82061   1.03271723E-001
   1460.48683   8.70974118E-002
   1459.15305   7.52699563E-002
   1457.81927   6.64004992E-002
   1456.48550   5.96015416E-002
   1455.15172   5.42925075E-002
   1453.81794   5.00839761E-002
   1452.48416   4.67083714E-002
   1451.15038   4.39777319E-002
   1449.81661   4.17574160E-002
   1448.48283   3.99493583E-002
   1447.14905   3.84811766E-002
   1445.81527   3.72989455E-002
   1444.48149   3.63623247E-002
   1443.14772   3.56412360E-002
   1441.81394   3.51135868E-002
   1440.48016   3.47637269E-002
   1439.14638   3.45814406E-002
   1437.81260   3.45613573E-002
   1436.47883   3.47027226E-002
   1435.14505   3.50095185E-002
   1433.81127   3.54909747E-002
   1432.47749   3.61625741E-002
   1431.14371   3.70477510E-002
   1429.80994   3.81806287E-002
   1428.47616   3.96103973E-002
   1427.14238   4.14083797E-002
   1425.80860   4.36796127E-002
   1424.47482   4.65821139E-002
   1423.14105   5.03590546E-002
   1421.80727   5.53908737E-002
   1420.47349   6.22686755E-002
   1419.13971   7.18407721E-002
   1417.80594   8.49535225E-002
   1416.47216   1.00971060E-001
   1415.13838   1.14576296E-001
   1413.80460   1.17760686E-001
   1412.47082   1.11826692E-001
   1411.13705   1.05460955E-001
   1409.80327   1.03421168E-001
   1408.46949   1.06471511E-001
   1407.13571   1.14544305E-001
   1405.80193   1.28059310E-001
   1404.46816   1.48337908E-001
   1403.13438   1.77929562E-001
   1401.80060   2.20985127E-001
   1400.46682   2.82963778E-001
   1399.13304   3.66449749E-001
   1397.79927   4.56667807E-001
   1396.46549   5.10596498E-001
   1395.13171   5.06764116E-001
   1393.79793   4.88694279E-001
   1392.46415   5.04484278E-001
   1391.13038   5.74783767E-001
   1389.79660   6.99880964E-001
   1388.46282   8.39229157E-001
   1387.12904   8.91675787E-001
   1385.79527   8.05346890E-001
   1384.46149   6.65007691E-001
   1383.12771   5.57439969E-001
   1381.79393   5.07703114E-001
   1380.46015   5.14174628E-001
   1379.12638   5.64001049E-001
   1377.79260   6.15502283E-001
   1376.45882   6.01007129E-001
   1375.12504   5.11980057E-001
   1373.79126   4.08216796E-001
   1372.45749   3.28182661E-001
   1371.12371   2.76488164E-001
   1369.78993   2.47769766E-001
   1368.45615   2.37549140E-001
   1367.12237   2.44415883E-001
   1365.78860   2.70111304E-001
   1364.45482   3.18669876E-001
   1363.12104   3.91352676E-001
   1361.78726   4.70042872E-001
   1360.45348   5.03296193E-001
   1359.11971   4.58785849E-001
   1357.78593   3.76764653E-001
   1356.45215   3.05329925E-001
   1355.11837   2.58199806E-001
   1353.78459   2.30200934E-001
   1352.45082   2.10593357E-001
   1351.11704   1.92421754E-001
   1349.78326   1.77440900E-001
   1348.44948   1.68708577E-001
   1347.11571   1.66713228E-001
   1345.78193   1.71086138E-001
   1344.44815   1.81897734E-001
   1343.11437   2.00088207E-001
   1341.78059   2.27758193E-001
   1340.44682   2.68604452E-001
   1339.11304   3.28351239E-001
   1337.77926   4.13803147E-001
   1336.44548   5.25331941E-001
   1335.11170   6.36182287E-001
   1333.77793   6.91236253E-001
   1332.44415   6.84657319E-001
   1331.11037   6.80574432E-001
   1329.77659   7.31640359E-001
   1328.44281   8.63635815E-001
   1327.10904   1.09366505E+000
   1325.77526   1.41151973E+000
   1324.44148   1.70455910E+000
   1323.10770   1.76300095E+000
   1321.77392   1.56687863E+000
   1320.44015   1.32826007E+000
   1319.10637   1.17660560E+000
   1317.77259   1.08207608E+000
   1316.43881   9.49299405E-001
   1315.10504   7.62692174E-001
   1313.77126   5.84621241E-001
   1312.43748   4.48637205E-001
   1311.10370   3.52390986E-001
   1309.76992   2.84760484E-001
   1308.43615   2.36415999E-001
   1307.10237   2.01059923E-001
   1305.76859   1.74641160E-001
   1304.43481   1.54549679E-001
   1303.10103   1.39074669E-001
   1301.76726   1.27071893E-001
   1300.43348   1.17762886E-001
   1299.09970   1.10612983E-001
   1297.76592   1.05256479E-001
   1296.43214   1.01450727E-001
   1295.09837   9.90488361E-002
   1293.76459   9.79853671E-002
   1292.43081   9.82723877E-002
   1291.09703   1.00005496E-001
   1289.76325   1.03381609E-001
   1288.42948   1.08733144E-001
   1287.09570   1.16587607E-001
   1285.76192   1.27768998E-001
   1284.42814   1.43569868E-001
   1283.09436   1.66041396E-001
   1281.76059   1.98463197E-001
   1280.42681   2.45990477E-001
   1279.09303   3.15970809E-001
   1277.75925   4.15146886E-001
   1276.42548   5.35138023E-001
   1275.09170   6.24306527E-001
   1273.75792   6.14202932E-001
   1272.42414   5.24851415E-001
   1271.09036   4.31747932E-001
   1269.75659   3.71656780E-001
   1268.42281   3.48672571E-001
   1267.08903   3.60922146E-001
   1265.75525   4.09876055E-001
   1264.42147   4.97818564E-001
   1263.08770   6.09927720E-001
   1261.75392   6.83749660E-001
   1260.42014   6.47248043E-001
   1259.08636   5.29796780E-001
   1257.75258   4.10182009E-001
   1256.41881   3.21258187E-001
   1255.08503   2.61896149E-001
   1253.75125   2.23819884E-001
   1252.41747   2.00284644E-001
   1251.08369   1.86984340E-001
   1249.74992   1.81438327E-001
   1248.41614   1.82414428E-001
   1247.08236   1.89600781E-001
   1245.74858   2.03498314E-001
   1244.41480   2.25506816E-001
   1243.08103   2.58209999E-001
   1241.74725   3.05842650E-001
   1240.41347   3.74610128E-001
   1239.07969   4.71173118E-001
   1237.74592   5.95104805E-001
   1236.41214   7.30047560E-001
   1235.07836   8.70504541E-001
   1233.74458   1.05600948E+000
   1232.41080   1.30828455E+000
   1231.07703   1.52951744E+000
   1229.74325   1.52469032E+000
   1228.40947   1.27849803E+000
   1227.07569   9.79452804E-001
   1225.74191   7.45448549E-001
   1224.40814   5.90029558E-001
   1223.07436   4.95915116E-001
   1221.74058   4.47487869E-001
   1220.40680   4.36572144E-001
   1219.07302   4.60966068E-001
   1217.73925   5.18152799E-001
   1216.40547   5.87924042E-001
   1215.07169   6.18513940E-001
   1213.73791   5.80472153E-001
   1212.40413   5.16781936E-001
   1211.07036   4.75203787E-001
   1209.73658   4.72099097E-001
   1208.40280   5.12027202E-001
   1207.06902   6.02653940E-001
   1205.73525   7.57861734E-001
   1204.40147   9.86930793E-001
   1203.06769   1.24925207E+000
   1201.73391   1.39447407E+000
   1200.40013   1.28846190E+000
   1199.06636   1.03276034E+000
   1197.73258   7.94043076E-001
   1196.39880   6.31122655E-001
   1195.06502   5.40018451E-001
   1193.73124   5.02922490E-001
   1192.39747   4.91528088E-001
   1191.06369   4.62524223E-001
   1189.72991   3.96753063E-001
   1188.39613   3.21030149E-001
   1187.06235   2.59606379E-001
   1185.72858   2.16636117E-001
   1184.39480   1.88806309E-001
   1183.06102   1.72848523E-001
   1181.72724   1.67213618E-001
   1180.39346   1.72025047E-001
   1179.05969   1.88055909E-001
   1177.72591   2.12639720E-001
   1176.39213   2.31217085E-001
   1175.05835   2.22311206E-001
   1173.72457   1.88480186E-001
   1172.39080   1.51332134E-001
   1171.05702   1.22115656E-001
   1169.72324   1.01352882E-001
   1168.38946   8.67785431E-002
   1167.05569   7.63616819E-002
   1165.72191   6.87282916E-002
   1164.38813   6.30065396E-002
   1163.05435   5.86461419E-002
   1161.72057   5.52955969E-002
   1160.38680   5.27276509E-002
   1159.05302   5.07953381E-002
   1157.71924   4.94063103E-002
   1156.38546   4.85082300E-002
   1155.05168   4.80812736E-002
   1153.71791   4.81358033E-002
   1152.38413   4.87146280E-002
   1151.05035   4.99004320E-002
   1149.71657   5.18303079E-002
   1148.38279   5.47213351E-002
   1147.04902   5.89144275E-002
   1145.71524   6.49488779E-002
   1144.38146   7.36862694E-002
   1143.04768   8.64987124E-002
   1141.71390   1.05462019E-001
   1140.38013   1.33092791E-001
   1139.04635   1.69771238E-001
   1137.71257   2.05762682E-001
   1136.37879   2.17679427E-001
   1135.04502   1.96853291E-001
   1133.71124   1.64777651E-001
   1132.37746   1.40105880E-001
   1131.04368   1.27369881E-001
   1129.70990   1.26060395E-001
   1128.37613   1.35848962E-001
   1127.04235   1.56776990E-001
   1125.70857   1.84890077E-001
   1124.37479   2.04551999E-001
   1123.04101   1.97732602E-001
   1121.70724   1.71792587E-001
   1120.37346   1.46805284E-001
   1119.03968   1.31687312E-001
   1117.70590   1.27231372E-001
   1116.37212   1.33067971E-001
   1115.03835   1.50110001E-001
   1113.70457   1.80538031E-001
   1112.37079   2.24712023E-001
   1111.03701   2.71481910E-001
   1109.70323   2.92718819E-001
   1108.36946   2.76878700E-001
   1107.03568   2.50577163E-001
   1105.70190   2.35296761E-001
   1104.36812   2.24949185E-001
   1103.03434   2.01908200E-001
   1101.70057   1.66778924E-001
   1100.36679   1.33594215E-001
   1099.03301   1.08755246E-001
   1097.69923   9.15940482E-002
   1096.36546   7.99199107E-002
   1095.03168   7.19502469E-002
   1093.69790   6.64989801E-002
   1092.36412   6.28129218E-002
   1091.03034   6.04149724E-002
   1089.69657   5.90004196E-002
   1088.36279   5.83739247E-002
   1087.02901   5.84119263E-002
   1085.69523   5.90402315E-002
   1084.36145   6.02207438E-002
   1083.02768   6.19438867E-002
   1081.69390   6.42248121E-002
   1080.36012   6.71023879E-002
   1079.02634   7.06405392E-002
   1077.69256   7.49319388E-002
   1076.35879   8.01044284E-002
   1075.02501   8.63309978E-002
   1073.69123   9.38447582E-002
   1072.35745   1.02961279E-001
   1071.02367   1.14112176E-001
   1069.68990   1.27896365E-001
   1068.35612   1.45159790E-001
   1067.02234   1.67122115E-001
   1065.68856   1.95582438E-001
   1064.35478   2.33259877E-001
   1063.02101   2.84363775E-001
   1061.68723   3.55537555E-001
   1060.35345   4.57307333E-001
   1059.01967   6.05680146E-001
   1057.68590   8.20825026E-001
   1056.35212   1.11022916E+000
   1055.01834   1.41491550E+000
   1053.68456   1.58252143E+000
   1052.35078   1.54297044E+000
   1051.01701   1.38169945E+000
   1049.68323   1.14924737E+000
   1048.34945   8.95436430E-001
   1047.01567   6.85702800E-001
   1045.68189   5.39231826E-001
   1044.34812   4.45587332E-001
   1043.01434   3.91215503E-001
   1041.68056   3.66183846E-001
   1040.34678   3.60204428E-001
   1039.01300   3.55192519E-001
   1037.67923   3.34024292E-001
   1036.34545   3.02802346E-001
   1035.01167   2.77155040E-001
   1033.67789   2.63085241E-001
   1032.34411   2.60242487E-001
   1031.01034   2.67393104E-001
   1029.67656   2.84165404E-001
   1028.34278   3.11360158E-001
   1027.00900   3.51106901E-001
   1025.67523   4.07242427E-001
   1024.34145   4.86079007E-001
   1023.00767   5.97726475E-001
   1021.67389   7.57984080E-001
   1020.34011   9.89721543E-001
   1019.00634   1.31907555E+000
   1017.67256   1.76097580E+000
   1016.33878   2.30943511E+000
   1015.00500   2.89738306E+000
   1013.67122   3.23397018E+000
   1012.33745   2.99331898E+000
   1011.00367   2.36777764E+000
   1009.66989   1.75640755E+000
   1008.33611   1.31233467E+000
   1007.00233   1.02344408E+000
   1005.66856   8.38468914E-001
   1004.33478   7.01952397E-001
   1003.00100   5.78780481E-001
   1001.66722   4.70807761E-001
   1000.33344   3.86976062E-001
    998.99967   3.26417898E-001
    997.66589   2.84519600E-001
    996.33211   2.57649423E-001
    994.99833   2.44040800E-001
    993.66455   2.42841783E-001
    992.33078   2.50365045E-001
    990.99700   2.53479801E-001
    989.66322   2.36018709E-001
    988.32944   2.02343726E-001
    986.99567   1.68755191E-001
    985.66189   1.42483067E-001
    984.32811   1.23305516E-001
    982.99433   1.09333896E-001
    981.66055   9.89805554E-002
    980.32678   9.11815058E-002
    978.99300   8.52619876E-002
    977.65922   8.08000765E-002
    976.32544   7.75369373E-002
    974.99166   7.53242392E-002
    973.65789   7.40958096E-002
    972.32411   7.38552932E-002
    970.99033   7.46758835E-002
    969.65655   7.67115105E-002
    968.32277   8.02219522E-002
    966.98900   8.56181860E-002
    965.65522   9.35402272E-002
    964.32144   1.04989515E-001
    962.98766   1.21553301E-001
    961.65388   1.45775430E-001
    960.32011   1.81706869E-001
    958.98633   2.35400425E-001
    957.65255   3.13741743E-001
    956.31877   4.15573256E-001
    954.98499   5.07336399E-001
    953.65122   5.20937173E-001
    952.31744   4.43133564E-001
    950.98366   3.38665345E-001
    949.64988   2.53354324E-001
    948.31611   1.94111809E-001
    946.98233   1.54879426E-001
    945.64855   1.29310318E-001
    944.31477   1.13152282E-001
    942.98099   1.03987950E-001
    941.64722   1.00711392E-001
    940.31344   1.03015288E-001
    938.97966   1.10306944E-001
    937.64588   1.19277703E-001
    936.31210   1.23790601E-001
    934.97833   1.23581507E-001
    933.64455   1.26413774E-001
    932.31077   1.38668697E-001
    930.97699   1.61670518E-001
    929.64321   1.87712734E-001
    928.30944   1.96166228E-001
    926.97566   1.75242042E-001
    925.64188   1.41229517E-001
    924.30810   1.11516227E-001
    922.97432   9.03948984E-002
    921.64055   7.63385809E-002
    920.30677   6.71996620E-002
    918.97299   6.14313719E-002
    917.63921   5.80821520E-002
    916.30544   5.66182584E-002
    914.97166   5.67928090E-002
    913.63788   5.85782563E-002
    912.30410   6.21512928E-002
    910.97032   6.79262616E-002
    909.63655   7.66465850E-002
    908.30277   8.95594350E-002
    906.96899   1.08709853E-001
    905.63521   1.37347593E-001
    904.30143   1.80101965E-001
    902.96766   2.41071408E-001
    901.63388   3.14206218E-001
    900.30010   3.65306834E-001
    898.96632   3.50697954E-001
    897.63254   2.84337266E-001
    896.29877   2.13583459E-001
    894.96499   1.59773340E-001
    893.63121   1.22914992E-001
    892.29743   9.81405537E-002
    890.96365   8.13183145E-002
    889.62988   6.97079670E-002
    888.29610   6.15959145E-002
    886.96232   5.59188955E-002
    885.62854   5.20146584E-002
    884.29476   4.94731784E-002
    882.96099   4.80515657E-002
    881.62721   4.76284180E-002
    880.29343   4.81846951E-002
    878.95965   4.98062351E-002
    877.62588   5.27091005E-002
    876.29210   5.72927592E-002
    874.95832   6.42184589E-002
    873.62454   7.44433405E-002
    872.29076   8.88413450E-002
    870.95699   1.06300242E-001
    869.62321   1.20205877E-001
    868.28943   1.22264725E-001
    866.95565   1.15683902E-001
    865.62187   1.10244631E-001
    864.28810   1.10813186E-001
    862.95432   1.18490061E-001
    861.62054   1.34064852E-001
    860.28676   1.59498867E-001
    858.95298   1.98636314E-001
    857.61921   2.57657912E-001
    856.28543   3.43763510E-001
    854.95165   4.55721980E-001
    853.61787   5.58273152E-001
    852.28409   5.80728451E-001
    850.95032   5.11283161E-001
    849.61654   4.19578462E-001
    848.28276   3.55603145E-001
    846.94898   3.30362751E-001
    845.61521   3.43617606E-001
    844.28143   3.96194952E-001
    842.94765   4.84610521E-001
    841.61387   5.76234869E-001
    840.28009   5.96382018E-001
    838.94632   5.14075273E-001
    837.61254   3.93100924E-001
    836.27876   2.90041559E-001
    834.94498   2.16392499E-001
    833.61120   1.65936454E-001
    832.27743   1.31112627E-001
    830.94365   1.06501263E-001
    829.60987   8.86271302E-002
    828.27609   7.53026184E-002
    826.94231   6.51340489E-002
    825.60854   5.72134641E-002
    824.27476   5.09343106E-002
    822.94098   4.58812304E-002
    821.60720   4.17631291E-002
    820.27342   3.83716500E-002
    818.93965   3.55548129E-002
    817.60587   3.31998950E-002
    816.27209   3.12220743E-002
    814.93831   2.95567431E-002
    813.60453   2.81542116E-002
    812.27076   2.69760001E-002
    810.93698   2.59922089E-002
    809.60320   2.51796322E-002
    808.26942   2.45203993E-002
    806.93565   2.40009963E-002
    805.60187   2.36115687E-002
    804.26809   2.33454425E-002
    802.93431   2.31988190E-002
    801.60053   2.31706184E-002
    800.26676   2.32624607E-002
    798.93298   2.34787838E-002
    797.59920   2.38271114E-002
    796.26542   2.43184983E-002
    794.93164   2.49681982E-002
    793.59787   2.57966269E-002
    792.26409   2.68307313E-002
    790.93031   2.81059330E-002
    789.59653   2.96689093E-002
    788.26275   3.15816244E-002
    786.92898   3.39272697E-002
    785.59520   3.68191927E-002
    784.26142   4.04146163E-002
    782.92764   4.49362104E-002
    781.59386   5.07067801E-002
    780.26009   5.82060375E-002
    778.92631   6.81638184E-002
    777.59253   8.17075469E-002
    776.25875   1.00558900E-001
    774.92497   1.27111377E-001
    773.59120   1.63539933E-001
    772.25742   2.07757599E-001
    770.92364   2.48028401E-001
    769.58986   2.74981195E-001
    768.25609   3.01138319E-001
    766.92231   3.40084083E-001
    765.58853   3.88565845E-001
    764.25475   4.48151926E-001
    762.92097   5.28865630E-001
    761.58720   6.01768094E-001
    760.25342   5.93508938E-001
    758.91964   4.92566036E-001
    757.58586   3.69240826E-001
    756.25208   2.70121065E-001
    754.91831   2.00648933E-001
    753.58453   1.53334364E-001
    752.25075   1.20751725E-001
    750.91697   9.77798602E-002
    749.58319   8.11654786E-002
    748.24942   6.88623558E-002
    746.91564   5.95653041E-002
    745.58186   5.24237161E-002
    744.24808   4.68708001E-002
    742.91430   4.25214870E-002
    741.58053   3.91105409E-002
    740.24675   3.64545065E-002
    738.91297   3.44281891E-002
    737.57919   3.29504085E-002
    736.24542   3.19761461E-002
    734.91164   3.14937272E-002
    733.57786   3.15268429E-002
    732.24408   3.21423911E-002
    730.91030   3.34666749E-002
    729.57653   3.57148049E-002
    728.24275   3.92412349E-002
    726.90897   4.46203367E-002
    725.57519   5.27470396E-002
    724.24141   6.48280049E-002
    722.90764   8.16584623E-002
    721.57386   1.00751493E-001
    720.24008   1.13067101E-001
    718.90630   1.11879504E-001
    717.57252   1.04976625E-001
    716.23875   1.02217516E-001
    714.90497   1.04005565E-001
    713.57119   1.04401406E-001
    712.23741   1.02113448E-001
    710.90363   1.02204145E-001
    709.56986   1.04501924E-001
    708.23608   1.00770641E-001
    706.90230   8.74206960E-002
    705.56852   7.14914975E-002
    704.23474   5.88311760E-002
    702.90097   5.03507178E-002
    701.56719   4.51890284E-002
    700.23341   4.24638870E-002
    698.89963   4.16210386E-002
    697.56586   4.24087047E-002
    696.23208   4.48244850E-002
    694.89830   4.91056745E-002
    693.56452   5.57774562E-002
    692.23074   6.57748590E-002
    690.89697   8.06639922E-002
    689.56319   1.02961369E-001
    688.22941   1.36311480E-001
    686.89563   1.84181523E-001
    685.56185   2.42787825E-001
    684.22808   2.86519766E-001
    682.89430   2.78920897E-001
    681.56052   2.27171346E-001
    680.22674   1.69558189E-001
    678.89296   1.25071860E-001
    677.55919   9.44124298E-002
    676.22541   7.37124360E-002
    674.89163   5.95617582E-002
    673.55785   4.96746741E-002
    672.22407   4.26129590E-002
    670.89030   3.74758422E-002
    669.55652   3.36908091E-002
    668.22274   3.08866951E-002
    666.88896   2.88183976E-002
    665.55519   2.73220012E-002
    664.22141   2.62877038E-002
    662.88763   2.56433480E-002
    661.55385   2.53444933E-002
    660.22007   2.53687721E-002
    658.88630   2.57133538E-002
    657.55252   2.63950738E-002
    656.21874   2.74534049E-002
    654.88496   2.89571382E-002
    653.55118   3.10165779E-002
    652.21741   3.38042049E-002
    650.88363   3.75869279E-002
    649.54985   4.27649854E-002
    648.21607   4.98646402E-002
    646.88229   5.92546132E-002
    645.54852   7.01419492E-002
    644.21474   7.99096434E-002
    642.88096   8.78249994E-002
    641.54718   9.81128134E-002
    640.21340   1.15855811E-001
    638.87963   1.45084403E-001
    637.54585   1.88868914E-001
    636.21207   2.43953972E-001
    634.87829   2.87823222E-001
    633.54451   2.87467512E-001
    632.21074   2.48586730E-001
    630.87696   2.06547528E-001
    629.54318   1.80393096E-001
    628.20940   1.73080849E-001
    626.87563   1.84039802E-001
    625.54185   2.12447564E-001
    624.20807   2.51683643E-001
    622.87429   2.80413082E-001
    621.54051   2.79648599E-001
    620.20674   2.65543623E-001
    618.87296   2.66038566E-001
    617.53918   2.92291452E-001
    616.20540   3.34770160E-001
    614.87162   3.57211711E-001
    613.53785   3.26230775E-001
    612.20407   2.62492797E-001
    610.87029   2.03323702E-001
    609.53651   1.61886050E-001
    608.20273   1.36983340E-001
    606.86896   1.25350367E-001
    605.53518   1.25302528E-001
    604.20140   1.36869829E-001
    602.86762   1.59739991E-001
    601.53384   1.86631679E-001
    600.20007   1.96786783E-001
    598.86629   1.75888403E-001
    597.53251   1.39384893E-001
    596.19873   1.06462983E-001
    594.86495   8.24909412E-002
    593.53118   6.60534135E-002
    592.19740   5.48428136E-002
    590.86362   4.71439860E-002
    589.52984   4.18695687E-002
    588.19607   3.83725058E-002
    586.86229   3.62999131E-002
    585.52851   3.55126921E-002
    584.19473   3.60592176E-002
    582.86095   3.81961760E-002
    581.52718   4.24556347E-002
    580.19340   4.97363807E-002
    578.85962   6.12490854E-002
    577.52584   7.75645130E-002
    576.19206   9.51036755E-002
    574.85829   1.02652167E-001
    573.52451   9.24979859E-002
    572.19073   7.33547756E-002
    570.85695   5.59286143E-002
    569.52317   4.32391685E-002
    568.18940   3.45355851E-002
    566.85562   2.85598844E-002
    565.52184   2.43688961E-002
    564.18806   2.13531730E-002
    562.85428   1.91306607E-002
    561.52051   1.74602326E-002
    560.18673   1.61868213E-002
    558.85295   1.52085915E-002
    557.51917   1.44574375E-002
    556.18540   1.38872726E-002
    554.85162   1.34668929E-002
    553.51784   1.31755819E-002
    552.18406   1.30004116E-002
    550.85028   1.29346432E-002
    549.51651   1.29768967E-002
    548.18273   1.31309190E-002
    546.84895   1.34058994E-002
    545.51517   1.38173763E-002
    544.18139   1.43888907E-002
    542.84762   1.51546913E-002
    541.51384   1.61640282E-002
    540.18006   1.74879631E-002
    538.84628   1.92303011E-002
    537.51250   2.15454480E-002
    536.17873   2.46680923E-002
    534.84495   2.89630738E-002
    533.51117   3.50083114E-002
    532.17739   4.37232882E-002
    530.84361   5.65158235E-002
    529.50984   7.51889716E-002
    528.17606   1.00483803E-001
    526.84228   1.26934672E-001
    525.50850   1.38543127E-001
    524.17472   1.25828270E-001
    522.84095   1.02194228E-001
    521.50717   8.24943853E-002
    520.17339   7.10660110E-002
    518.83961   6.75997796E-002
    517.50584   7.11480523E-002
    516.17206   7.94872745E-002
    514.83828   8.57669427E-002
    513.50450   8.11636318E-002
    512.17072   6.72923556E-002
    510.83695   5.27581705E-002
    509.50317   4.16737905E-002
    508.16939   3.40648962E-002
    506.83561   2.89823884E-002
    505.50183   2.56138874E-002
    504.16806   2.34218753E-002
    502.83428   2.20759165E-002
    501.50050   2.13808372E-002
    500.16672   2.12298377E-002
    498.83294   2.15781434E-002
    497.49917   2.24306348E-002
    496.16539   2.38395999E-002
    494.83161   2.59115030E-002
    493.49783   2.88242444E-002
    492.16405   3.28594573E-002
    490.83028   3.84589257E-002
    489.49650   4.63212754E-002
    488.16272   5.75641921E-002
    486.82894   7.39770700E-002
    485.49517   9.83119348E-002
    484.16139   1.34109598E-001
    482.82761   1.82853882E-001
    481.49383   2.33797465E-001
    480.16005   2.54954029E-001
    478.82628   2.26377375E-001
    477.49250   1.73896800E-001
    476.15872   1.26792461E-001
    474.82494   9.28312933E-002
    473.49116   6.97531642E-002
    472.15739   5.40645842E-002
    470.82361   4.31758587E-002
    469.48983   3.54194126E-002
    468.15605   2.97510307E-002
    466.82227   2.55115606E-002
    465.48850   2.22763412E-002
    464.15472   1.97651624E-002
    462.82094   1.77886794E-002
    461.48716   1.62160940E-002
    460.15338   1.49552696E-002
    458.81961   1.39402278E-002
    457.48583   1.31231196E-002
    456.15205   1.24689727E-002
    454.81827   1.19522036E-002
    453.48449   1.15542816E-002
    452.15072   1.12621700E-002
    450.81694   1.10673108E-002
    449.48316   1.09650161E-002
    448.14938   1.09541849E-002
    446.81561   1.10373187E-002
    445.48183   1.12208436E-002
    444.14805   1.15157990E-002
    442.81427   1.19390062E-002
    441.48049   1.25149253E-002
    440.14672   1.32785441E-002
    438.81294   1.42798852E-002
    437.47916   1.55911271E-002
    436.14538   1.73180563E-002
    434.81160   1.96188444E-002
    433.47783   2.27353263E-002
    432.14405   2.70452805E-002
    430.81027   3.31470837E-002
    429.47649   4.19785008E-002
    428.14271   5.48896875E-002
    426.80894   7.32156815E-002
    425.47516   9.59090119E-002
    424.14138   1.14772776E-001
    422.80760   1.18558646E-001
    421.47382   1.10877293E-001
    420.14005   1.04391448E-001
    418.80627   1.02114213E-001
    417.47249   9.73531941E-002
    416.13871   8.43276028E-002
    414.80493   6.67264727E-002
    413.47116   5.11604878E-002
    412.13738   3.97735370E-002
    410.80360   3.19200724E-002
    409.46982   2.65279028E-002
    408.13605   2.27813132E-002
    406.80227   2.01475250E-002
    405.46849   1.82905174E-002
    404.13471   1.69987540E-002
    402.80093   1.61389012E-002
    401.46716   1.56282257E-002
    400.13338   1.54186169E-002
    398.79960   1.54877714E-002
    397.46582   1.58350796E-002
    396.13204   1.64810602E-002
    394.79827   1.74701261E-002
    393.46449   1.88773089E-002
    392.13071   2.08206209E-002
    390.79693   2.34823389E-002
    389.46315   2.71451557E-002
    388.12938   3.22534353E-002
    386.79560   3.95151894E-002
    385.46182   5.00588195E-002
    384.12804   6.56049127E-002
    382.79426   8.83166278E-002
    381.46049   1.18964240E-001
    380.12671   1.51048660E-001
    378.79293   1.66523385E-001
    377.45915   1.52595480E-001
    376.12538   1.21204444E-001
    374.79160   9.09891787E-002
    373.45782   6.88361648E-002
    372.12404   5.40534198E-002
    370.79026   4.45092540E-002
    369.45649   3.85370865E-002
    368.12271   3.51021208E-002
    366.78893   3.36462128E-002
    365.45515   3.39602744E-002
    364.12137   3.61334708E-002
    362.78760   4.05783091E-002
    361.45382   4.81272081E-002
    360.12004   6.01524183E-002
    358.78626   7.83939191E-002
    357.45248   1.03212481E-001
    356.11871   1.27958263E-001
    354.78493   1.35687235E-001
    353.45115   1.18725450E-001
    352.11737   9.18353588E-002
    350.78359   6.87276888E-002
    349.44982   5.24212711E-002
    348.11604   4.15863775E-002
    346.78226   3.45208301E-002
    345.44848   3.00298660E-002
    344.11470   2.74053533E-002
    342.78093   2.62946813E-002
    341.44715   2.66200439E-002
    340.11337   2.85612933E-002
    338.77959   3.25809782E-002
    337.44582   3.93886146E-002
    336.11204   4.94082840E-002
    334.77826   6.06974454E-002
    333.44448   6.63957855E-002
    332.11070   6.07964555E-002
    330.77693   4.87210604E-002
    329.44315   3.73769675E-002
    328.10937   2.90834501E-002
    326.77559   2.34609098E-002
    325.44181   1.97012209E-002
    324.10804   1.71867711E-002
    322.77426   1.55237189E-002
    321.44048   1.44765883E-002
    320.10670   1.39138599E-002
    318.77292   1.37760100E-002
    317.43915   1.40614308E-002
    316.10537   1.48267003E-002
    314.77159   1.62012784E-002
    313.43781   1.84200946E-002
    312.10403   2.18770931E-002
    310.77026   2.71798782E-002
    309.43648   3.50606750E-002
    308.10270   4.55689985E-002
    306.76892   5.56297189E-002
    305.43515   5.81115794E-002
    304.10137   5.05553862E-002
    302.76759   3.94281685E-002
    301.43381   3.00676810E-002
    300.10003   2.34914609E-002
    298.76626   1.90994545E-002
    297.43248   1.61891523E-002
    296.09870   1.42673080E-002
    294.76492   1.30285268E-002
    293.43114   1.22954113E-002
    292.09737   1.19766898E-002
    290.76359   1.20459271E-002
    289.42981   1.25365108E-002
    288.09603   1.35484723E-002
    286.76225   1.52528595E-002
    285.42848   1.78267119E-002
    284.09470   2.11067206E-002
    282.76092   2.38658686E-002
    281.42714   2.43319330E-002
    280.09336   2.29131142E-002
    278.75959   2.16555168E-002
    277.42581   2.17436437E-002
    276.09203   2.35754889E-002
    274.75825   2.75161040E-002
    273.42447   3.41589160E-002
    272.09070   4.39397622E-002
    270.75692   5.52982794E-002
    269.42314   6.19962986E-002
    268.08936   5.79112058E-002
    266.75559   4.68766862E-002
    265.42181   3.61194614E-002
    264.08803   2.82832512E-002
    262.75425   2.31369278E-002
    261.42047   1.99305111E-002
    260.08670   1.80952625E-002
    258.75292   1.73089632E-002
    257.41914   1.74523396E-002
    256.08536   1.85829722E-002
    254.75158   2.09364048E-002
    253.41781   2.48969806E-002
    252.08403   3.06889089E-002
    250.75025   3.71947904E-002
    249.41647   4.05438560E-002
    248.08269   3.75909762E-002
    246.74892   3.11005927E-002
    245.41514   2.50971388E-002
    244.08136   2.08635136E-002
    242.74758   1.81949423E-002
    241.41380   1.66606766E-002
    240.08003   1.59470062E-002
    238.74625   1.58789940E-002
    237.41247   1.63912859E-002
    236.07869   1.75103162E-002
    234.74491   1.93576945E-002
    233.41114   2.21780668E-002
    232.07736   2.63968557E-002
    230.74358   3.27057813E-002
    229.40980   4.21057739E-002
    228.07603   5.55240454E-002
    226.74225   7.18080558E-002
    225.40847   8.37536388E-002
    224.07469   8.15622228E-002
    222.74091   6.76739762E-002
    221.40714   5.25334792E-002
    220.07336   4.11232683E-002
    218.73958   3.35714980E-002
    217.40580   2.88436951E-002
    216.07202   2.60559980E-002
    214.73825   2.46445234E-002
    213.40447   2.42942494E-002
    212.07069   2.48654995E-002
    210.73691   2.63544635E-002
    209.40313   2.88868038E-002
    208.06936   3.27435249E-002
    206.73558   3.84241803E-002
    205.40180   4.67505324E-002
    204.06802   5.89620847E-002
    202.73424   7.64878970E-002
    201.40047   9.92426393E-002
    200.06669   1.21176063E-001
    198.73291   1.30760327E-001
    197.39913   1.27909112E-001
    196.06536   1.26579931E-001
    194.73158   1.37049823E-001
    193.39780   1.60971204E-001
    192.06402   1.88512947E-001
    190.73024   1.95570290E-001
    189.39647   1.70074668E-001
    188.06269   1.31221453E-001
    186.72891   9.77935758E-002
    185.39513   7.39794481E-002
    184.06135   5.78645798E-002
    182.72758   4.69825604E-002
    181.39380   3.95540596E-002
    180.06002   3.44450595E-002
    178.72624   3.09547738E-002
    177.39246   2.86545924E-002
    176.05869   2.72891524E-002
    174.72491   2.67204038E-002
    173.39113   2.68993795E-002
    172.05735   2.78574253E-002
    170.72357   2.97144275E-002
    169.38980   3.27067105E-002
    168.05602   3.72428473E-002
    166.72224   4.40010972E-002
    165.38846   5.40774699E-002
    164.05468   6.91234519E-002
    162.72091   9.10510841E-002
    161.38713   1.19703936E-001
    160.05335   1.46365758E-001
    158.71957   1.52957821E-001
    157.38580   1.35908713E-001
    156.05202   1.13014753E-001
    154.71824   9.71163262E-002
    153.38446   8.92372129E-002
    152.05068   8.41764617E-002
    150.71691   7.73362025E-002
    149.38313   7.06237895E-002
    148.04935   6.80225844E-002
    146.71557   7.15141912E-002
    145.38179   8.19672345E-002
    144.04802   9.86919865E-002
    142.71424   1.15030126E-001
    141.38046   1.17192310E-001
    140.04668   1.01285846E-001
    138.71290   7.97001935E-002
    137.37913   6.19521333E-002
    136.04535   4.96416092E-002
    134.71157   4.15718910E-002
    133.37779   3.64343744E-002
    132.04401   3.33360282E-002
    130.71024   3.17519721E-002
    129.37646   3.14209682E-002
    128.04268   3.22823231E-002
    126.70890   3.44612959E-002
    125.37513   3.83002021E-002
    124.04135   4.44276776E-002
    122.70757   5.38001544E-002
    121.37379   6.73663785E-002
    120.04001   8.42348473E-002
    118.70624   9.78330127E-002
    117.37246   9.86251493E-002
    116.03868   8.85305814E-002
    114.70490   7.80226611E-002
    113.37112   7.27814285E-002
    112.03735   7.39391575E-002
    110.70357   8.19076304E-002
    109.36979   9.78288909E-002
    108.03601   1.23020481E-001
    106.70223   1.54958408E-001
    105.36846   1.79254901E-001
    104.03468   1.76164430E-001
    102.70090   1.50266038E-001
    101.36712   1.22644451E-001
    100.03334   1.03766997E-001
     98.69957   9.44965341E-002
     97.36579   9.35301730E-002
     96.03201   9.97869016E-002
     94.69823   1.11752472E-001
     93.36445   1.27058568E-001
     92.03068   1.46486331E-001
     90.69690   1.74806687E-001
     89.36312   2.10753836E-001
     88.02934   2.37899537E-001
     86.69557   2.40071812E-001
     85.36179   2.30665268E-001
     84.02801   2.33957264E-001
     82.69423   2.61061184E-001
     81.36045   3.09499918E-001
     80.02668   3.61583181E-001
     78.69290   3.86435183E-001
     77.35912   3.56405742E-001
     76.02534   2.85020109E-001
     74.69156   2.12221895E-001
     73.35779   1.56779896E-001
     72.02401   1.18366345E-001
     70.69023   9.21241242E-002
     69.35645   7.39418245E-002
     68.02267   6.10825559E-002
     66.68890   5.18287437E-002
     65.35512   4.51156222E-002
     64.02134   4.02905361E-002
     62.68756   3.69742964E-002
     61.35378   3.49913589E-002
     60.02001   3.43484170E-002
     58.68623   3.52475660E-002
     57.35245   3.80952749E-002
     56.01867   4.33256057E-002
     54.68489   5.04486042E-002
     53.35112   5.59672802E-002
     52.01734   5.45344324E-002
     50.68356   4.67193164E-002
     49.34978   3.79809852E-002
     48.01601   3.12389559E-002
     46.68223   2.66946083E-002
     45.34845   2.38433067E-002
     44.01467   2.22607950E-002
     42.68089   2.17258686E-002
     41.34712   2.21689565E-002
     40.01334   2.34858002E-002
     38.67956   2.50632449E-002
     37.34578   2.55457777E-002
     36.01200   2.43933961E-002
     34.67823   2.27868434E-002
     33.34445   2.17825652E-002
     32.01067   2.16454001E-002
     30.67689   2.23531294E-002
     29.34311   2.39046563E-002
     28.00934   2.64059727E-002
     26.67556   3.01062119E-002
     25.34178   3.54525563E-002
     24.00800   4.31913155E-002
     22.67422   5.45265901E-002
     21.34045   7.12727066E-002
     20.00667   9.55548634E-002
     18.67289   1.27361310E-001
     17.33911   1.57664235E-001
     16.00534   1.67501207E-001
     14.67156   1.53417079E-001
     13.33778   1.35078635E-001
     12.00400   1.26838526E-001
     10.67022   1.28546219E-001
      9.33645   1.28461051E-001
      8.00267   1.14214075E-001
      6.66889   9.02568040E-002
      5.33511   6.78754773E-002
      4.00133   5.11908040E-002
      2.66756   3.95415215E-002
      1.33378   3.14148741E-002
      0.00000   2.56225226E-002
