   4000.00000   3.57739512E-003
   3998.66622   3.59388933E-003
   3997.33244   3.61051573E-003
   3995.99867   3.62727590E-003
   3994.66489   3.64417144E-003
   3993.33111   3.66120397E-003
   3991.99733   3.67837514E-003
   3990.66355   3.69568662E-003
   3989.32978   3.71314011E-003
   3987.99600   3.73073735E-003
   3986.66222   3.74848009E-003
   3985.32844   3.76637013E-003
   3983.99466   3.78440927E-003
   3982.66089   3.80259936E-003
   3981.32711   3.82094229E-003
   3979.99333   3.83943995E-003
   3978.65955   3.85809429E-003
   3977.32578   3.87690728E-003
   3975.99200   3.89588093E-003
   3974.65822   3.91501727E-003
   3973.32444   3.93431838E-003
   3971.99066   3.95378637E-003
   3970.65689   3.97342339E-003
   3969.32311   3.99323161E-003
   3967.98933   4.01321326E-003
   3966.65555   4.03337059E-003
   3965.32177   4.05370591E-003
   3963.98800   4.07422155E-003
   3962.65422   4.09491988E-003
   3961.32044   4.11580334E-003
   3959.98666   4.13687438E-003
   3958.65288   4.15813552E-003
   3957.31911   4.17958930E-003
   3955.98533   4.20123832E-003
   3954.65155   4.22308523E-003
   3953.31777   4.24513272E-003
   3951.98399   4.26738352E-003
   3950.65022   4.28984045E-003
   3949.31644   4.31250632E-003
   3947.98266   4.33538405E-003
   3946.64888   4.35847657E-003
   3945.31511   4.38178689E-003
   3943.98133   4.40531808E-003
   3942.64755   4.42907324E-003
   3941.31377   4.45305556E-003
   3939.97999   4.47726826E-003
   3938.64622   4.50171464E-003
   3937.31244   4.52639807E-003
   3935.97866   4.55132196E-003
   3934.64488   4.57648981E-003
   3933.31110   4.60190517E-003
   3931.97733   4.62757167E-003
   3930.64355   4.65349300E-003
   3929.30977   4.67967294E-003
   3927.97599   4.70611533E-003
   3926.64221   4.73282409E-003
   3925.30844   4.75980321E-003
   3923.97466   4.78705678E-003
   3922.64088   4.81458895E-003
   3921.30710   4.84240396E-003
   3919.97332   4.87050615E-003
   3918.63955   4.89889994E-003
   3917.30577   4.92758982E-003
   3915.97199   4.95658040E-003
   3914.63821   4.98587638E-003
   3913.30443   5.01548255E-003
   3911.97066   5.04540380E-003
   3910.63688   5.07564513E-003
   3909.30310   5.10621163E-003
   3907.96932   5.13710852E-003
   3906.63555   5.16834112E-003
   3905.30177   5.19991486E-003
   3903.96799   5.23183529E-003
   3902.63421   5.26410808E-003
   3901.30043   5.29673902E-003
   3899.96666   5.32973403E-003
   3898.63288   5.36309917E-003
   3897.29910   5.39684061E-003
   3895.96532   5.43096468E-003
   3894.63154   5.46547784E-003
   3893.29777   5.50038668E-003
   3891.96399   5.53569798E-003
   3890.63021   5.57141863E-003
   3889.29643   5.60755569E-003
   3887.96265   5.64411641E-003
   3886.62888   5.68110815E-003
   3885.29510   5.71853850E-003
   3883.96132   5.75641519E-003
   3882.62754   5.79474614E-003
   3881.29376   5.83353945E-003
   3879.95999   5.87280343E-003
   3878.62621   5.91254656E-003
   3877.29243   5.95277755E-003
   3875.95865   5.99350530E-003
   3874.62487   6.03473894E-003
   3873.29110   6.07648781E-003
   3871.95732   6.11876147E-003
   3870.62354   6.16156975E-003
   3869.28976   6.20492268E-003
   3867.95599   6.24883058E-003
   3866.62221   6.29330398E-003
   3865.28843   6.33835373E-003
   3863.95465   6.38399091E-003
   3862.62087   6.43022690E-003
   3861.28710   6.47707338E-003
   3859.95332   6.52454231E-003
   3858.61954   6.57264598E-003
   3857.28576   6.62139698E-003
   3855.95198   6.67080824E-003
   3854.61821   6.72089304E-003
   3853.28443   6.77166501E-003
   3851.95065   6.82313812E-003
   3850.61687   6.87532675E-003
   3849.28309   6.92824564E-003
   3847.94932   6.98190995E-003
   3846.61554   7.03633525E-003
   3845.28176   7.09153752E-003
   3843.94798   7.14753322E-003
   3842.61420   7.20433924E-003
   3841.28043   7.26197295E-003
   3839.94665   7.32045222E-003
   3838.61287   7.37979541E-003
   3837.27909   7.44002143E-003
   3835.94532   7.50114972E-003
   3834.61154   7.56320028E-003
   3833.27776   7.62619370E-003
   3831.94398   7.69015119E-003
   3830.61020   7.75509456E-003
   3829.27643   7.82104628E-003
   3827.94265   7.88802951E-003
   3826.60887   7.95606808E-003
   3825.27509   8.02518658E-003
   3823.94131   8.09541033E-003
   3822.60754   8.16676543E-003
   3821.27376   8.23927880E-003
   3819.93998   8.31297821E-003
   3818.60620   8.38789227E-003
   3817.27242   8.46405055E-003
   3815.93865   8.54148353E-003
   3814.60487   8.62022267E-003
   3813.27109   8.70030047E-003
   3811.93731   8.78175049E-003
   3810.60353   8.86460738E-003
   3809.26976   8.94890696E-003
   3807.93598   9.03468622E-003
   3806.60220   9.12198342E-003
   3805.26842   9.21083813E-003
   3803.93464   9.30129124E-003
   3802.60087   9.39338507E-003
   3801.26709   9.48716342E-003
   3799.93331   9.58267160E-003
   3798.59953   9.67995655E-003
   3797.26576   9.77906687E-003
   3795.93198   9.88005289E-003
   3794.59820   9.98296678E-003
   3793.26442   1.00878626E-002
   3791.93064   1.01947965E-002
   3790.59687   1.03038264E-002
   3789.26309   1.04150129E-002
   3787.92931   1.05284184E-002
   3786.59553   1.06441080E-002
   3785.26175   1.07621491E-002
   3783.92798   1.08826119E-002
   3782.59420   1.10055691E-002
   3781.26042   1.11310966E-002
   3779.92664   1.12592729E-002
   3778.59286   1.13901801E-002
   3777.25909   1.15239034E-002
   3775.92531   1.16605315E-002
   3774.59153   1.18001567E-002
   3773.25775   1.19428754E-002
   3771.92397   1.20887878E-002
   3770.59020   1.22379984E-002
   3769.25642   1.23906165E-002
   3767.92264   1.25467557E-002
   3766.58886   1.27065348E-002
   3765.25509   1.28700780E-002
   3763.92131   1.30375149E-002
   3762.58753   1.32089808E-002
   3761.25375   1.33846176E-002
   3759.91997   1.35645733E-002
   3758.58620   1.37490033E-002
   3757.25242   1.39380698E-002
   3755.91864   1.41319431E-002
   3754.58486   1.43308018E-002
   3753.25108   1.45348328E-002
   3751.91731   1.47442327E-002
   3750.58353   1.49592075E-002
   3749.24975   1.51799740E-002
   3747.91597   1.54067598E-002
   3746.58219   1.56398044E-002
   3745.24842   1.58793597E-002
   3743.91464   1.61256913E-002
   3742.58086   1.63790787E-002
   3741.24708   1.66398167E-002
   3739.91330   1.69082165E-002
   3738.57953   1.71846065E-002
   3737.24575   1.74693337E-002
   3735.91197   1.77627649E-002
   3734.57819   1.80652885E-002
   3733.24441   1.83773154E-002
   3731.91064   1.86992812E-002
   3730.57686   1.90316480E-002
   3729.24308   1.93749060E-002
   3727.90930   1.97295762E-002
   3726.57553   2.00962124E-002
   3725.24175   2.04754042E-002
   3723.90797   2.08677793E-002
   3722.57419   2.12740072E-002
   3721.24041   2.16948025E-002
   3719.90664   2.21309284E-002
   3718.57286   2.25832014E-002
   3717.23908   2.30524954E-002
   3715.90530   2.35397475E-002
   3714.57152   2.40459629E-002
   3713.23775   2.45722218E-002
   3711.90397   2.51196860E-002
   3710.57019   2.56896071E-002
   3709.23641   2.62833348E-002
   3707.90263   2.69023269E-002
   3706.56886   2.75481602E-002
   3705.23508   2.82225424E-002
   3703.90130   2.89273264E-002
   3702.56752   2.96645253E-002
   3701.23374   3.04363302E-002
   3699.89997   3.12451302E-002
   3698.56619   3.20935345E-002
   3697.23241   3.29843985E-002
   3695.89863   3.39208531E-002
   3694.56485   3.49063381E-002
   3693.23108   3.59446407E-002
   3691.89730   3.70399402E-002
   3690.56352   3.81968591E-002
   3689.22974   3.94205226E-002
   3687.89597   4.07166277E-002
   3686.56219   4.20915241E-002
   3685.22841   4.35523088E-002
   3683.89463   4.51069374E-002
   3682.56085   4.67643556E-002
   3681.22708   4.85346552E-002
   3679.89330   5.04292599E-002
   3678.55952   5.24611482E-002
   3677.22574   5.46451210E-002
   3675.89196   5.69981260E-002
   3674.55819   5.95396514E-002
   3673.22441   6.22922089E-002
   3671.89063   6.52819269E-002
   3670.55685   6.85392870E-002
   3669.22307   7.21000418E-002
   3667.88930   7.60063693E-002
   3666.55552   8.03083351E-002
   3665.22174   8.50657600E-002
   3663.88796   9.03506276E-002
   3662.55418   9.62502153E-002
   3661.22041   1.02871211E-001
   3659.88663   1.10345179E-001
   3658.55285   1.18835912E-001
   3657.21907   1.28549434E-001
   3655.88530   1.39747803E-001
   3654.55152   1.52768429E-001
   3653.21774   1.68051556E-001
   3651.88396   1.86180013E-001
   3650.55018   2.07937780E-001
   3649.21641   2.34398019E-001
   3647.88263   2.67058186E-001
   3646.54885   3.08052099E-001
   3645.21507   3.60490419E-001
   3643.88129   4.29019420E-001
   3642.54752   5.20754494E-001
   3641.21374   6.46850108E-001
   3639.87996   8.25079503E-001
   3638.54618   1.08362089E+000
   3637.21240   1.46424415E+000
   3635.87863   2.01308990E+000
   3634.54485   2.71594705E+000
   3633.21107   3.32952469E+000
   3631.87729   3.39231858E+000
   3630.54351   2.84893887E+000
   3629.20974   2.14697256E+000
   3627.87596   1.58079540E+000
   3626.54218   1.18831836E+000
   3625.20840   9.26460537E-001
   3623.87462   7.51624897E-001
   3622.54085   6.33794195E-001
   3621.20707   5.54073153E-001
   3619.87329   5.00779496E-001
   3618.53951   4.66685337E-001
   3617.20574   4.47336527E-001
   3615.87196   4.40072445E-001
   3614.53818   4.43468958E-001
   3613.20440   4.57040735E-001
   3611.87062   4.81115479E-001
   3610.53685   5.16841304E-001
   3609.20307   5.66323350E-001
   3607.86929   6.32918395E-001
   3606.53551   7.21757582E-001
   3605.20173   8.40631810E-001
   3603.86796   1.00148285E+000
   3602.53418   1.22292499E+000
   3601.20040   1.53448594E+000
   3599.86662   1.98341781E+000
   3598.53284   2.64374678E+000
   3597.19907   3.61879314E+000
   3595.86529   4.99199166E+000
   3594.53151   6.59709189E+000
   3593.19773   7.63449662E+000
   3591.86395   7.20161296E+000
   3590.53018   5.71658284E+000
   3589.19640   4.19777781E+000
   3587.86262   3.05898864E+000
   3586.52884   2.28240355E+000
   3585.19507   1.76101000E+000
   3583.86129   1.40717207E+000
   3582.52751   1.16331748E+000
   3581.19373   9.93602491E-001
   3579.85995   8.75913302E-001
   3578.52618   7.96653843E-001
   3577.19240   7.47671825E-001
   3575.85862   7.24541516E-001
   3574.52484   7.25705912E-001
   3573.19106   7.52228552E-001
   3571.85729   8.08089575E-001
   3570.52351   9.01124394E-001
   3569.18973   1.04488914E+000
   3567.85595   1.26194418E+000
   3566.52217   1.58902476E+000
   3565.18840   2.08283607E+000
   3563.85462   2.81530063E+000
   3562.52084   3.81051017E+000
   3561.18706   4.82896680E+000
   3559.85328   5.20498738E+000
   3558.51951   4.57389283E+000
   3557.18573   3.49317745E+000
   3555.85195   2.53986533E+000
   3554.51817   1.85517043E+000
   3553.18439   1.38904822E+000
   3551.85062   1.07073882E+000
   3550.51684   8.48436002E-001
   3549.18306   6.88865265E-001
   3547.84928   5.71179475E-001
   3546.51551   4.82194702E-001
   3545.18173   4.13394611E-001
   3543.84795   3.59140542E-001
   3542.51417   3.15605502E-001
   3541.18039   2.80130260E-001
   3539.84662   2.50826304E-001
   3538.51284   2.26325418E-001
   3537.17906   2.05618124E-001
   3535.84528   1.87947178E-001
   3534.51150   1.72735897E-001
   3533.17773   1.59539015E-001
   3531.84395   1.48008372E-001
   3530.51017   1.37868581E-001
   3529.17639   1.28899487E-001
   3527.84261   1.20923365E-001
   3526.50884   1.13795442E-001
   3525.17506   1.07396797E-001
   3523.84128   1.01628986E-001
   3522.50750   9.64099284E-002
   3521.17372   9.16707237E-002
   3519.83995   8.73531742E-002
   3518.50617   8.34078326E-002
   3517.17239   7.97924559E-002
   3515.83861   7.64707694E-002
   3514.50483   7.34114723E-002
   3513.17106   7.05874327E-002
   3511.83728   6.79750311E-002
   3510.50350   6.55536222E-002
   3509.16972   6.33050915E-002
   3507.83595   6.12134870E-002
   3506.50217   5.92647131E-002
   3505.16839   5.74462739E-002
   3503.83461   5.57470571E-002
   3502.50083   5.41571524E-002
   3501.16706   5.26676961E-002
   3499.83328   5.12707402E-002
   3498.49950   4.99591390E-002
   3497.16572   4.87264533E-002
   3495.83194   4.75668667E-002
   3494.49817   4.64751141E-002
   3493.16439   4.54464195E-002
   3491.83061   4.44764414E-002
   3490.49683   4.35612265E-002
   3489.16305   4.26971676E-002
   3487.82928   4.18809681E-002
   3486.49550   4.11096100E-002
   3485.16172   4.03803259E-002
   3483.82794   3.96905745E-002
   3482.49416   3.90380185E-002
   3481.16039   3.84205051E-002
   3479.82661   3.78360493E-002
   3478.49283   3.72828179E-002
   3477.15905   3.67591162E-002
   3475.82528   3.62633756E-002
   3474.49150   3.57941426E-002
   3473.15772   3.53500688E-002
   3471.82394   3.49299024E-002
   3470.49016   3.45324798E-002
   3469.15639   3.41567185E-002
   3467.82261   3.38016110E-002
   3466.48883   3.34662181E-002
   3465.15505   3.31496644E-002
   3463.82127   3.28511328E-002
   3462.48750   3.25698604E-002
   3461.15372   3.23051346E-002
   3459.81994   3.20562892E-002
   3458.48616   3.18227010E-002
   3457.15238   3.16037871E-002
   3455.81861   3.13990019E-002
   3454.48483   3.12078346E-002
   3453.15105   3.10298069E-002
   3451.81727   3.08644706E-002
   3450.48349   3.07114060E-002
   3449.14972   3.05702201E-002
   3447.81594   3.04405445E-002
   3446.48216   3.03220343E-002
   3445.14838   3.02143666E-002
   3443.81460   3.01172391E-002
   3442.48083   3.00303690E-002
   3441.14705   2.99534918E-002
   3439.81327   2.98863604E-002
   3438.47949   2.98287442E-002
   3437.14572   2.97804280E-002
   3435.81194   2.97412115E-002
   3434.47816   2.97109083E-002
   3433.14438   2.96893453E-002
   3431.81060   2.96763623E-002
   3430.47683   2.96718111E-002
   3429.14305   2.96755549E-002
   3427.80927   2.96874683E-002
   3426.47549   2.97074365E-002
   3425.14171   2.97353545E-002
   3423.80794   2.97711278E-002
   3422.47416   2.98146707E-002
   3421.14038   2.98659072E-002
   3419.80660   2.99247697E-002
   3418.47282   2.99911996E-002
   3417.13905   3.00651463E-002
   3415.80527   3.01465674E-002
   3414.47149   3.02354286E-002
   3413.13771   3.03317031E-002
   3411.80393   3.04353718E-002
   3410.47016   3.05464230E-002
   3409.13638   3.06648522E-002
   3407.80260   3.07906624E-002
   3406.46882   3.09238633E-002
   3405.13505   3.10644722E-002
   3403.80127   3.12125128E-002
   3402.46749   3.13680163E-002
   3401.13371   3.15310204E-002
   3399.79993   3.17015700E-002
   3398.46616   3.18797169E-002
   3397.13238   3.20655197E-002
   3395.79860   3.22590443E-002
   3394.46482   3.24603633E-002
   3393.13104   3.26695566E-002
   3391.79727   3.28867113E-002
   3390.46349   3.31119218E-002
   3389.12971   3.33452898E-002
   3387.79593   3.35869246E-002
   3386.46215   3.38369431E-002
   3385.12838   3.40954701E-002
   3383.79460   3.43626384E-002
   3382.46082   3.46385888E-002
   3381.12704   3.49234708E-002
   3379.79326   3.52174423E-002
   3378.45949   3.55206701E-002
   3377.12571   3.58333301E-002
   3375.79193   3.61556078E-002
   3374.45815   3.64876981E-002
   3373.12437   3.68298062E-002
   3371.79060   3.71821476E-002
   3370.45682   3.75449485E-002
   3369.12304   3.79184463E-002
   3367.78926   3.83028901E-002
   3366.45549   3.86985409E-002
   3365.12171   3.91056723E-002
   3363.78793   3.95245710E-002
   3362.45415   3.99555370E-002
   3361.12037   4.03988848E-002
   3359.78660   4.08549437E-002
   3358.45282   4.13240583E-002
   3357.11904   4.18065893E-002
   3355.78526   4.23029147E-002
   3354.45148   4.28134298E-002
   3353.11771   4.33385487E-002
   3351.78393   4.38787050E-002
   3350.45015   4.44343527E-002
   3349.11637   4.50059672E-002
   3347.78259   4.55940467E-002
   3346.44882   4.61991130E-002
   3345.11504   4.68217128E-002
   3343.78126   4.74624194E-002
   3342.44748   4.81218337E-002
   3341.11370   4.88005860E-002
   3339.77993   4.94993372E-002
   3338.44615   5.02187813E-002
   3337.11237   5.09596465E-002
   3335.77859   5.17226976E-002
   3334.44481   5.25087381E-002
   3333.11104   5.33186123E-002
   3331.77726   5.41532079E-002
   3330.44348   5.50134587E-002
   3329.10970   5.59003473E-002
   3327.77593   5.68149081E-002
   3326.44215   5.77582307E-002
   3325.10837   5.87314634E-002
   3323.77459   5.97358170E-002
   3322.44081   6.07725685E-002
   3321.10704   6.18430664E-002
   3319.77326   6.29487345E-002
   3318.43948   6.40910775E-002
   3317.10570   6.52716868E-002
   3315.77192   6.64922458E-002
   3314.43815   6.77545374E-002
   3313.10437   6.90604501E-002
   3311.77059   7.04119866E-002
   3310.43681   7.18112714E-002
   3309.10303   7.32605604E-002
   3307.76926   7.47622508E-002
   3306.43548   7.63188914E-002
   3305.10170   7.79331953E-002
   3303.76792   7.96080520E-002
   3302.43414   8.13465418E-002
   3301.10037   8.31519517E-002
   3299.76659   8.50277916E-002
   3298.43281   8.69778137E-002
   3297.09903   8.90060326E-002
   3295.76526   9.11167480E-002
   3294.43148   9.33145700E-002
   3293.09770   9.56044460E-002
   3291.76392   9.79916918E-002
   3290.43014   1.00482025E-001
   3289.09637   1.03081603E-001
   3287.76259   1.05797065E-001
   3286.42881   1.08635576E-001
   3285.09503   1.11604883E-001
   3283.76125   1.14713368E-001
   3282.42748   1.17970117E-001
   3281.09370   1.21384992E-001
   3279.75992   1.24968708E-001
   3278.42614   1.28732935E-001
   3277.09236   1.32690391E-001
   3275.75859   1.36854968E-001
   3274.42481   1.41241862E-001
   3273.09103   1.45867726E-001
   3271.75725   1.50750841E-001
   3270.42347   1.55911318E-001
   3269.08970   1.61371322E-001
   3267.75592   1.67155330E-001
   3266.42214   1.73290437E-001
   3265.08836   1.79806699E-001
   3263.75458   1.86737538E-001
   3262.42081   1.94120205E-001
   3261.08703   2.01996336E-001
   3259.75325   2.10412584E-001
   3258.41947   2.19421377E-001
   3257.08570   2.29081809E-001
   3255.75192   2.39460694E-001
   3254.41814   2.50633823E-001
   3253.08436   2.62687474E-001
   3251.75058   2.75720217E-001
   3250.41681   2.89845108E-001
   3249.08303   3.05192345E-001
   3247.74925   3.21912522E-001
   3246.41547   3.40180629E-001
   3245.08169   3.60201004E-001
   3243.74792   3.82213499E-001
   3242.41414   4.06501234E-001
   3241.08036   4.33400391E-001
   3239.74658   4.63312723E-001
   3238.41280   4.96721642E-001
   3237.07903   5.34213130E-001
   3235.74525   5.76503175E-001
   3234.41147   6.24474185E-001
   3233.07769   6.79223868E-001
   3231.74391   7.42131696E-001
   3230.41014   8.14950508E-001
   3229.07636   8.99934659E-001
   3227.74258   1.00002217E+000
   3226.40880   1.11909815E+000
   3225.07503   1.26238297E+000
   3223.74125   1.43701586E+000
   3222.40747   1.65295136E+000
   3221.07369   1.92436774E+000
   3219.73991   2.27193118E+000
   3218.40614   2.72651556E+000
   3217.07236   3.33541817E+000
   3215.73858   4.17278576E+000
   3214.40480   5.35656050E+000
   3213.07102   7.07237227E+000
   3211.73725   9.58846432E+000
   3210.40347   1.31696059E+001
   3209.06969   1.75881837E+001
   3207.73591   2.10704248E+001
   3206.40213   2.09580870E+001
   3205.06836   1.76608993E+001
   3203.73458   1.40081077E+001
   3202.40080   1.15152343E+001
   3201.06702   1.03085070E+001
   3199.73324   9.97180864E+000
   3198.39947   9.75139812E+000
   3197.06569   9.12779822E+000
   3195.73191   8.48180950E+000
   3194.39813   8.38234030E+000
   3193.06435   8.93580662E+000
   3191.73058   9.65233245E+000
   3190.39680   9.64955575E+000
   3189.06302   8.84574624E+000
   3187.72924   8.07238702E+000
   3186.39547   7.75197329E+000
   3185.06169   7.51621436E+000
   3183.72791   6.78432923E+000
   3182.39413   5.68279869E+000
   3181.06035   4.72087501E+000
   3179.72658   4.12061861E+000
   3178.39280   3.89190332E+000
   3177.05902   4.00540532E+000
   3175.72524   4.38616081E+000
   3174.39146   4.75514930E+000
   3173.05769   4.64843353E+000
   3171.72391   4.01719772E+000
   3170.39013   3.28482406E+000
   3169.05635   2.72027388E+000
   3167.72257   2.35532394E+000
   3166.38880   2.15182242E+000
   3165.05502   2.07676011E+000
   3163.72124   2.11687632E+000
   3162.38746   2.27984854E+000
   3161.05368   2.59643460E+000
   3159.71991   3.12453275E+000
   3158.38613   3.94268770E+000
   3157.05235   5.07948321E+000
   3155.71857   6.27221778E+000
   3154.38479   6.78069310E+000
   3153.05102   6.19920241E+000
   3151.71724   5.17116063E+000
   3150.38346   4.38206685E+000
   3149.04968   4.03142441E+000
   3147.71591   4.06044503E+000
   3146.38213   4.21505557E+000
   3145.04835   4.06600542E+000
   3143.71457   3.48397099E+000
   3142.38079   2.79249690E+000
   3141.04702   2.23583047E+000
   3139.71324   1.84727689E+000
   3138.37946   1.58831721E+000
   3137.04568   1.41964574E+000
   3135.71190   1.31440493E+000
   3134.37813   1.25630951E+000
   3133.04435   1.23637342E+000
   3131.71057   1.25072760E+000
   3130.37679   1.29957042E+000
   3129.04301   1.38704301E+000
   3127.70924   1.52199166E+000
   3126.37546   1.71983100E+000
   3125.04168   2.00602128E+000
   3123.70790   2.42191725E+000
   3122.37412   3.03310290E+000
   3121.04035   3.93464512E+000
   3119.70657   5.22173096E+000
   3118.37279   6.82774028E+000
   3117.03901   8.20800260E+000
   3115.70524   8.61682865E+000
   3114.37146   8.14699671E+000
   3113.03768   7.21693548E+000
   3111.70390   5.96308563E+000
   3110.37012   4.72630829E+000
   3109.03635   3.79371782E+000
   3107.70257   3.19582470E+000
   3106.36879   2.86829245E+000
   3105.03501   2.75748722E+000
   3103.70123   2.84278203E+000
   3102.36746   3.12929586E+000
   3101.03368   3.60948534E+000
   3099.69990   4.16189745E+000
   3098.36612   4.52108384E+000
   3097.03234   4.63993206E+000
   3095.69857   4.85345904E+000
   3094.36479   5.47924185E+000
   3093.03101   6.66834997E+000
   3091.69723   8.32791611E+000
   3090.36345   9.75458749E+000
   3089.02968   9.84586887E+000
   3087.69590   8.70278912E+000
   3086.36212   7.49633241E+000
   3085.02834   6.85205114E+000
   3083.69456   6.60476502E+000
   3082.36079   6.15024774E+000
   3081.02701   5.21031136E+000
   3079.69323   4.15850603E+000
   3078.35945   3.32106086E+000
   3077.02568   2.74281294E+000
   3075.69190   2.36681137E+000
   3074.35812   2.13581375E+000
   3073.02434   2.01209060E+000
   3071.69056   1.97519644E+000
   3070.35679   2.01795730E+000
   3069.02301   2.14464611E+000
   3067.68923   2.37185855E+000
   3066.35545   2.73248467E+000
   3065.02167   3.28355207E+000
   3063.68790   4.11767380E+000
   3062.35412   5.36858149E+000
   3061.02034   7.15914053E+000
   3059.68656   9.33211720E+000
   3058.35278   1.09263751E+001
   3057.01901   1.06610810E+001
   3055.68523   8.89308654E+000
   3054.35145   7.01271654E+000
   3053.01767   5.68431198E+000
   3051.68389   4.94907828E+000
   3050.35012   4.71668210E+000
   3049.01634   4.94639301E+000
   3047.68256   5.68116086E+000
   3046.34878   7.02997895E+000
   3045.01501   9.03086875E+000
   3043.68123   1.11884743E+001
   3042.34745   1.20526263E+001
   3041.01367   1.06922898E+001
   3039.67989   8.25054043E+000
   3038.34612   6.05534067E+000
   3037.01234   4.46353489E+000
   3035.67856   3.37297182E+000
   3034.34478   2.62395314E+000
   3033.01100   2.09770121E+000
   3031.67723   1.71751358E+000
   3030.34345   1.43520279E+000
   3029.00967   1.22022920E+000
   3027.67589   1.05282092E+000
   3026.34211   9.19853218E-001
   3025.00834   8.12391826E-001
   3023.67456   7.24208015E-001
   3022.34078   6.50862216E-001
   3021.00700   5.89125474E-001
   3019.67322   5.36605732E-001
   3018.33945   4.91501054E-001
   3017.00567   4.52433272E-001
   3015.67189   4.18333657E-001
   3014.33811   3.88362927E-001
   3013.00433   3.61854348E-001
   3011.67056   3.38272640E-001
   3010.33678   3.17183864E-001
   3009.00300   2.98233084E-001
   3007.66922   2.81127570E-001
   3006.33545   2.65624050E-001
   3005.00167   2.51518912E-001
   3003.66789   2.38640612E-001
   3002.33411   2.26843731E-001
   3001.00033   2.16004288E-001
   2999.66656   2.06016008E-001
   2998.33278   1.96787337E-001
   2996.99900   1.88239024E-001
   2995.66522   1.80302167E-001
   2994.33144   1.72916606E-001
   2992.99767   1.66029604E-001
   2991.66389   1.59594764E-001
   2990.33011   1.53571116E-001
   2988.99633   1.47922362E-001
   2987.66255   1.42616243E-001
   2986.32878   1.37624000E-001
   2984.99500   1.32919919E-001
   2983.66122   1.28480951E-001
   2982.32744   1.24286375E-001
   2980.99366   1.20317520E-001
   2979.65989   1.16557523E-001
   2978.32611   1.12991115E-001
   2976.99233   1.09604445E-001
   2975.65855   1.06384916E-001
   2974.32477   1.03321056E-001
   2972.99100   1.00402389E-001
   2971.65722   9.76193396E-002
   2970.32344   9.49631319E-002
   2968.98966   9.24257142E-002
   2967.65589   8.99996850E-002
   2966.32211   8.76782304E-002
   2964.98833   8.54550675E-002
   2963.65455   8.33243943E-002
   2962.32077   8.12808460E-002
   2960.98700   7.93194543E-002
   2959.65322   7.74356126E-002
   2958.31944   7.56250443E-002
   2956.98566   7.38837736E-002
   2955.65188   7.22081003E-002
   2954.31811   7.05945769E-002
   2952.98433   6.90399873E-002
   2951.65055   6.75413282E-002
   2950.31677   6.60957919E-002
   2948.98299   6.47007512E-002
   2947.64922   6.33537450E-002
   2946.31544   6.20524658E-002
   2944.98166   6.07947478E-002
   2943.64788   5.95785566E-002
   2942.31410   5.84019796E-002
   2940.98033   5.72632169E-002
   2939.64655   5.61605732E-002
   2938.31277   5.50924508E-002
   2936.97899   5.40573426E-002
   2935.64522   5.30538254E-002
   2934.31144   5.20805551E-002
   2932.97766   5.11362607E-002
   2931.64388   5.02197396E-002
   2930.31010   4.93298533E-002
   2928.97633   4.84655231E-002
   2927.64255   4.76257263E-002
   2926.30877   4.68094928E-002
   2924.97499   4.60159015E-002
   2923.64121   4.52440776E-002
   2922.30744   4.44931897E-002
   2920.97366   4.37624470E-002
   2919.63988   4.30510971E-002
   2918.30610   4.23584237E-002
   2916.97232   4.16837443E-002
   2915.63855   4.10264086E-002
   2914.30477   4.03857963E-002
   2912.97099   3.97613156E-002
   2911.63721   3.91524015E-002
   2910.30343   3.85585146E-002
   2908.96966   3.79791393E-002
   2907.63588   3.74137827E-002
   2906.30210   3.68619736E-002
   2904.96832   3.63232608E-002
   2903.63454   3.57972126E-002
   2902.30077   3.52834155E-002
   2900.96699   3.47814734E-002
   2899.63321   3.42910065E-002
   2898.29943   3.38116506E-002
   2896.96566   3.33430566E-002
   2895.63188   3.28848892E-002
   2894.29810   3.24368265E-002
   2892.96432   3.19985596E-002
   2891.63054   3.15697915E-002
   2890.29677   3.11502367E-002
   2888.96299   3.07396210E-002
   2887.62921   3.03376804E-002
   2886.29543   2.99441610E-002
   2884.96165   2.95588184E-002
   2883.62788   2.91814173E-002
   2882.29410   2.88117312E-002
   2880.96032   2.84495418E-002
   2879.62654   2.80946387E-002
   2878.29276   2.77468191E-002
   2876.95899   2.74058873E-002
   2875.62521   2.70716549E-002
   2874.29143   2.67439397E-002
   2872.95765   2.64225661E-002
   2871.62387   2.61073645E-002
   2870.29010   2.57981711E-002
   2868.95632   2.54948276E-002
   2867.62254   2.51971813E-002
   2866.28876   2.49050844E-002
   2864.95498   2.46183940E-002
   2863.62121   2.43369721E-002
   2862.28743   2.40606849E-002
   2860.95365   2.37894033E-002
   2859.61987   2.35230021E-002
   2858.28610   2.32613604E-002
   2856.95232   2.30043608E-002
   2855.61854   2.27518897E-002
   2854.28476   2.25038374E-002
   2852.95098   2.22600971E-002
   2851.61721   2.20205656E-002
   2850.28343   2.17851429E-002
   2848.94965   2.15537319E-002
   2847.61587   2.13262384E-002
   2846.28209   2.11025713E-002
   2844.94832   2.08826419E-002
   2843.61454   2.06663643E-002
   2842.28076   2.04536551E-002
   2840.94698   2.02444334E-002
   2839.61320   2.00386205E-002
   2838.27943   1.98361401E-002
   2836.94565   1.96369181E-002
   2835.61187   1.94408824E-002
   2834.27809   1.92479629E-002
   2832.94431   1.90580918E-002
   2831.61054   1.88712027E-002
   2830.27676   1.86872315E-002
   2828.94298   1.85061157E-002
   2827.60920   1.83277943E-002
   2826.27543   1.81522083E-002
   2824.94165   1.79793001E-002
   2823.60787   1.78090138E-002
   2822.27409   1.76412947E-002
   2820.94031   1.74760899E-002
   2819.60654   1.73133477E-002
   2818.27276   1.71530179E-002
   2816.93898   1.69950513E-002
   2815.60520   1.68394004E-002
   2814.27142   1.66860187E-002
   2812.93765   1.65348608E-002
   2811.60387   1.63858827E-002
   2810.27009   1.62390413E-002
   2808.93631   1.60942948E-002
   2807.60253   1.59516022E-002
   2806.26876   1.58109236E-002
   2804.93498   1.56722203E-002
   2803.60120   1.55354544E-002
   2802.26742   1.54005888E-002
   2800.93364   1.52675874E-002
   2799.59987   1.51364152E-002
   2798.26609   1.50070377E-002
   2796.93231   1.48794214E-002
   2795.59853   1.47535336E-002
   2794.26475   1.46293423E-002
   2792.93098   1.45068163E-002
   2791.59720   1.43859253E-002
   2790.26342   1.42666394E-002
   2788.92964   1.41489295E-002
   2787.59587   1.40327674E-002
   2786.26209   1.39181252E-002
   2784.92831   1.38049759E-002
   2783.59453   1.36932930E-002
   2782.26075   1.35830506E-002
   2780.92698   1.34742233E-002
   2779.59320   1.33667866E-002
   2778.25942   1.32607162E-002
   2776.92564   1.31559884E-002
   2775.59186   1.30525802E-002
   2774.25809   1.29504689E-002
   2772.92431   1.28496324E-002
   2771.59053   1.27500492E-002
   2770.25675   1.26516979E-002
   2768.92297   1.25545579E-002
   2767.58920   1.24586090E-002
   2766.25542   1.23638313E-002
   2764.92164   1.22702054E-002
   2763.58786   1.21777124E-002
   2762.25408   1.20863335E-002
   2760.92031   1.19960506E-002
   2759.58653   1.19068459E-002
   2758.25275   1.18187019E-002
   2756.91897   1.17316015E-002
   2755.58520   1.16455279E-002
   2754.25142   1.15604648E-002
   2752.91764   1.14763961E-002
   2751.58386   1.13933061E-002
   2750.25008   1.13111792E-002
   2748.91631   1.12300005E-002
   2747.58253   1.11497551E-002
   2746.24875   1.10704284E-002
   2744.91497   1.09920063E-002
   2743.58119   1.09144748E-002
   2742.24742   1.08378203E-002
   2740.91364   1.07620292E-002
   2739.57986   1.06870885E-002
   2738.24608   1.06129853E-002
   2736.91230   1.05397070E-002
   2735.57853   1.04672411E-002
   2734.24475   1.03955756E-002
   2732.91097   1.03246984E-002
   2731.57719   1.02545978E-002
   2730.24341   1.01852625E-002
   2728.90964   1.01166811E-002
   2727.57586   1.00488426E-002
   2726.24208   9.98173617E-003
   2724.90830   9.91535112E-003
   2723.57452   9.84967703E-003
   2722.24075   9.78470365E-003
   2720.90697   9.72042092E-003
   2719.57319   9.65681897E-003
   2718.23941   9.59388809E-003
   2716.90564   9.53161876E-003
   2715.57186   9.47000164E-003
   2714.23808   9.40902754E-003
   2712.90430   9.34868746E-003
   2711.57052   9.28897254E-003
   2710.23675   9.22987407E-003
   2708.90297   9.17138354E-003
   2707.56919   9.11349253E-003
   2706.23541   9.05619281E-003
   2704.90163   8.99947629E-003
   2703.56786   8.94333500E-003
   2702.23408   8.88776113E-003
   2700.90030   8.83274700E-003
   2699.56652   8.77828506E-003
   2698.23274   8.72436789E-003
   2696.89897   8.67098820E-003
   2695.56519   8.61813881E-003
   2694.23141   8.56581270E-003
   2692.89763   8.51400293E-003
   2691.56385   8.46270269E-003
   2690.23008   8.41190529E-003
   2688.89630   8.36160416E-003
   2687.56252   8.31179281E-003
   2686.22874   8.26246488E-003
   2684.89496   8.21361413E-003
   2683.56119   8.16523439E-003
   2682.22741   8.11731961E-003
   2680.89363   8.06986383E-003
   2679.55985   8.02286122E-003
   2678.22608   7.97630599E-003
   2676.89230   7.93019249E-003
   2675.55852   7.88451515E-003
   2674.22474   7.83926847E-003
   2672.89096   7.79444706E-003
   2671.55719   7.75004562E-003
   2670.22341   7.70605891E-003
   2668.88963   7.66248179E-003
   2667.55585   7.61930921E-003
   2666.22207   7.57653618E-003
   2664.88830   7.53415781E-003
   2663.55452   7.49216926E-003
   2662.22074   7.45056579E-003
   2660.88696   7.40934272E-003
   2659.55318   7.36849546E-003
   2658.21941   7.32801946E-003
   2656.88563   7.28791028E-003
   2655.55185   7.24816351E-003
   2654.21807   7.20877483E-003
   2652.88429   7.16973998E-003
   2651.55052   7.13105477E-003
   2650.21674   7.09271507E-003
   2648.88296   7.05471682E-003
   2647.54918   7.01705600E-003
   2646.21541   6.97972866E-003
   2644.88163   6.94273094E-003
   2643.54785   6.90605898E-003
   2642.21407   6.86970903E-003
   2640.88029   6.83367737E-003
   2639.54652   6.79796034E-003
   2638.21274   6.76255433E-003
   2636.87896   6.72745578E-003
   2635.54518   6.69266121E-003
   2634.21140   6.65816716E-003
   2632.87763   6.62397022E-003
   2631.54385   6.59006706E-003
   2630.21007   6.55645436E-003
   2628.87629   6.52312888E-003
   2627.54251   6.49008741E-003
   2626.20874   6.45732679E-003
   2624.87496   6.42484390E-003
   2623.54118   6.39263568E-003
   2622.20740   6.36069909E-003
   2620.87362   6.32903115E-003
   2619.53985   6.29762893E-003
   2618.20607   6.26648951E-003
   2616.87229   6.23561005E-003
   2615.53851   6.20498772E-003
   2614.20473   6.17461974E-003
   2612.87096   6.14450338E-003
   2611.53718   6.11463592E-003
   2610.20340   6.08501471E-003
   2608.86962   6.05563712E-003
   2607.53585   6.02650055E-003
   2606.20207   5.99760245E-003
   2604.86829   5.96894030E-003
   2603.53451   5.94051161E-003
   2602.20073   5.91231393E-003
   2600.86696   5.88434483E-003
   2599.53318   5.85660194E-003
   2598.19940   5.82908290E-003
   2596.86562   5.80178538E-003
   2595.53184   5.77470710E-003
   2594.19807   5.74784579E-003
   2592.86429   5.72119923E-003
   2591.53051   5.69476521E-003
   2590.19673   5.66854157E-003
   2588.86295   5.64252616E-003
   2587.52918   5.61671687E-003
   2586.19540   5.59111161E-003
   2584.86162   5.56570832E-003
   2583.52784   5.54050498E-003
   2582.19406   5.51549957E-003
   2580.86029   5.49069013E-003
   2579.52651   5.46607469E-003
   2578.19273   5.44165134E-003
   2576.85895   5.41741816E-003
   2575.52518   5.39337328E-003
   2574.19140   5.36951486E-003
   2572.85762   5.34584105E-003
   2571.52384   5.32235005E-003
   2570.19006   5.29904009E-003
   2568.85629   5.27590940E-003
   2567.52251   5.25295624E-003
   2566.18873   5.23017890E-003
   2564.85495   5.20757568E-003
   2563.52117   5.18514492E-003
   2562.18740   5.16288496E-003
   2560.85362   5.14079418E-003
   2559.51984   5.11887095E-003
   2558.18606   5.09711370E-003
   2556.85228   5.07552086E-003
   2555.51851   5.05409087E-003
   2554.18473   5.03282220E-003
   2552.85095   5.01171335E-003
   2551.51717   4.99076281E-003
   2550.18339   4.96996912E-003
   2548.84962   4.94933083E-003
   2547.51584   4.92884648E-003
   2546.18206   4.90851466E-003
   2544.84828   4.88833398E-003
   2543.51450   4.86830303E-003
   2542.18073   4.84842046E-003
   2540.84695   4.82868492E-003
   2539.51317   4.80909505E-003
   2538.17939   4.78964956E-003
   2536.84562   4.77034713E-003
   2535.51184   4.75118647E-003
   2534.17806   4.73216632E-003
   2532.84428   4.71328542E-003
   2531.51050   4.69454251E-003
   2530.17673   4.67593639E-003
   2528.84295   4.65746584E-003
   2527.50917   4.63912965E-003
   2526.17539   4.62092664E-003
   2524.84161   4.60285565E-003
   2523.50784   4.58491553E-003
   2522.17406   4.56710512E-003
   2520.84028   4.54942330E-003
   2519.50650   4.53186895E-003
   2518.17272   4.51444098E-003
   2516.83895   4.49713829E-003
   2515.50517   4.47995981E-003
   2514.17139   4.46290448E-003
   2512.83761   4.44597124E-003
   2511.50383   4.42915906E-003
   2510.17006   4.41246690E-003
   2508.83628   4.39589376E-003
   2507.50250   4.37943863E-003
   2506.16872   4.36310052E-003
   2504.83494   4.34687845E-003
   2503.50117   4.33077145E-003
   2502.16739   4.31477857E-003
   2500.83361   4.29889885E-003
   2499.49983   4.28313137E-003
   2498.16606   4.26747519E-003
   2496.83228   4.25192942E-003
   2495.49850   4.23649313E-003
   2494.16472   4.22116544E-003
   2492.83094   4.20594546E-003
   2491.49717   4.19083232E-003
   2490.16339   4.17582517E-003
   2488.82961   4.16092314E-003
   2487.49583   4.14612539E-003
   2486.16205   4.13143109E-003
   2484.82828   4.11683942E-003
   2483.49450   4.10234955E-003
   2482.16072   4.08796068E-003
   2480.82694   4.07367203E-003
   2479.49316   4.05948278E-003
   2478.15939   4.04539218E-003
   2476.82561   4.03139945E-003
   2475.49183   4.01750382E-003
   2474.15805   4.00370455E-003
   2472.82427   3.99000089E-003
   2471.49050   3.97639210E-003
   2470.15672   3.96287745E-003
   2468.82294   3.94945623E-003
   2467.48916   3.93612773E-003
   2466.15539   3.92289123E-003
   2464.82161   3.90974604E-003
   2463.48783   3.89669148E-003
   2462.15405   3.88372687E-003
   2460.82027   3.87085152E-003
   2459.48650   3.85806478E-003
   2458.15272   3.84536599E-003
   2456.81894   3.83275449E-003
   2455.48516   3.82022964E-003
   2454.15138   3.80779081E-003
   2452.81761   3.79543736E-003
   2451.48383   3.78316867E-003
   2450.15005   3.77098413E-003
   2448.81627   3.75888313E-003
   2447.48249   3.74686507E-003
   2446.14872   3.73492934E-003
   2444.81494   3.72307537E-003
   2443.48116   3.71130256E-003
   2442.14738   3.69961034E-003
   2440.81360   3.68799815E-003
   2439.47983   3.67646541E-003
   2438.14605   3.66501158E-003
   2436.81227   3.65363609E-003
   2435.47849   3.64233841E-003
   2434.14471   3.63111800E-003
   2432.81094   3.61997431E-003
   2431.47716   3.60890684E-003
   2430.14338   3.59791504E-003
   2428.80960   3.58699841E-003
   2427.47583   3.57615644E-003
   2426.14205   3.56538863E-003
   2424.80827   3.55469446E-003
   2423.47449   3.54407346E-003
   2422.14071   3.53352513E-003
   2420.80694   3.52304899E-003
   2419.47316   3.51264456E-003
   2418.13938   3.50231137E-003
   2416.80560   3.49204896E-003
   2415.47182   3.48185685E-003
   2414.13805   3.47173461E-003
   2412.80427   3.46168176E-003
   2411.47049   3.45169788E-003
   2410.13671   3.44178251E-003
   2408.80293   3.43193522E-003
   2407.46916   3.42215558E-003
   2406.13538   3.41244315E-003
   2404.80160   3.40279753E-003
   2403.46782   3.39321829E-003
   2402.13404   3.38370502E-003
   2400.80027   3.37425730E-003
   2399.46649   3.36487474E-003
   2398.13271   3.35555694E-003
   2396.79893   3.34630351E-003
   2395.46516   3.33711404E-003
   2394.13138   3.32798816E-003
   2392.79760   3.31892549E-003
   2391.46382   3.30992564E-003
   2390.13004   3.30098825E-003
   2388.79627   3.29211295E-003
   2387.46249   3.28329937E-003
   2386.12871   3.27454715E-003
   2384.79493   3.26585594E-003
   2383.46115   3.25722538E-003
   2382.12738   3.24865513E-003
   2380.79360   3.24014484E-003
   2379.45982   3.23169417E-003
   2378.12604   3.22330279E-003
   2376.79226   3.21497037E-003
   2375.45849   3.20669657E-003
   2374.12471   3.19848107E-003
   2372.79093   3.19032355E-003
   2371.45715   3.18222370E-003
   2370.12337   3.17418119E-003
   2368.78960   3.16619573E-003
   2367.45582   3.15826701E-003
   2366.12204   3.15039472E-003
   2364.78826   3.14257857E-003
   2363.45448   3.13481825E-003
   2362.12071   3.12711349E-003
   2360.78693   3.11946399E-003
   2359.45315   3.11186947E-003
   2358.11937   3.10432965E-003
   2356.78560   3.09684424E-003
   2355.45182   3.08941299E-003
   2354.11804   3.08203561E-003
   2352.78426   3.07471183E-003
   2351.45048   3.06744141E-003
   2350.11671   3.06022407E-003
   2348.78293   3.05305956E-003
   2347.44915   3.04594763E-003
   2346.11537   3.03888802E-003
   2344.78159   3.03188048E-003
   2343.44782   3.02492479E-003
   2342.11404   3.01802068E-003
   2340.78026   3.01116793E-003
   2339.44648   3.00436630E-003
   2338.11270   2.99761557E-003
   2336.77893   2.99091549E-003
   2335.44515   2.98426585E-003
   2334.11137   2.97766643E-003
   2332.77759   2.97111700E-003
   2331.44381   2.96461736E-003
   2330.11004   2.95816728E-003
   2328.77626   2.95176656E-003
   2327.44248   2.94541500E-003
   2326.10870   2.93911238E-003
   2324.77492   2.93285851E-003
   2323.44115   2.92665319E-003
   2322.10737   2.92049622E-003
   2320.77359   2.91438742E-003
   2319.43981   2.90832659E-003
   2318.10604   2.90231354E-003
   2316.77226   2.89634811E-003
   2315.43848   2.89043009E-003
   2314.10470   2.88455933E-003
   2312.77092   2.87873563E-003
   2311.43715   2.87295884E-003
   2310.10337   2.86722877E-003
   2308.76959   2.86154527E-003
   2307.43581   2.85590818E-003
   2306.10203   2.85031732E-003
   2304.76826   2.84477255E-003
   2303.43448   2.83927371E-003
   2302.10070   2.83382064E-003
   2300.76692   2.82841320E-003
   2299.43314   2.82305123E-003
   2298.09937   2.81773461E-003
   2296.76559   2.81246318E-003
   2295.43181   2.80723680E-003
   2294.09803   2.80205534E-003
   2292.76425   2.79691867E-003
   2291.43048   2.79182666E-003
   2290.09670   2.78677918E-003
   2288.76292   2.78177609E-003
   2287.42914   2.77681729E-003
   2286.09537   2.77190266E-003
   2284.76159   2.76703206E-003
   2283.42781   2.76220540E-003
   2282.09403   2.75742255E-003
   2280.76025   2.75268342E-003
   2279.42648   2.74798789E-003
   2278.09270   2.74333585E-003
   2276.75892   2.73872722E-003
   2275.42514   2.73416189E-003
   2274.09136   2.72963976E-003
   2272.75759   2.72516075E-003
   2271.42381   2.72072475E-003
   2270.09003   2.71633169E-003
   2268.75625   2.71198148E-003
   2267.42247   2.70767404E-003
   2266.08870   2.70340928E-003
   2264.75492   2.69918713E-003
   2263.42114   2.69500752E-003
   2262.08736   2.69087038E-003
   2260.75358   2.68677563E-003
   2259.41981   2.68272320E-003
   2258.08603   2.67871305E-003
   2256.75225   2.67474510E-003
   2255.41847   2.67081930E-003
   2254.08469   2.66693558E-003
   2252.75092   2.66309391E-003
   2251.41714   2.65929422E-003
   2250.08336   2.65553648E-003
   2248.74958   2.65182063E-003
   2247.41581   2.64814664E-003
   2246.08203   2.64451447E-003
   2244.74825   2.64092407E-003
   2243.41447   2.63737542E-003
   2242.08069   2.63386848E-003
   2240.74692   2.63040324E-003
   2239.41314   2.62697965E-003
   2238.07936   2.62359771E-003
   2236.74558   2.62025738E-003
   2235.41180   2.61695866E-003
   2234.07803   2.61370153E-003
   2232.74425   2.61048598E-003
   2231.41047   2.60731200E-003
   2230.07669   2.60417958E-003
   2228.74291   2.60108873E-003
   2227.40914   2.59803944E-003
   2226.07536   2.59503172E-003
   2224.74158   2.59206557E-003
   2223.40780   2.58914100E-003
   2222.07402   2.58625803E-003
   2220.74025   2.58341668E-003
   2219.40647   2.58061695E-003
   2218.07269   2.57785887E-003
   2216.73891   2.57514247E-003
   2215.40514   2.57246777E-003
   2214.07136   2.56983481E-003
   2212.73758   2.56724362E-003
   2211.40380   2.56469423E-003
   2210.07002   2.56218669E-003
   2208.73625   2.55972104E-003
   2207.40247   2.55729732E-003
   2206.06869   2.55491559E-003
   2204.73491   2.55257590E-003
   2203.40113   2.55027830E-003
   2202.06736   2.54802286E-003
   2200.73358   2.54580964E-003
   2199.39980   2.54363871E-003
   2198.06602   2.54151013E-003
   2196.73224   2.53942398E-003
   2195.39847   2.53738034E-003
   2194.06469   2.53537929E-003
   2192.73091   2.53342091E-003
   2191.39713   2.53150529E-003
   2190.06335   2.52963251E-003
   2188.72958   2.52780269E-003
   2187.39580   2.52601591E-003
   2186.06202   2.52427228E-003
   2184.72824   2.52257190E-003
   2183.39446   2.52091488E-003
   2182.06069   2.51930135E-003
   2180.72691   2.51773141E-003
   2179.39313   2.51620518E-003
   2178.05935   2.51472281E-003
   2176.72558   2.51328440E-003
   2175.39180   2.51189011E-003
   2174.05802   2.51054006E-003
   2172.72424   2.50923439E-003
   2171.39046   2.50797327E-003
   2170.05669   2.50675683E-003
   2168.72291   2.50558523E-003
   2167.38913   2.50445863E-003
   2166.05535   2.50337720E-003
   2164.72157   2.50234110E-003
   2163.38780   2.50135051E-003
   2162.05402   2.50040561E-003
   2160.72024   2.49950657E-003
   2159.38646   2.49865359E-003
   2158.05268   2.49784686E-003
   2156.71891   2.49708657E-003
   2155.38513   2.49637293E-003
   2154.05135   2.49570614E-003
   2152.71757   2.49508641E-003
   2151.38379   2.49451397E-003
   2150.05002   2.49398904E-003
   2148.71624   2.49351184E-003
   2147.38246   2.49308261E-003
   2146.04868   2.49270158E-003
   2144.71490   2.49236900E-003
   2143.38113   2.49208512E-003
   2142.04735   2.49185020E-003
   2140.71357   2.49166450E-003
   2139.37979   2.49152828E-003
   2138.04602   2.49144182E-003
   2136.71224   2.49140539E-003
   2135.37846   2.49141929E-003
   2134.04468   2.49148381E-003
   2132.71090   2.49159923E-003
   2131.37713   2.49176588E-003
   2130.04335   2.49198406E-003
   2128.70957   2.49225408E-003
   2127.37579   2.49257628E-003
   2126.04201   2.49295098E-003
   2124.70824   2.49337852E-003
   2123.37446   2.49385926E-003
   2122.04068   2.49439353E-003
   2120.70690   2.49498172E-003
   2119.37312   2.49562417E-003
   2118.03935   2.49632127E-003
   2116.70557   2.49707340E-003
   2115.37179   2.49788096E-003
   2114.03801   2.49874434E-003
   2112.70423   2.49966394E-003
   2111.37046   2.50064020E-003
   2110.03668   2.50167353E-003
   2108.70290   2.50276436E-003
   2107.36912   2.50391314E-003
   2106.03535   2.50512032E-003
   2104.70157   2.50638636E-003
   2103.36779   2.50771172E-003
   2102.03401   2.50909690E-003
   2100.70023   2.51054237E-003
   2099.36646   2.51204863E-003
   2098.03268   2.51361620E-003
   2096.69890   2.51524560E-003
   2095.36512   2.51693734E-003
   2094.03134   2.51869198E-003
   2092.69757   2.52051007E-003
   2091.36379   2.52239216E-003
   2090.03001   2.52433882E-003
   2088.69623   2.52635066E-003
   2087.36245   2.52842825E-003
   2086.02868   2.53057221E-003
   2084.69490   2.53278316E-003
   2083.36112   2.53506173E-003
   2082.02734   2.53740857E-003
   2080.69356   2.53982434E-003
   2079.35979   2.54230971E-003
   2078.02601   2.54486536E-003
   2076.69223   2.54749200E-003
   2075.35845   2.55019033E-003
   2074.02467   2.55296109E-003
   2072.69090   2.55580502E-003
   2071.35712   2.55872287E-003
   2070.02334   2.56171542E-003
   2068.68956   2.56478346E-003
   2067.35579   2.56792779E-003
   2066.02201   2.57114923E-003
   2064.68823   2.57444862E-003
   2063.35445   2.57782681E-003
   2062.02067   2.58128468E-003
   2060.68690   2.58482311E-003
   2059.35312   2.58844302E-003
   2058.01934   2.59214533E-003
   2056.68556   2.59593099E-003
   2055.35178   2.59980096E-003
   2054.01801   2.60375622E-003
   2052.68423   2.60779779E-003
   2051.35045   2.61192669E-003
   2050.01667   2.61614396E-003
   2048.68289   2.62045069E-003
   2047.34912   2.62484795E-003
   2046.01534   2.62933686E-003
   2044.68156   2.63391857E-003
   2043.34778   2.63859424E-003
   2042.01400   2.64336504E-003
   2040.68023   2.64823221E-003
   2039.34645   2.65319696E-003
   2038.01267   2.65826057E-003
   2036.67889   2.66342433E-003
   2035.34512   2.66868956E-003
   2034.01134   2.67405761E-003
   2032.67756   2.67952985E-003
   2031.34378   2.68510769E-003
   2030.01000   2.69079256E-003
   2028.67623   2.69658595E-003
   2027.34245   2.70248933E-003
   2026.00867   2.70850426E-003
   2024.67489   2.71463230E-003
   2023.34111   2.72087505E-003
   2022.00734   2.72723415E-003
   2020.67356   2.73371127E-003
   2019.33978   2.74030813E-003
   2018.00600   2.74702648E-003
   2016.67222   2.75386810E-003
   2015.33845   2.76083483E-003
   2014.00467   2.76792854E-003
   2012.67089   2.77515114E-003
   2011.33711   2.78250461E-003
   2010.00333   2.78999093E-003
   2008.66956   2.79761216E-003
   2007.33578   2.80537040E-003
   2006.00200   2.81326779E-003
   2004.66822   2.82130654E-003
   2003.33444   2.82948890E-003
   2002.00067   2.83781716E-003
   2000.66689   2.84629368E-003
   1999.33311   2.85492089E-003
   1997.99933   2.86370124E-003
   1996.66556   2.87263727E-003
   1995.33178   2.88173158E-003
   1993.99800   2.89098682E-003
   1992.66422   2.90040571E-003
   1991.33044   2.90999104E-003
   1989.99667   2.91974567E-003
   1988.66289   2.92967251E-003
   1987.32911   2.93977459E-003
   1985.99533   2.95005496E-003
   1984.66155   2.96051678E-003
   1983.32778   2.97116328E-003
   1981.99400   2.98199779E-003
   1980.66022   2.99302370E-003
   1979.32644   3.00424450E-003
   1977.99266   3.01566377E-003
   1976.65889   3.02728517E-003
   1975.32511   3.03911248E-003
   1973.99133   3.05114956E-003
   1972.65755   3.06340039E-003
   1971.32377   3.07586902E-003
   1969.99000   3.08855966E-003
   1968.65622   3.10147659E-003
   1967.32244   3.11462423E-003
   1965.98866   3.12800710E-003
   1964.65488   3.14162987E-003
   1963.32111   3.15549732E-003
   1961.98733   3.16961437E-003
   1960.65355   3.18398606E-003
   1959.31977   3.19861760E-003
   1957.98600   3.21351433E-003
   1956.65222   3.22868174E-003
   1955.31844   3.24412548E-003
   1953.98466   3.25985137E-003
   1952.65088   3.27586539E-003
   1951.31711   3.29217369E-003
   1949.98333   3.30878260E-003
   1948.64955   3.32569866E-003
   1947.31577   3.34292858E-003
   1945.98199   3.36047926E-003
   1944.64822   3.37835785E-003
   1943.31444   3.39657168E-003
   1941.98066   3.41512830E-003
   1940.64688   3.43403553E-003
   1939.31310   3.45330138E-003
   1937.97933   3.47293416E-003
   1936.64555   3.49294241E-003
   1935.31177   3.51333493E-003
   1933.97799   3.53412083E-003
   1932.64421   3.55530950E-003
   1931.31044   3.57691062E-003
   1929.97666   3.59893418E-003
   1928.64288   3.62139054E-003
   1927.30910   3.64429034E-003
   1925.97533   3.66764462E-003
   1924.64155   3.69146476E-003
   1923.30777   3.71576255E-003
   1921.97399   3.74055014E-003
   1920.64021   3.76584015E-003
   1919.30644   3.79164557E-003
   1917.97266   3.81797991E-003
   1916.63888   3.84485708E-003
   1915.30510   3.87229155E-003
   1913.97132   3.90029825E-003
   1912.63755   3.92889267E-003
   1911.30377   3.95809085E-003
   1909.96999   3.98790943E-003
   1908.63621   4.01836564E-003
   1907.30243   4.04947736E-003
   1905.96866   4.08126314E-003
   1904.63488   4.11374220E-003
   1903.30110   4.14693453E-003
   1901.96732   4.18086085E-003
   1900.63354   4.21554271E-003
   1899.29977   4.25100247E-003
   1897.96599   4.28726338E-003
   1896.63221   4.32434961E-003
   1895.29843   4.36228632E-003
   1893.96465   4.40109964E-003
   1892.63088   4.44081679E-003
   1891.29710   4.48146611E-003
   1889.96332   4.52307710E-003
   1888.62954   4.56568051E-003
   1887.29577   4.60930839E-003
   1885.96199   4.65399413E-003
   1884.62821   4.69977258E-003
   1883.29443   4.74668011E-003
   1881.96065   4.79475467E-003
   1880.62688   4.84403590E-003
   1879.29310   4.89456521E-003
   1877.95932   4.94638590E-003
   1876.62554   4.99954321E-003
   1875.29176   5.05408450E-003
   1873.95799   5.11005934E-003
   1872.62421   5.16751962E-003
   1871.29043   5.22651970E-003
   1869.95665   5.28711657E-003
   1868.62287   5.34936998E-003
   1867.28910   5.41334263E-003
   1865.95532   5.47910032E-003
   1864.62154   5.54671218E-003
   1863.28776   5.61625083E-003
   1861.95398   5.68779266E-003
   1860.62021   5.76141799E-003
   1859.28643   5.83721140E-003
   1857.95265   5.91526196E-003
   1856.61887   5.99566354E-003
   1855.28510   6.07851513E-003
   1853.95132   6.16392117E-003
   1852.61754   6.25199196E-003
   1851.28376   6.34284403E-003
   1849.94998   6.43660057E-003
   1848.61621   6.53339193E-003
   1847.28243   6.63335613E-003
   1845.94865   6.73663937E-003
   1844.61487   6.84339672E-003
   1843.28109   6.95379269E-003
   1841.94732   7.06800199E-003
   1840.61354   7.18621032E-003
   1839.27976   7.30861519E-003
   1837.94598   7.43542688E-003
   1836.61220   7.56686944E-003
   1835.27843   7.70318181E-003
   1833.94465   7.84461905E-003
   1832.61087   7.99145367E-003
   1831.27709   8.14397713E-003
   1829.94331   8.30250145E-003
   1828.60954   8.46736098E-003
   1827.27576   8.63891444E-003
   1825.94198   8.81754706E-003
   1824.60820   9.00367304E-003
   1823.27442   9.19773819E-003
   1821.94065   9.40022299E-003
   1820.60687   9.61164587E-003
   1819.27309   9.83256692E-003
   1817.93931   1.00635921E-002
   1816.60554   1.03053776E-002
   1815.27176   1.05586357E-002
   1813.93798   1.08241398E-002
   1812.60420   1.11027314E-002
   1811.27042   1.13953277E-002
   1809.93665   1.17029296E-002
   1808.60287   1.20266313E-002
   1807.26909   1.23676314E-002
   1805.93531   1.27272446E-002
   1804.60153   1.31069164E-002
   1803.26776   1.35082386E-002
   1801.93398   1.39329679E-002
   1800.60020   1.43830472E-002
   1799.26642   1.48606299E-002
   1797.93264   1.53681084E-002
   1796.59887   1.59081467E-002
   1795.26509   1.64837191E-002
   1793.93131   1.70981549E-002
   1792.59753   1.77551911E-002
   1791.26375   1.84590344E-002
   1789.92998   1.92144349E-002
   1788.59620   2.00267734E-002
   1787.26242   2.09021654E-002
   1785.92864   2.18475868E-002
   1784.59486   2.28710243E-002
   1783.26109   2.39816584E-002
   1781.92731   2.51900865E-002
   1780.59353   2.65085960E-002
   1779.25975   2.79515020E-002
   1777.92598   2.95355654E-002
   1776.59220   3.12805180E-002
   1775.25842   3.32097220E-002
   1773.92464   3.53510102E-002
   1772.59086   3.77377611E-002
   1771.25709   4.04102903E-002
   1769.92331   4.34176689E-002
   1768.58953   4.68201226E-002
   1767.25575   5.06922386E-002
   1765.92197   5.51272999E-002
   1764.58820   6.02432279E-002
   1763.25442   6.61908446E-002
   1761.92064   7.31655459E-002
   1760.58686   8.14240749E-002
   1759.25308   9.13090755E-002
   1757.91931   1.03285758E-001
   1756.58553   1.17997830E-001
   1755.25175   1.36354766E-001
   1753.91797   1.59671135E-001
   1752.58419   1.89893977E-001
   1751.25042   2.29980380E-001
   1749.91664   2.84527223E-001
   1748.58286   3.60789691E-001
   1747.24908   4.70111777E-001
   1745.91531   6.28826512E-001
   1744.58153   8.53299514E-001
   1743.24775   1.13275464E+000
   1741.91397   1.37754158E+000
   1740.58019   1.47072676E+000
   1739.24642   1.44394218E+000
   1737.91264   1.36713740E+000
   1736.57886   1.20672954E+000
   1735.24508   9.84241494E-001
   1733.91130   7.89520101E-001
   1732.57753   6.64565178E-001
   1731.24375   6.09670406E-001
   1729.90997   6.19711827E-001
   1728.57619   6.95808953E-001
   1727.24241   8.36603947E-001
   1725.90864   1.00059133E+000
   1724.57486   1.06739682E+000
   1723.24108   9.51702883E-001
   1721.90730   7.42177129E-001
   1720.57352   5.51777018E-001
   1719.23975   4.12723336E-001
   1717.90597   3.16933522E-001
   1716.57219   2.50830911E-001
   1715.23841   2.04200721E-001
   1713.90463   1.70413831E-001
   1712.57086   1.45291149E-001
   1711.23708   1.26175545E-001
   1709.90330   1.11341079E-001
   1708.56952   9.96382579E-002
   1707.23575   9.02821804E-002
   1705.90197   8.27242637E-002
   1704.56819   7.65729559E-002
   1703.23441   7.15435907E-002
   1701.90063   6.74259470E-002
   1700.56686   6.40628070E-002
   1699.23308   6.13355039E-002
   1697.89930   5.91540150E-002
   1696.56552   5.74500728E-002
   1695.23174   5.61723293E-002
   1693.89797   5.52829478E-002
   1692.56419   5.47552154E-002
   1691.23041   5.45719087E-002
   1689.89663   5.47242383E-002
   1688.56285   5.52112627E-002
   1687.22908   5.60397100E-002
   1685.89530   5.72241821E-002
   1684.56152   5.87877519E-002
   1683.22774   6.07629958E-002
   1681.89396   6.31935429E-002
   1680.56019   6.61362735E-002
   1679.22641   6.96643615E-002
   1677.89263   7.38714527E-002
   1676.55885   7.88774058E-002
   1675.22508   8.48362278E-002
   1673.89130   9.19471521E-002
   1672.55752   1.00470295E-001
   1671.22374   1.10749113E-001
   1669.88996   1.23243143E-001
   1668.55619   1.38576633E-001
   1667.22241   1.57612204E-001
   1665.88863   1.81564843E-001
   1664.55485   2.12182318E-001
   1663.22107   2.52037193E-001
   1661.88730   3.05009496E-001
   1660.55352   3.77096531E-001
   1659.21974   4.77770439E-001
   1657.88596   6.22155936E-001
   1656.55218   8.33925078E-001
   1655.21841   1.14611985E+000
   1653.88463   1.58551277E+000
   1652.55085   2.09935168E+000
   1651.21707   2.43258350E+000
   1649.88329   2.29613068E+000
   1648.54952   1.82258643E+000
   1647.21574   1.33776865E+000
   1645.88196   9.74562631E-001
   1644.54818   7.27564261E-001
   1643.21440   5.62737274E-001
   1641.88063   4.52288103E-001
   1640.54685   3.78162634E-001
   1639.21307   3.29460921E-001
   1637.87929   3.00006272E-001
   1636.54552   2.86895839E-001
   1635.21174   2.89887216E-001
   1633.87796   3.11438801E-001
   1632.54418   3.57165631E-001
   1631.21040   4.35616366E-001
   1629.87663   5.52516973E-001
   1628.54285   6.87102523E-001
   1627.20907   7.59876658E-001
   1625.87529   6.97734162E-001
   1624.54151   5.52588153E-001
   1623.20774   4.12844722E-001
   1621.87396   3.09069646E-001
   1620.54018   2.37429714E-001
   1619.20640   1.88107854E-001
   1617.87262   1.53407133E-001
   1616.53885   1.28293800E-001
   1615.20507   1.09600468E-001
   1613.87129   9.53238224E-002
   1612.53751   8.41708054E-002
   1611.20373   7.52856575E-002
   1609.86996   6.80873815E-002
   1608.53618   6.21718152E-002
   1607.20240   5.72514400E-002
   1605.86862   5.31175378E-002
   1604.53484   4.96158499E-002
   1603.20107   4.66305748E-002
   1601.86729   4.40736354E-002
   1600.53351   4.18773501E-002
   1599.19973   3.99893534E-002
   1597.86596   3.83690370E-002
   1596.53218   3.69850466E-002
   1595.19840   3.58135327E-002
   1593.86462   3.48369650E-002
   1592.53084   3.40433922E-002
   1591.19707   3.34260853E-002
   1589.86329   3.29835499E-002
   1588.52951   3.27199401E-002
   1587.19573   3.26459645E-002
   1585.86195   3.27804566E-002
   1584.52818   3.31529038E-002
   1583.19440   3.38074378E-002
   1581.86062   3.48091310E-002
   1580.52684   3.62540496E-002
   1579.19306   3.82855808E-002
   1577.85929   4.11214374E-002
   1576.52551   4.50989770E-002
   1575.19173   5.07513235E-002
   1573.85795   5.89305506E-002
   1572.52417   7.09773449E-002
   1571.19040   8.88036441E-002
   1569.85662   1.14155256E-001
   1568.52284   1.44780160E-001
   1567.18906   1.66954234E-001
   1565.85529   1.62325231E-001
   1564.52151   1.35818017E-001
   1563.18773   1.07088340E-001
   1561.85395   8.53639881E-002
   1560.52017   7.08144152E-002
   1559.18640   6.14644240E-002
   1557.85262   5.56239106E-002
   1556.51884   5.21911158E-002
   1555.18506   5.05101856E-002
   1553.85128   5.02216202E-002
   1552.51751   5.11691959E-002
   1551.18373   5.33556972E-002
   1549.84995   5.69367558E-002
   1548.51617   6.22507185E-002
   1547.18239   6.98929688E-002
   1545.84862   8.08543637E-002
   1544.51484   9.67474357E-002
   1543.18106   1.20089382E-001
   1541.84728   1.54262392E-001
   1540.51350   2.01387552E-001
   1539.17973   2.53940185E-001
   1537.84595   2.85095588E-001
   1536.51217   2.73360693E-001
   1535.17839   2.35451858E-001
   1533.84461   1.93851149E-001
   1532.51084   1.57938458E-001
   1531.17706   1.31620851E-001
   1529.84328   1.14628524E-001
   1528.50950   1.04822531E-001
   1527.17573   1.00278108E-001
   1525.84195   9.97770596E-002
   1524.50817   1.02716021E-001
   1523.17439   1.08970426E-001
   1521.84061   1.18835082E-001
   1520.50684   1.33056630E-001
   1519.17306   1.52971505E-001
   1517.83928   1.80787781E-001
   1516.50550   2.20078631E-001
   1515.17172   2.76539853E-001
   1513.83795   3.58750902E-001
   1512.50417   4.77019312E-001
   1511.17039   6.32864341E-001
   1509.83661   7.88627443E-001
   1508.50283   8.61765916E-001
   1507.16906   8.37508570E-001
   1505.83528   8.05213522E-001
   1504.50150   8.20181107E-001
   1503.16772   8.46735935E-001
   1501.83394   8.16871467E-001
   1500.50017   7.41387698E-001
   1499.16639   6.69424228E-001
   1497.83261   5.99180072E-001
   1496.49883   5.23484689E-001
   1495.16506   4.62836445E-001
   1493.83128   4.20976168E-001
   1492.49750   3.76827611E-001
   1491.16372   3.23912082E-001
   1489.82994   2.78141483E-001
   1488.49617   2.50060171E-001
   1487.16239   2.41274708E-001
   1485.82861   2.52106734E-001
   1484.49483   2.84505575E-001
   1483.16105   3.38907491E-001
   1481.82728   4.00912897E-001
   1480.49350   4.27991504E-001
   1479.15972   3.90929721E-001
   1477.82594   3.22238005E-001
   1476.49216   2.62211970E-001
   1475.15839   2.22640233E-001
   1473.82461   2.01520712E-001
   1472.49083   1.95458247E-001
   1471.15705   2.03045837E-001
   1469.82327   2.25437631E-001
   1468.48950   2.66709930E-001
   1467.15572   3.34284452E-001
   1465.82194   4.37463455E-001
   1464.48816   5.76185832E-001
   1463.15438   7.07864717E-001
   1461.82061   7.36427835E-001
   1460.48683   6.31258256E-001
   1459.15305   4.80010170E-001
   1457.81927   3.52992322E-001
   1456.48550   2.63016832E-001
   1455.15172   2.01797681E-001
   1453.81794   1.59824419E-001
   1452.48416   1.30365795E-001
   1451.15038   1.09130215E-001
   1449.81661   9.34272416E-002
   1448.48283   8.15498005E-002
   1447.14905   7.23909079E-002
   1445.81527   6.52151982E-002
   1444.48149   5.95226677E-002
   1443.14772   5.49661802E-002
   1441.81394   5.13005197E-002
   1440.48016   4.83502918E-002
   1439.14638   4.59893630E-002
   1437.81260   4.41275774E-002
   1436.47883   4.27022451E-002
   1435.14505   4.16729522E-002
   1433.81127   4.10189132E-002
   1432.47749   4.07385814E-002
   1431.14371   4.08516862E-002
   1429.80994   4.14044155E-002
   1428.47616   4.24792720E-002
   1427.14238   4.42124714E-002
   1425.80860   4.68239352E-002
   1424.47482   5.06679870E-002
   1423.14105   5.63140550E-002
   1421.80727   6.46489252E-002
   1420.47349   7.68762846E-002
   1419.13971   9.38146770E-002
   1417.80594   1.12958946E-001
   1416.47216   1.24503923E-001
   1415.13838   1.19518511E-001
   1413.80460   1.04618312E-001
   1412.47082   9.08855982E-002
   1411.13705   8.22467499E-002
   1409.80327   7.84320202E-002
   1408.46949   7.85172280E-002
   1407.13571   8.19643101E-002
   1405.80193   8.87545878E-002
   1404.46816   9.94009469E-002
   1403.13438   1.15046763E-001
   1401.80060   1.37720186E-001
   1400.46682   1.70794302E-001
   1399.13304   2.19605521E-001
   1397.79927   2.91525284E-001
   1396.46549   3.92025846E-001
   1395.13171   5.07543012E-001
   1393.79793   5.80549561E-001
   1392.46415   5.55158473E-001
   1391.13038   4.69702905E-001
   1389.79660   3.93928626E-001
   1388.46282   3.50184712E-001
   1387.12904   3.21947354E-001
   1385.79527   2.83230923E-001
   1384.46149   2.33610229E-001
   1383.12771   1.89474674E-001
   1381.79393   1.57902911E-001
   1380.46015   1.37756435E-001
   1379.12638   1.26414819E-001
   1377.79260   1.22090762E-001
   1376.45882   1.24131858E-001
   1375.12504   1.33004126E-001
   1373.79126   1.50386363E-001
   1372.45749   1.79249953E-001
   1371.12371   2.22861239E-001
   1369.78993   2.79232378E-001
   1368.45615   3.29123683E-001
   1367.12237   3.43671232E-001
   1365.78860   3.29311501E-001
   1364.45482   3.17157293E-001
   1363.12104   3.12895525E-001
   1361.78726   3.00545212E-001
   1360.45348   2.78256648E-001
   1359.11971   2.53277707E-001
   1357.78593   2.22437750E-001
   1356.45215   1.89027883E-001
   1355.11837   1.63130661E-001
   1353.78459   1.48970542E-001
   1352.45082   1.46065796E-001
   1351.11704   1.51370427E-001
   1349.78326   1.56554457E-001
   1348.44948   1.50543646E-001
   1347.11571   1.34118506E-001
   1345.78193   1.17255054E-001
   1344.44815   1.05093017E-001
   1343.11437   9.77855966E-002
   1341.78059   9.42447370E-002
   1340.44682   9.35557484E-002
   1339.11304   9.51729849E-002
   1337.77926   9.88516984E-002
   1336.44548   1.04576504E-001
   1335.11170   1.12527946E-001
   1333.77793   1.23087100E-001
   1332.44415   1.36878075E-001
   1331.11037   1.54857027E-001
   1329.77659   1.78469477E-001
   1328.44281   2.09918208E-001
   1327.10904   2.52617002E-001
   1325.77526   3.11952099E-001
   1324.44148   3.96498453E-001
   1323.10770   5.19609086E-001
   1321.77392   6.99721943E-001
   1320.44015   9.51091111E-001
   1319.10637   1.24242250E+000
   1317.77259   1.43427377E+000
   1316.43881   1.38586589E+000
   1315.10504   1.18826889E+000
   1313.77126   1.01704612E+000
   1312.43748   9.30312429E-001
   1311.10370   8.82434766E-001
   1309.76992   7.96696044E-001
   1308.43615   6.70641127E-001
   1307.10237   5.59131239E-001
   1305.76859   4.91056950E-001
   1304.43481   4.69657141E-001
   1303.10103   4.94384277E-001
   1301.76726   5.65558618E-001
   1300.43348   6.68966405E-001
   1299.09970   7.43405519E-001
   1297.76592   7.08599471E-001
   1296.43214   5.83619640E-001
   1295.09837   4.51282635E-001
   1293.76459   3.50548253E-001
   1292.43081   2.81857519E-001
   1291.09703   2.36578401E-001
   1289.76325   2.07399305E-001
   1288.42948   1.89642678E-001
   1287.09570   1.80690913E-001
   1285.76192   1.79416883E-001
   1284.42814   1.85916061E-001
   1283.09436   2.01546634E-001
   1281.76059   2.29275180E-001
   1280.42681   2.74263265E-001
   1279.09303   3.44038615E-001
   1277.75925   4.44941380E-001
   1276.42548   5.65215803E-001
   1275.09170   6.45548745E-001
   1273.75792   6.15861020E-001
   1272.42414   5.04778274E-001
   1271.09036   3.90158592E-001
   1269.75659   3.04922706E-001
   1268.42281   2.48318384E-001
   1267.08903   2.12414339E-001
   1265.75525   1.90745276E-001
   1264.42147   1.79256208E-001
   1263.08770   1.75737365E-001
   1261.75392   1.79305802E-001
   1260.42014   1.90161098E-001
   1259.08636   2.09612273E-001
   1257.75258   2.40386232E-001
   1256.41881   2.87256882E-001
   1255.08503   3.57886077E-001
   1253.75125   4.62731154E-001
   1252.41747   6.08714622E-001
   1251.08369   7.74094629E-001
   1249.74992   8.79700640E-001
   1248.41614   8.64867115E-001
   1247.08236   7.87218268E-001
   1245.74858   7.05764012E-001
   1244.41480   6.09683775E-001
   1243.08103   5.00799375E-001
   1241.74725   4.08408681E-001
   1240.41347   3.45158652E-001
   1239.07969   3.07902038E-001
   1237.74592   2.90883512E-001
   1236.41214   2.90392835E-001
   1235.07836   3.05328550E-001
   1233.74458   3.37161449E-001
   1232.41080   3.90298720E-001
   1231.07703   4.73110355E-001
   1229.74325   5.99514085E-001
   1228.40947   7.89398472E-001
   1227.07569   1.05929395E+000
   1225.74191   1.37955598E+000
   1224.40814   1.60533348E+000
   1223.07436   1.56802233E+000
   1221.74058   1.31481891E+000
   1220.40680   1.02214799E+000
   1219.07302   7.94149759E-001
   1217.73925   6.47204990E-001
   1216.40547   5.67488822E-001
   1215.07169   5.42512606E-001
   1213.73791   5.68561172E-001
   1212.40413   6.49692908E-001
   1211.07036   7.88055837E-001
   1209.73658   9.50837375E-001
   1208.40280   1.03193247E+000
   1207.06902   9.46953694E-001
   1205.73525   7.72011059E-001
   1204.40147   6.16886328E-001
   1203.06769   5.18579532E-001
   1201.73391   4.75874150E-001
   1200.40013   4.81804850E-001
   1199.06636   5.24173815E-001
   1197.73258   5.64964361E-001
   1196.39880   5.44184505E-001
   1195.06502   4.57136117E-001
   1193.73124   3.57773717E-001
   1192.39747   2.78942818E-001
   1191.06369   2.23589412E-001
   1189.72991   1.85920990E-001
   1188.39613   1.60514352E-001
   1187.06235   1.43813518E-001
   1185.72858   1.33831410E-001
   1184.39480   1.29767917E-001
   1183.06102   1.31843653E-001
   1181.72724   1.41315132E-001
   1180.39346   1.60355260E-001
   1179.05969   1.90459410E-001
   1177.72591   2.25956359E-001
   1176.39213   2.44973148E-001
   1175.05835   2.26933899E-001
   1173.72457   1.85765460E-001
   1172.39080   1.46039290E-001
   1171.05702   1.16391673E-001
   1169.72324   9.58048485E-002
   1168.38946   8.15507215E-002
   1167.05569   7.14817167E-002
   1165.72191   6.41920711E-002
   1164.38813   5.87979078E-002
   1163.05435   5.47418922E-002
   1161.72057   5.16668861E-002
   1160.38680   4.93400770E-002
   1159.05302   4.76080281E-002
   1157.71924   4.63699181E-002
   1156.38546   4.55615375E-002
   1155.05168   4.51458373E-002
   1153.71791   4.51076990E-002
   1152.38413   4.54516934E-002
   1151.05035   4.62022965E-002
   1149.71657   4.74065577E-002
   1148.38279   4.91397343E-002
   1147.04902   5.15150721E-002
   1145.71524   5.46999421E-002
   1144.38146   5.89422756E-002
   1143.04768   6.46142552E-002
   1141.71390   7.22853704E-002
   1140.38013   8.28448202E-002
   1139.04635   9.77002946E-002
   1137.71257   1.19058884E-001
   1136.37879   1.50108618E-001
   1135.04502   1.94043674E-001
   1133.71124   2.48450492E-001
   1132.37746   2.93101609E-001
   1131.04368   2.97375192E-001
   1129.70990   2.66165922E-001
   1128.37613   2.33029812E-001
   1127.04235   2.17002987E-001
   1125.70857   2.22410392E-001
   1124.37479   2.50995117E-001
   1123.04101   3.05338204E-001
   1121.70724   3.82097366E-001
   1120.37346   4.53448023E-001
   1119.03968   4.71205804E-001
   1117.70590   4.34112280E-001
   1116.37212   3.86515625E-001
   1115.03835   3.46711942E-001
   1113.70457   3.10853670E-001
   1112.37079   2.72413425E-001
   1111.03701   2.26145419E-001
   1109.70323   1.80155638E-001
   1108.36946   1.43544881E-001
   1107.03568   1.17308222E-001
   1105.70190   9.89689204E-002
   1104.36812   8.60564335E-002
   1103.03434   7.68280344E-002
   1101.70057   7.01510355E-002
   1100.36679   6.52969363E-002
   1099.03301   6.17916875E-002
   1097.69923   5.93218140E-002
   1096.36546   5.76774885E-002
   1095.03168   5.67179790E-002
   1093.69790   5.63504722E-002
   1092.36412   5.65170251E-002
   1091.03034   5.71866250E-002
   1089.69657   5.83506347E-002
   1088.36279   6.00206627E-002
   1087.02901   6.22283826E-002
   1085.69523   6.50271654E-002
   1084.36145   6.84956786E-002
   1083.02768   7.27439205E-002
   1081.69390   7.79225652E-002
   1080.36012   8.42371058E-002
   1079.02634   9.19692630E-002
   1077.69256   1.01509769E-001
   1076.35879   1.13409470E-001
   1075.02501   1.28460647E-001
   1073.69123   1.47829186E-001
   1072.35745   1.73273065E-001
   1071.02367   2.07505063E-001
   1069.68990   2.54775952E-001
   1068.35612   3.21684208E-001
   1067.02234   4.17645520E-001
   1065.68856   5.51886404E-001
   1064.35478   7.17504482E-001
   1063.02101   8.62269920E-001
   1061.68723   9.23283215E-001
   1060.35345   9.39216947E-001
   1059.01967   9.99605269E-001
   1057.68590   1.11715649E+000
   1056.35212   1.18990991E+000
   1055.01834   1.10092783E+000
   1053.68456   9.02231814E-001
   1052.35078   7.17434692E-001
   1051.01701   5.96372483E-001
   1049.68323   5.39560084E-001
   1048.34945   5.38475115E-001
   1047.01567   5.80137027E-001
   1045.68189   6.26586218E-001
   1044.34812   6.13539463E-001
   1043.01434   5.28760811E-001
   1041.68056   4.27601772E-001
   1040.34678   3.47874570E-001
   1039.01300   2.94326996E-001
   1037.67923   2.61171610E-001
   1036.34545   2.42728110E-001
   1035.01167   2.35339284E-001
   1033.67789   2.37108674E-001
   1032.34411   2.47487826E-001
   1031.01034   2.67089731E-001
   1029.67656   2.97759675E-001
   1028.34278   3.42883146E-001
   1027.00900   4.07764034E-001
   1025.67523   4.99145489E-001
   1024.34145   6.20969920E-001
   1023.00767   7.65969141E-001
   1021.67389   9.26909544E-001
   1020.34011   1.13648686E+000
   1019.00634   1.45515699E+000
   1017.67256   1.91164517E+000
   1016.33878   2.42991159E+000
   1015.00500   2.74677375E+000
   1013.67122   2.57456586E+000
   1012.33745   2.04322075E+000
   1011.00367   1.49793291E+000
   1009.66989   1.08609031E+000
   1008.33611   8.02912149E-001
   1007.00233   6.10631267E-001
   1005.66856   4.77917441E-001
   1004.33478   3.84041228E-001
   1003.00100   3.15983093E-001
   1001.66722   2.65584891E-001
   1000.33344   2.27674979E-001
    998.99967   1.98947835E-001
    997.66589   1.77319683E-001
    996.33211   1.61577700E-001
    994.99833   1.51215078E-001
    993.66455   1.46351019E-001
    992.33078   1.47451261E-001
    990.99700   1.53897369E-001
    989.66322   1.60190575E-001
    988.32944   1.55574486E-001
    986.99567   1.37779412E-001
    985.66189   1.16617217E-001
    984.32811   9.90327116E-002
    982.99433   8.59879378E-002
    981.66055   7.64533327E-002
    980.32678   6.93588664E-002
    978.99300   6.39535593E-002
    977.65922   5.97541071E-002
    976.32544   5.64534163E-002
    974.99166   5.38550183E-002
    973.65789   5.18327529E-002
    972.32411   5.03070381E-002
    970.99033   4.92312071E-002
    969.65655   4.85840108E-002
    968.32277   4.83661551E-002
    966.98900   4.85998426E-002
    965.65522   4.93310205E-002
    964.32144   5.06346406E-002
    962.98766   5.26238897E-002
    961.65388   5.54652692E-002
    960.32011   5.94028697E-002
    958.98633   6.47977199E-002
    957.65255   7.21925252E-002
    956.31877   8.24198247E-002
    954.98499   9.67839597E-002
    953.65122   1.17361460E-001
    952.31744   1.47450843E-001
    950.98366   1.92001634E-001
    949.64988   2.56802460E-001
    948.31611   3.41710252E-001
    946.98233   4.21136541E-001
    945.64855   4.39563946E-001
    944.31477   3.82518330E-001
    942.98099   3.02566768E-001
    941.64722   2.40203098E-001
    940.31344   2.03242524E-001
    938.97966   1.86563570E-001
    937.64588   1.79193582E-001
    936.31210   1.66431957E-001
    934.97833   1.44282595E-001
    933.64455   1.21994512E-001
    932.31077   1.06133703E-001
    930.97699   9.76192116E-002
    929.64321   9.58981190E-002
    928.30944   1.01033759E-001
    926.97566   1.14204096E-001
    925.64188   1.37311211E-001
    924.30810   1.70108840E-001
    922.97432   2.01837955E-001
    921.64055   2.08230790E-001
    920.30677   1.81192148E-001
    918.97299   1.42616477E-001
    917.63921   1.10331357E-001
    916.30544   8.76531925E-002
    914.97166   7.25305652E-002
    913.63788   6.26048637E-002
    912.30410   5.62451676E-002
    910.97032   5.24788023E-002
    909.63655   5.08014945E-002
    908.30277   5.10577939E-002
    906.96899   5.34061937E-002
    905.63521   5.83638806E-002
    904.30143   6.69241191E-002
    902.96766   8.06693522E-002
    901.63388   1.01421773E-001
    900.30010   1.28741424E-001
    898.96632   1.53178517E-001
    897.63254   1.55975481E-001
    896.29877   1.33873345E-001
    894.96499   1.04762632E-001
    893.63121   8.10281451E-002
    892.29743   6.44384924E-002
    890.96365   5.32746104E-002
    889.62988   4.57454641E-002
    888.29610   4.06104284E-002
    886.96232   3.70880077E-002
    885.62854   3.46968455E-002
    884.29476   3.31431121E-002
    882.96099   3.22530845E-002
    881.62721   3.19362788E-002
    880.29343   3.21689353E-002
    878.95965   3.29930243E-002
    877.62588   3.45291944E-002
    876.29210   3.69986611E-002
    874.95832   4.07170980E-002
    873.62454   4.58913161E-002
    872.29076   5.18013897E-002
    870.95699   5.57713367E-002
    869.62321   5.55385614E-002
    868.28943   5.30527259E-002
    866.95565   5.12971966E-002
    865.62187   5.13375887E-002
    864.28810   5.31884497E-002
    862.95432   5.67484918E-002
    861.62054   6.20831104E-002
    860.28676   6.94870052E-002
    858.95298   7.95368899E-002
    857.61921   9.32008372E-002
    856.28543   1.12045427E-001
    854.95165   1.38590371E-001
    853.61787   1.76833935E-001
    852.28409   2.32685782E-001
    850.95032   3.12621596E-001
    849.61654   4.14492721E-001
    848.28276   5.04128362E-001
    846.94898   5.18586910E-001
    845.61521   4.53184142E-001
    844.28143   3.71088088E-001
    842.94765   3.13471082E-001
    841.61387   2.87667800E-001
    840.28009   2.91881707E-001
    838.94632   3.26817268E-001
    837.61254   3.98177274E-001
    836.27876   5.13707163E-001
    834.94498   6.66166541E-001
    833.61120   7.93195098E-001
    832.27743   7.88793649E-001
    830.94365   6.51396577E-001
    829.60987   4.85739935E-001
    828.27609   3.53954704E-001
    826.94231   2.61965991E-001
    825.60854   1.99366871E-001
    824.27476   1.56212495E-001
    822.94098   1.25707848E-001
    821.60720   1.03550251E-001
    820.27342   8.70360606E-002
    818.93965   7.44399275E-002
    817.60587   6.46349339E-002
    816.27209   5.68664094E-002
    814.93831   5.06165337E-002
    813.60453   4.55218605E-002
    812.27076   4.13219703E-002
    810.93698   3.78267658E-002
    809.60320   3.48951724E-002
    808.26942   3.24209728E-002
    806.93565   3.03232021E-002
    805.60187   2.85395203E-002
    804.26809   2.70215690E-002
    802.93431   2.57316770E-002
    801.60053   2.46405025E-002
    800.26676   2.37253385E-002
    798.93298   2.29689021E-002
    797.59920   2.23584874E-002
    796.26542   2.18854046E-002
    794.93164   2.15446581E-002
    793.59787   2.13348438E-002
    792.26409   2.12582640E-002
    790.93031   2.13212864E-002
    789.59653   2.15350007E-002
    788.26275   2.19162682E-002
    786.92898   2.24893187E-002
    785.59520   2.32881486E-002
    784.26142   2.43601248E-002
    782.92764   2.57714648E-002
    781.59386   2.76157106E-002
    780.26009   3.00270997E-002
    778.92631   3.32021150E-002
    777.59253   3.74348940E-002
    776.25875   4.31760245E-002
    774.92497   5.11288443E-002
    773.59120   6.23942455E-002
    772.25742   7.86183993E-002
    770.92364   1.01799314E-001
    769.58986   1.32430100E-001
    768.25609   1.64236027E-001
    766.92231   1.83727528E-001
    765.58853   1.89896190E-001
    764.25475   1.97997840E-001
    762.92097   2.12875113E-001
    761.58720   2.23338120E-001
    760.25342   2.25291258E-001
    758.91964   2.24636688E-001
    757.58586   2.12263094E-001
    756.25208   1.78931242E-001
    754.91831   1.38146811E-001
    753.58453   1.04198497E-001
    752.25075   7.98802127E-002
    750.91697   6.30864216E-002
    749.58319   5.13961193E-002
    748.24942   4.30764105E-002
    746.91564   3.70096412E-002
    745.58186   3.24867462E-002
    744.24808   2.90524404E-002
    742.91430   2.64082139E-002
    741.58053   2.43539986E-002
    740.24675   2.27530954E-002
    738.91297   2.15107977E-002
    737.57919   2.05611547E-002
    736.24542   1.98586861E-002
    734.91164   1.93732229E-002
    733.57786   1.90868327E-002
    732.24408   1.89922691E-002
    730.91030   1.90927034E-002
    729.57653   1.94027640E-002
    728.24275   1.99511947E-002
    726.90897   2.07858399E-002
    725.57519   2.19823043E-002
    724.24141   2.36586982E-002
    722.90764   2.60005533E-002
    721.57386   2.93018416E-002
    720.24008   3.40258279E-002
    718.90630   4.08607909E-002
    717.57252   5.05993941E-002
    716.23875   6.32025487E-002
    714.90497   7.52635925E-002
    713.57119   7.99613864E-002
    712.23741   7.65381429E-002
    710.90363   7.24512457E-002
    709.56986   7.32882043E-002
    708.23608   8.04143221E-002
    706.90230   9.16973853E-002
    705.56852   9.99648409E-002
    704.23474   9.86070462E-002
    702.90097   9.21796989E-002
    701.56719   8.92194159E-002
    700.23341   9.39094027E-002
    698.89963   1.08220445E-001
    697.56586   1.34394487E-001
    696.23208   1.73720726E-001
    694.89830   2.18622421E-001
    693.56452   2.42382898E-001
    692.23074   2.21932349E-001
    690.89697   1.75395061E-001
    689.56319   1.31262857E-001
    688.22941   9.89581257E-002
    686.89563   7.70716305E-002
    685.56185   6.24109178E-002
    684.22808   5.25085009E-002
    682.89430   4.57668010E-002
    681.56052   4.11962064E-002
    680.22674   3.81898724E-002
    678.89296   3.63806053E-002
    677.55919   3.55576428E-002
    676.22541   3.56213514E-002
    674.89163   3.65625025E-002
    673.55785   3.84599036E-002
    672.22407   4.14956233E-002
    670.89030   4.59922843E-002
    669.55652   5.24834568E-002
    668.22274   6.18370289E-002
    666.88896   7.54586842E-002
    665.55519   9.55778252E-002
    664.22141   1.25410016E-001
    662.88763   1.68031500E-001
    661.55385   2.20226423E-001
    660.22007   2.59707671E-001
    658.88630   2.54460746E-001
    657.55252   2.10528477E-001
    656.21874   1.61552146E-001
    654.88496   1.24411458E-001
    653.55118   9.99040344E-002
    652.21741   8.48341296E-002
    650.88363   7.64945181E-002
    649.54985   7.33186345E-002
    648.21607   7.47064091E-002
    646.88229   8.07372346E-002
    645.54852   9.14850979E-002
    644.21474   1.05146646E-001
    642.88096   1.16846543E-001
    641.54718   1.25074827E-001
    640.21340   1.36633809E-001
    638.87963   1.58112557E-001
    637.54585   1.88479837E-001
    636.21207   2.15187195E-001
    634.87829   2.25637349E-001
    633.54451   2.30610000E-001
    632.21074   2.49674095E-001
    630.87696   2.85531904E-001
    629.54318   3.13723997E-001
    628.20940   2.98359895E-001
    626.87563   2.44711977E-001
    625.54185   1.87647286E-001
    624.20807   1.44373188E-001
    622.87429   1.15252613E-001
    621.54051   9.65581539E-002
    620.20674   8.51397220E-002
    618.87296   7.90551045E-002
    617.53918   7.73526420E-002
    616.20540   7.98479365E-002
    614.87162   8.69373145E-002
    613.53785   9.90397961E-002
    612.20407   1.14645523E-001
    610.87029   1.27789294E-001
    609.53651   1.33566007E-001
    608.20273   1.37776888E-001
    606.86896   1.49950715E-001
    605.53518   1.76365125E-001
    604.20140   2.22172245E-001
    602.86762   2.91268529E-001
    601.53384   3.75264065E-001
    600.20007   4.32729727E-001
    598.86629   4.13795734E-001
    597.53251   3.37529219E-001
    596.19873   2.59069347E-001
    594.86495   2.02528847E-001
    593.53118   1.68325448E-001
    592.19740   1.52167488E-001
    590.86362   1.51485543E-001
    589.52984   1.65960875E-001
    588.19607   1.94783121E-001
    586.86229   2.27990882E-001
    585.52851   2.38950830E-001
    584.19473   2.11117113E-001
    582.86095   1.65028578E-001
    581.52718   1.24026959E-001
    580.19340   9.41748330E-002
    578.85962   7.35179192E-002
    577.52584   5.91482201E-002
    576.19206   4.89109666E-002
    574.85829   4.14112604E-002
    573.52451   3.57684903E-002
    572.19073   3.14211205E-002
    570.85695   2.80031451E-002
    569.52317   2.52699557E-002
    568.18940   2.30540228E-002
    566.85562   2.12380225E-002
    565.52184   1.97382066E-002
    564.18806   1.84938864E-002
    562.85428   1.74606502E-002
    561.52051   1.66059209E-002
    560.18673   1.59060240E-002
    558.85295   1.53442702E-002
    557.51917   1.49097528E-002
    556.18540   1.45966913E-002
    554.85162   1.44042391E-002
    553.51784   1.43367497E-002
    552.18406   1.44045655E-002
    550.85028   1.46254922E-002
    549.51651   1.50272523E-002
    548.18273   1.56514425E-002
    546.84895   1.65598890E-002
    545.51517   1.78449676E-002
    544.18139   1.96466253E-002
    542.84762   2.21808827E-002
    541.51384   2.57878417E-002
    540.18006   3.10107992E-002
    538.84628   3.87134640E-002
    537.51250   5.01845239E-002
    536.17873   6.68848102E-002
    534.84495   8.85455710E-002
    533.51117   1.07979656E-001
    532.17739   1.10715152E-001
    530.84361   9.40569733E-002
    529.50984   7.17887298E-002
    528.17606   5.35801119E-002
    526.84228   4.08551810E-002
    525.50850   3.23015610E-002
    524.17472   2.65409058E-002
    522.84095   2.26212738E-002
    521.50717   1.99500285E-002
    520.17339   1.81735649E-002
    518.83961   1.70945121E-002
    517.50584   1.66271099E-002
    516.17206   1.67813030E-002
    514.83828   1.76683602E-002
    513.50450   1.95135257E-002
    512.17072   2.26064317E-002
    510.83695   2.69282046E-002
    509.50317   3.10608504E-002
    508.16939   3.18515350E-002
    506.83561   2.83314973E-002
    505.50183   2.33825508E-002
    504.16806   1.92896531E-002
    502.83428   1.64653583E-002
    501.50050   1.46434725E-002
    500.16672   1.35240467E-002
    498.83294   1.29035458E-002
    497.49917   1.26656653E-002
    496.16539   1.27577139E-002
    494.83161   1.31767385E-002
    493.49783   1.39675338E-002
    492.16405   1.52328518E-002
    490.83028   1.71578734E-002
    489.49650   2.00494367E-002
    488.16272   2.43669389E-002
    486.82894   3.06044964E-002
    485.49517   3.85298942E-002
    484.16139   4.53141963E-002
    482.82761   4.59755316E-002
    481.49383   4.03440027E-002
    480.16005   3.33923938E-002
    478.82628   2.81659413E-002
    477.49250   2.50297877E-002
    476.15872   2.35688149E-002
    474.82494   2.34112980E-002
    473.49116   2.43776843E-002
    472.15739   2.64755812E-002
    470.82361   2.98990373E-002
    469.48983   3.50688891E-002
    468.15605   4.27304123E-002
    466.82227   5.41184706E-002
    465.48850   7.11330349E-002
    464.15472   9.60971937E-002
    462.82094   1.29366134E-001
    461.48716   1.61834855E-001
    460.15338   1.71283126E-001
    458.81961   1.48799174E-001
    457.48583   1.14156683E-001
    456.15205   8.47008259E-002
    454.81827   6.40109077E-002
    453.48449   5.02838977E-002
    452.15072   4.13098166E-002
    450.81694   3.55350084E-002
    449.48316   3.20134519E-002
    448.14938   3.02240790E-002
    446.81561   2.99468475E-002
    445.48183   3.12112058E-002
    444.14805   3.43086564E-002
    442.81427   3.98629051E-002
    441.48049   4.89172835E-002
    440.14672   6.27874209E-002
    438.81294   8.16697966E-002
    437.47916   1.00263678E-001
    436.14538   1.05532525E-001
    434.81160   9.20780506E-002
    433.47783   7.14212827E-002
    432.14405   5.38111218E-002
    430.81027   4.13976350E-002
    429.47649   3.31382232E-002
    428.14271   2.77500448E-002
    426.80894   2.43510495E-002
    425.47516   2.24380056E-002
    424.14138   2.17591606E-002
    422.80760   2.21043672E-002
    421.47382   2.28591653E-002
    420.14005   2.27623595E-002
    418.80627   2.12617704E-002
    417.47249   1.93693606E-002
    416.13871   1.80245083E-002
    414.80493   1.74621921E-002
    413.47116   1.76624070E-002
    412.13738   1.86368218E-002
    410.80360   2.05183589E-002
    409.46982   2.36077709E-002
    408.13605   2.84169444E-002
    406.80227   3.56077132E-002
    405.46849   4.53595089E-002
    404.13471   5.52925772E-002
    402.80093   5.91293725E-002
    401.46716   5.38391184E-002
    400.13338   4.49007586E-002
    398.79960   3.76311881E-002
    397.46582   3.33552007E-002
    396.13204   3.17766720E-002
    394.79827   3.25460537E-002
    393.46449   3.56720748E-002
    392.13071   4.16241943E-002
    390.79693   5.14280777E-002
    389.46315   6.66864955E-002
    388.12938   8.88386614E-002
    386.79560   1.15566112E-001
    385.46182   1.34128123E-001
    384.12804   1.28386528E-001
    382.79426   1.03606417E-001
    381.46049   7.72898249E-002
    380.12671   5.72707559E-002
    378.79293   4.35262728E-002
    377.45915   3.42482231E-002
    376.12538   2.79049703E-002
    374.79160   2.34795603E-002
    373.45782   2.03338803E-002
    372.12404   1.80690498E-002
    370.79026   1.64326680E-002
    369.45649   1.52628787E-002
    368.12271   1.44553950E-002
    366.78893   1.39441201E-002
    365.45515   1.36898770E-002
    364.12137   1.36741953E-002
    362.78760   1.38965660E-002
    361.45382   1.43744965E-002
    360.12004   1.51464079E-002
    358.78626   1.62781363E-002
    357.45248   1.78747918E-002
    356.11871   2.01012938E-002
    354.78493   2.32174651E-002
    353.45115   2.76371773E-002
    352.11737   3.40227978E-002
    350.78359   4.34072470E-002
    349.44982   5.72082836E-002
    348.11604   7.64656591E-002
    346.78226   9.85099244E-002
    345.44848   1.12052106E-001
    344.11470   1.05903950E-001
    342.78093   8.71478167E-002
    341.44715   6.92547942E-002
    340.11337   5.73767292E-002
    338.77959   5.14958996E-002
    337.44582   5.08565824E-002
    336.11204   5.53415485E-002
    334.77826   6.54174400E-002
    333.44448   8.06487352E-002
    332.11070   9.55290670E-002
    330.77693   9.81155801E-002
    329.44315   8.46159702E-002
    328.10937   6.57335607E-002
    326.77559   5.00161926E-002
    325.44181   3.89936846E-002
    324.10804   3.16385732E-002
    322.77426   2.67894675E-002
    321.44048   2.36380233E-002
    320.10670   2.16887840E-002
    318.77292   2.06610529E-002
    317.43915   2.04215244E-002
    316.10537   2.09514881E-002
    314.77159   2.23428387E-002
    313.43781   2.48219879E-002
    312.10403   2.88066311E-002
    310.77026   3.49976498E-002
    309.43648   4.44572539E-002
    308.10270   5.83642025E-002
    306.76892   7.63239145E-002
    305.43515   9.19888803E-002
    304.10137   9.34074246E-002
    302.76759   7.92369925E-002
    301.43381   6.10985556E-002
    300.10003   4.65898968E-002
    298.76626   3.66943241E-002
    297.43248   3.03273240E-002
    296.09870   2.64136987E-002
    294.76492   2.42583910E-002
    293.43114   2.34991433E-002
    292.09737   2.40341264E-002
    290.76359   2.59984263E-002
    289.42981   2.97928788E-002
    288.09603   3.61306252E-002
    286.76225   4.59076959E-002
    285.42848   5.91523770E-002
    284.09470   7.18735429E-002
    282.76092   7.48752609E-002
    281.42714   6.50090371E-002
    280.09336   5.06029772E-002
    278.75959   3.85108391E-002
    277.42581   3.00335114E-002
    276.09203   2.43994595E-002
    274.75825   2.07107750E-002
    273.42447   1.83440536E-002
    272.09070   1.69251225E-002
    270.75692   1.62565545E-002
    269.42314   1.62714205E-002
    268.08936   1.70172801E-002
    266.75559   1.86599440E-002
    265.42181   2.14666143E-002
    264.08803   2.56077279E-002
    262.75425   3.04245120E-002
    261.42047   3.37039087E-002
    260.08670   3.40664078E-002
    258.75292   3.37494525E-002
    257.41914   3.53632115E-002
    256.08536   3.89307706E-002
    254.75158   4.12280792E-002
    253.41781   3.84722576E-002
    252.08403   3.20282653E-002
    250.75025   2.57179537E-002
    249.41647   2.10923007E-002
    248.08269   1.80506417E-002
    246.74892   1.61626537E-002
    245.41514   1.50898820E-002
    244.08136   1.46281556E-002
    242.74758   1.46789373E-002
    241.41380   1.52266342E-002
    240.08003   1.63340079E-002
    238.74625   1.81572263E-002
    237.41247   2.09811149E-002
    236.07869   2.52611434E-002
    234.74491   3.15751020E-002
    233.41114   4.00826397E-002
    232.07736   4.87436195E-002
    230.74358   5.21716481E-002
    229.40980   4.77704979E-002
    228.07603   4.02472422E-002
    226.74225   3.41668550E-002
    225.40847   3.06686591E-002
    224.07469   2.95030931E-002
    222.74091   3.03780818E-002
    221.40714   3.33141054E-002
    220.07336   3.87319718E-002
    218.73958   4.75175707E-002
    217.40580   6.09382177E-002
    216.07202   7.96140992E-002
    214.73825   9.97520318E-002
    213.40447   1.09330071E-001
    212.07069   9.99447042E-002
    210.73691   8.09242577E-002
    209.40313   6.39249504E-002
    208.06936   5.23389736E-002
    206.73558   4.54833542E-002
    205.40180   4.21605165E-002
    204.06802   4.15826199E-002
    202.73424   4.34360756E-002
    201.40047   4.78360845E-002
    200.06669   5.53493596E-002
    198.73291   6.71263349E-002
    197.39913   8.51503691E-002
    196.06536   1.12475628E-001
    194.73158   1.52628157E-001
    193.39780   2.05067546E-001
    192.06402   2.52616384E-001
    190.73024   2.59956671E-001
    189.39647   2.19639450E-001
    188.06269   1.65034539E-001
    186.72891   1.20119772E-001
    185.39513   8.85711788E-002
    184.06135   6.71991488E-002
    182.72758   5.25982230E-002
    181.39380   4.23915771E-002
    180.06002   3.50694966E-002
    178.72624   2.96861852E-002
    177.39246   2.56413866E-002
    176.05869   2.25456690E-002
    174.72491   2.01402042E-002
    173.39113   1.82488950E-002
    172.05735   1.67493495E-002
    170.72357   1.55549124E-002
    169.38980   1.46033001E-002
    168.05602   1.38492675E-002
    166.72224   1.32597960E-002
    165.38846   1.28109018E-002
    164.05468   1.24855202E-002
    162.72091   1.22721345E-002
    161.38713   1.21639564E-002
    160.05335   1.21585561E-002
    158.71957   1.22579169E-002
    157.38580   1.24689629E-002
    156.05202   1.28047028E-002
    154.71824   1.32862765E-002
    153.38446   1.39464204E-002
    152.05068   1.48352303E-002
    150.71691   1.60295735E-002
    149.38313   1.76474869E-002
    148.04935   1.98650908E-002
    146.71557   2.29124995E-002
    145.38179   2.69591431E-002
    144.04802   3.18004928E-002
    142.71424   3.69864209E-002
    141.38046   4.31610394E-002
    140.04668   5.17631808E-002
    138.71290   6.19725422E-002
    137.37913   6.82464027E-002
    136.04535   6.53406406E-002
    134.71157   5.69644419E-002
    133.37779   4.95010241E-002
    132.04401   4.52686134E-002
    130.71024   4.42116158E-002
    129.37646   4.59712069E-002
    128.04268   5.05343686E-002
    126.70890   5.83882346E-002
    125.37513   7.06317890E-002
    124.04135   8.90644693E-002
    122.70757   1.15761300E-001
    121.37379   1.50590217E-001
    120.04001   1.86427942E-001
    118.70624   2.12398464E-001
    117.37246   2.23250470E-001
    116.03868   2.11694262E-001
    114.70490   1.80350289E-001
    113.37112   1.48069903E-001
    112.03735   1.26738385E-001
    110.70357   1.18244794E-001
    109.36979   1.22079663E-001
    108.03601   1.38382198E-001
    106.70223   1.66090393E-001
    105.36846   1.95336263E-001
    104.03468   2.03436868E-001
    102.70090   1.80956800E-001
    101.36712   1.47490461E-001
    100.03334   1.20662175E-001
     98.69957   1.04509757E-001
     97.36579   9.79293108E-002
     96.03201   9.98615637E-002
     94.69823   1.10577454E-001
     93.36445   1.31597529E-001
     92.03068   1.63981810E-001
     90.69690   2.02516702E-001
     89.36312   2.29665098E-001
     88.02934   2.28517010E-001
     86.69557   2.02114358E-001
     85.36179   1.69004825E-001
     84.02801   1.44952237E-001
     82.69423   1.34971501E-001
     81.36045   1.39438244E-001
     80.02668   1.58217018E-001
     78.69290   1.87873768E-001
     77.35912   2.12650522E-001
     76.02534   2.08734291E-001
     74.69156   1.77812239E-001
     73.35779   1.43709812E-001
     72.02401   1.19830144E-001
     70.69023   1.07957279E-001
     69.35645   1.07166497E-001
     68.02267   1.17157750E-001
     66.68890   1.37218417E-001
     65.35512   1.61167176E-001
     64.02134   1.73453028E-001
     62.68756   1.61183292E-001
     61.35378   1.31215890E-001
     60.02001   1.00358199E-001
     58.68623   7.66904987E-002
     57.35245   6.02559413E-002
     56.01867   4.90627085E-002
     54.68489   4.13892307E-002
     53.35112   3.60891383E-002
     52.01734   3.24520378E-002
     50.68356   3.00524254E-002
     49.34978   2.86515534E-002
     48.01601   2.81444379E-002
     46.68223   2.85397204E-002
     45.34845   2.99667537E-002
     44.01467   3.27104902E-002
     42.68089   3.72736276E-002
     41.34712   4.44276553E-002
     40.01334   5.50238995E-002
     38.67956   6.87692251E-002
     37.34578   8.12871895E-002
     36.01200   8.51174256E-002
     34.67823   8.08853733E-002
     33.34445   7.73985956E-002
     32.01067   8.04910954E-002
     30.67689   9.10538105E-002
     29.34311   1.04468389E-001
     28.00934   1.09151541E-001
     26.67556   9.86937729E-002
     25.34178   8.21738862E-002
     24.00800   6.93206081E-002
     22.67422   6.29799833E-002
     21.34045   6.32261404E-002
     20.00667   7.02090149E-002
     18.67289   8.41900464E-002
     17.33911   1.02572252E-001
     16.00534   1.14601119E-001
     14.67156   1.07665655E-001
     13.33778   8.65651864E-002
     12.00400   6.49186961E-002
     10.67022   4.84832658E-002
      9.33645   3.70693709E-002
      8.00267   2.92116276E-002
      6.66889   2.36941032E-002
      5.33511   1.97100295E-002
      4.00133   1.67500195E-002
      2.66756   1.44919678E-002
      1.33378   1.27282714E-002
      0.00000   1.13217787E-002
