   4000.00000   4.19317315E-003
   3998.66622   4.21501753E-003
   3997.33244   4.23705968E-003
   3995.99867   4.25930222E-003
   3994.66489   4.28174778E-003
   3993.33111   4.30439909E-003
   3991.99733   4.32725890E-003
   3990.66355   4.35033000E-003
   3989.32978   4.37361524E-003
   3987.99600   4.39711752E-003
   3986.66222   4.42083980E-003
   3985.32844   4.44478508E-003
   3983.99466   4.46895641E-003
   3982.66089   4.49335692E-003
   3981.32711   4.51798976E-003
   3979.99333   4.54285816E-003
   3978.65955   4.56796542E-003
   3977.32578   4.59331487E-003
   3975.99200   4.61890992E-003
   3974.65822   4.64475405E-003
   3973.32444   4.67085078E-003
   3971.99066   4.69720372E-003
   3970.65689   4.72381654E-003
   3969.32311   4.75069296E-003
   3967.98933   4.77783680E-003
   3966.65555   4.80525193E-003
   3965.32177   4.83294231E-003
   3963.98800   4.86091196E-003
   3962.65422   4.88916499E-003
   3961.32044   4.91770558E-003
   3959.98666   4.94653799E-003
   3958.65288   4.97566658E-003
   3957.31911   5.00509578E-003
   3955.98533   5.03483009E-003
   3954.65155   5.06487414E-003
   3953.31777   5.09523262E-003
   3951.98399   5.12591032E-003
   3950.65022   5.15691212E-003
   3949.31644   5.18824303E-003
   3947.98266   5.21990811E-003
   3946.64888   5.25191256E-003
   3945.31511   5.28426167E-003
   3943.98133   5.31696084E-003
   3942.64755   5.35001559E-003
   3941.31377   5.38343154E-003
   3939.97999   5.41721443E-003
   3938.64622   5.45137013E-003
   3937.31244   5.48590461E-003
   3935.97866   5.52082398E-003
   3934.64488   5.55613449E-003
   3933.31110   5.59184250E-003
   3931.97733   5.62795451E-003
   3930.64355   5.66447718E-003
   3929.30977   5.70141728E-003
   3927.97599   5.73878174E-003
   3926.64221   5.77657766E-003
   3925.30844   5.81481226E-003
   3923.97466   5.85349294E-003
   3922.64088   5.89262726E-003
   3921.30710   5.93222294E-003
   3919.97332   5.97228788E-003
   3918.63955   6.01283015E-003
   3917.30577   6.05385800E-003
   3915.97199   6.09537987E-003
   3914.63821   6.13740438E-003
   3913.30443   6.17994037E-003
   3911.97066   6.22299687E-003
   3910.63688   6.26658309E-003
   3909.30310   6.31070851E-003
   3907.96932   6.35538277E-003
   3906.63555   6.40061577E-003
   3905.30177   6.44641765E-003
   3903.96799   6.49279875E-003
   3902.63421   6.53976970E-003
   3901.30043   6.58734134E-003
   3899.96666   6.63552481E-003
   3898.63288   6.68433149E-003
   3897.29910   6.73377304E-003
   3895.96532   6.78386142E-003
   3894.63154   6.83460886E-003
   3893.29777   6.88602790E-003
   3891.96399   6.93813140E-003
   3890.63021   6.99093253E-003
   3889.29643   7.04444477E-003
   3887.96265   7.09868198E-003
   3886.62888   7.15365834E-003
   3885.29510   7.20938840E-003
   3883.96132   7.26588708E-003
   3882.62754   7.32316967E-003
   3881.29376   7.38125188E-003
   3879.95999   7.44014981E-003
   3878.62621   7.49987999E-003
   3877.29243   7.56045938E-003
   3875.95865   7.62190537E-003
   3874.62487   7.68423586E-003
   3873.29110   7.74746917E-003
   3871.95732   7.81162415E-003
   3870.62354   7.87672016E-003
   3869.28976   7.94277706E-003
   3867.95599   8.00981527E-003
   3866.62221   8.07785578E-003
   3865.28843   8.14692014E-003
   3863.95465   8.21703052E-003
   3862.62087   8.28820970E-003
   3861.28710   8.36048111E-003
   3859.95332   8.43386882E-003
   3858.61954   8.50839762E-003
   3857.28576   8.58409299E-003
   3855.95198   8.66098116E-003
   3854.61821   8.73908910E-003
   3853.28443   8.81844459E-003
   3851.95065   8.89907622E-003
   3850.61687   8.98101343E-003
   3849.28309   9.06428653E-003
   3847.94932   9.14892674E-003
   3846.61554   9.23496622E-003
   3845.28176   9.32243813E-003
   3843.94798   9.41137661E-003
   3842.61420   9.50181688E-003
   3841.28043   9.59379523E-003
   3839.94665   9.68734909E-003
   3838.61287   9.78251706E-003
   3837.27909   9.87933898E-003
   3835.94532   9.97785594E-003
   3834.61154   1.00781103E-002
   3833.27776   1.01801460E-002
   3831.94398   1.02840080E-002
   3830.61020   1.03897432E-002
   3829.27643   1.04973997E-002
   3827.94265   1.06070274E-002
   3826.60887   1.07186777E-002
   3825.27509   1.08324038E-002
   3823.94131   1.09482608E-002
   3822.60754   1.10663056E-002
   3821.27376   1.11865970E-002
   3819.93998   1.13091959E-002
   3818.60620   1.14341654E-002
   3817.27242   1.15615707E-002
   3815.93865   1.16914793E-002
   3814.60487   1.18239612E-002
   3813.27109   1.19590888E-002
   3811.93731   1.20969374E-002
   3810.60353   1.22375847E-002
   3809.26976   1.23811115E-002
   3807.93598   1.25276014E-002
   3806.60220   1.26771414E-002
   3805.26842   1.28298215E-002
   3803.93464   1.29857354E-002
   3802.60087   1.31449800E-002
   3801.26709   1.33076564E-002
   3799.93331   1.34738693E-002
   3798.59953   1.36437277E-002
   3797.26576   1.38173448E-002
   3795.93198   1.39948384E-002
   3794.59820   1.41763310E-002
   3793.26442   1.43619501E-002
   3791.93064   1.45518286E-002
   3790.59687   1.47461044E-002
   3789.26309   1.49449218E-002
   3787.92931   1.51484306E-002
   3786.59553   1.53567874E-002
   3785.26175   1.55701552E-002
   3783.92798   1.57887043E-002
   3782.59420   1.60126122E-002
   3781.26042   1.62420644E-002
   3779.92664   1.64772545E-002
   3778.59286   1.67183850E-002
   3777.25909   1.69656674E-002
   3775.92531   1.72193230E-002
   3774.59153   1.74795832E-002
   3773.25775   1.77466903E-002
   3771.92397   1.80208981E-002
   3770.59020   1.83024722E-002
   3769.25642   1.85916914E-002
   3767.92264   1.88888477E-002
   3766.58886   1.91942477E-002
   3765.25509   1.95082129E-002
   3763.92131   1.98310814E-002
   3762.58753   2.01632079E-002
   3761.25375   2.05049658E-002
   3759.91997   2.08567475E-002
   3758.58620   2.12189661E-002
   3757.25242   2.15920567E-002
   3755.91864   2.19764775E-002
   3754.58486   2.23727117E-002
   3753.25108   2.27812691E-002
   3751.91731   2.32026875E-002
   3750.58353   2.36375352E-002
   3749.24975   2.40864127E-002
   3747.91597   2.45499551E-002
   3746.58219   2.50288345E-002
   3745.24842   2.55237626E-002
   3743.91464   2.60354937E-002
   3742.58086   2.65648278E-002
   3741.24708   2.71126139E-002
   3739.91330   2.76797538E-002
   3738.57953   2.82672059E-002
   3737.24575   2.88759902E-002
   3735.91197   2.95071923E-002
   3734.57819   3.01619693E-002
   3733.24441   3.08415552E-002
   3731.91064   3.15472674E-002
   3730.57686   3.22805134E-002
   3729.24308   3.30427989E-002
   3727.90930   3.38357356E-002
   3726.57553   3.46610507E-002
   3725.24175   3.55205974E-002
   3723.90797   3.64163656E-002
   3722.57419   3.73504949E-002
   3721.24041   3.83252882E-002
   3719.90664   3.93432272E-002
   3718.57286   4.04069895E-002
   3717.23908   4.15194678E-002
   3715.90530   4.26837911E-002
   3714.57152   4.39033485E-002
   3713.23775   4.51818163E-002
   3711.90397   4.65231878E-002
   3710.57019   4.79318071E-002
   3709.23641   4.94124072E-002
   3707.90263   5.09701537E-002
   3706.56886   5.26106928E-002
   3705.23508   5.43402075E-002
   3703.90130   5.61654804E-002
   3702.56752   5.80939660E-002
   3701.23374   6.01338733E-002
   3699.89997   6.22942603E-002
   3698.56619   6.45851433E-002
   3697.23241   6.70176226E-002
   3695.89863   6.96040282E-002
   3694.56485   7.23580893E-002
   3693.23108   7.52951316E-002
   3691.89730   7.84323080E-002
   3690.56352   8.17888703E-002
   3689.22974   8.53864880E-002
   3687.89597   8.92496273E-002
   3686.56219   9.34060003E-002
   3685.22841   9.78871021E-002
   3683.89463   1.02728855E-001
   3682.56085   1.07972383E-001
   3681.22708   1.13664958E-001
   3679.89330   1.19861139E-001
   3678.55952   1.26624184E-001
   3677.22574   1.34027779E-001
   3675.89196   1.42158193E-001
   3674.55819   1.51116964E-001
   3673.22441   1.61024288E-001
   3671.89063   1.72023312E-001
   3670.55685   1.84285637E-001
   3669.22307   1.98018415E-001
   3667.88930   2.13473599E-001
   3666.55552   2.30960125E-001
   3665.22174   2.50860132E-001
   3663.88796   2.73650794E-001
   3662.55418   2.99934121E-001
   3661.22041   3.30478144E-001
   3659.88663   3.66274725E-001
   3658.55285   4.08621985E-001
   3657.21907   4.59243866E-001
   3655.88530   5.20466834E-001
   3654.55152   5.95486288E-001
   3653.21774   6.88776863E-001
   3651.88396   8.06738669E-001
   3650.55018   9.58738491E-001
   3649.21641   1.15882386E+000
   3647.88263   1.42859245E+000
   3646.54885   1.80201328E+000
   3645.21507   2.33327711E+000
   3643.88129   3.10789920E+000
   3642.54752   4.24978666E+000
   3641.21374   5.88180592E+000
   3639.87996   7.89929256E+000
   3638.54618   9.47331417E+000
   3637.21240   9.33460840E+000
   3635.87863   7.63119346E+000
   3634.54485   5.67038853E+000
   3633.21107   4.14618955E+000
   3631.87729   3.10141577E+000
   3630.54351   2.40652597E+000
   3629.20974   1.94426603E+000
   3627.87596   1.63626860E+000
   3626.54218   1.43425399E+000
   3625.20840   1.30956546E+000
   3623.87462   1.24627448E+000
   3622.54085   1.23741325E+000
   3621.20707   1.28346158E+000
   3619.87329   1.39266542E+000
   3618.53951   1.58326318E+000
   3617.20574   1.88802484E+000
   3615.87196   2.36082540E+000
   3614.53818   3.07910349E+000
   3613.20440   4.10992716E+000
   3611.87062   5.34365415E+000
   3610.53685   6.19323827E+000
   3609.20307   5.93728229E+000
   3607.86929   4.83972826E+000
   3606.53551   3.69565911E+000
   3605.20173   2.85466017E+000
   3603.86796   2.31831992E+000
   3602.53418   2.01396313E+000
   3601.20040   1.88756138E+000
   3599.86662   1.91730184E+000
   3598.53284   2.11259592E+000
   3597.19907   2.51290765E+000
   3595.86529   3.17470718E+000
   3594.53151   4.09164293E+000
   3593.19773   4.96455983E+000
   3591.86395   5.12985672E+000
   3590.53018   4.38215596E+000
   3589.19640   3.32587179E+000
   3587.86262   2.44057758E+000
   3586.52884   1.81184816E+000
   3585.19507   1.38191244E+000
   3583.86129   1.08513707E+000
   3582.52751   8.75108794E-001
   3581.19373   7.22204323E-001
   3579.85995   6.07813979E-001
   3578.52618   5.20095638E-001
   3577.19240   4.51340636E-001
   3575.85862   3.96402216E-001
   3574.52484   3.51756863E-001
   3573.19106   3.14934639E-001
   3571.85729   2.84165955E-001
   3570.52351   2.58157453E-001
   3569.18973   2.35946542E-001
   3567.85595   2.16804893E-001
   3566.52217   2.00173106E-001
   3565.18840   1.85615622E-001
   3563.85462   1.72789058E-001
   3562.52084   1.61419594E-001
   3561.18706   1.51286596E-001
   3559.85328   1.42210565E-001
   3558.51951   1.34044172E-001
   3557.18573   1.26665506E-001
   3555.85195   1.19972920E-001
   3554.51817   1.13881067E-001
   3553.18439   1.08317819E-001
   3551.85062   1.03221850E-001
   3550.51684   9.85407206E-002
   3549.18306   9.42293522E-002
   3547.84928   9.02488028E-002
   3546.51551   8.65652737E-002
   3545.18173   8.31493022E-002
   3543.84795   7.99750994E-002
   3542.51417   7.70200043E-002
   3541.18039   7.42640318E-002
   3539.84662   7.16894952E-002
   3538.51284   6.92806911E-002
   3537.17906   6.70236331E-002
   3535.84528   6.49058278E-002
   3534.51150   6.29160840E-002
   3533.17773   6.10443503E-002
   3531.84395   5.92815764E-002
   3530.51017   5.76195934E-002
   3529.17639   5.60510112E-002
   3527.84261   5.45691294E-002
   3526.50884   5.31678605E-002
   3525.17506   5.18416626E-002
   3523.84128   5.05854808E-002
   3522.50750   4.93946959E-002
   3521.17372   4.82650796E-002
   3519.83995   4.71927548E-002
   3518.50617   4.61741607E-002
   3517.17239   4.52060220E-002
   3515.83861   4.42853213E-002
   3514.50483   4.34092753E-002
   3513.17106   4.25753125E-002
   3511.83728   4.17810546E-002
   3510.50350   4.10242987E-002
   3509.16972   4.03030021E-002
   3507.83595   3.96152685E-002
   3506.50217   3.89593355E-002
   3505.16839   3.83335630E-002
   3503.83461   3.77364240E-002
   3502.50083   3.71664944E-002
   3501.16706   3.66224454E-002
   3499.83328   3.61030360E-002
   3498.49950   3.56071059E-002
   3497.16572   3.51335694E-002
   3495.83194   3.46814099E-002
   3494.49817   3.42496748E-002
   3493.16439   3.38374708E-002
   3491.83061   3.34439593E-002
   3490.49683   3.30683529E-002
   3489.16305   3.27099120E-002
   3487.82928   3.23679407E-002
   3486.49550   3.20417846E-002
   3485.16172   3.17308278E-002
   3483.82794   3.14344901E-002
   3482.49416   3.11522250E-002
   3481.16039   3.08835173E-002
   3479.82661   3.06278812E-002
   3478.49283   3.03848587E-002
   3477.15905   3.01540173E-002
   3475.82528   2.99349490E-002
   3474.49150   2.97272688E-002
   3473.15772   2.95306129E-002
   3471.82394   2.93446380E-002
   3470.49016   2.91690197E-002
   3469.15639   2.90034518E-002
   3467.82261   2.88476450E-002
   3466.48883   2.87013262E-002
   3465.15505   2.85642375E-002
   3463.82127   2.84361354E-002
   3462.48750   2.83167903E-002
   3461.15372   2.82059852E-002
   3459.81994   2.81035159E-002
   3458.48616   2.80091897E-002
   3457.15238   2.79228252E-002
   3455.81861   2.78442516E-002
   3454.48483   2.77733083E-002
   3453.15105   2.77098445E-002
   3451.81727   2.76537187E-002
   3450.48349   2.76047983E-002
   3449.14972   2.75629592E-002
   3447.81594   2.75280857E-002
   3446.48216   2.75000699E-002
   3445.14838   2.74788113E-002
   3443.81460   2.74642170E-002
   3442.48083   2.74562011E-002
   3441.14705   2.74546846E-002
   3439.81327   2.74595951E-002
   3438.47949   2.74708664E-002
   3437.14572   2.74884388E-002
   3435.81194   2.75122587E-002
   3434.47816   2.75422783E-002
   3433.14438   2.75784555E-002
   3431.81060   2.76207539E-002
   3430.47683   2.76691428E-002
   3429.14305   2.77235967E-002
   3427.80927   2.77840954E-002
   3426.47549   2.78506242E-002
   3425.14171   2.79231734E-002
   3423.80794   2.80017384E-002
   3422.47416   2.80863197E-002
   3421.14038   2.81769228E-002
   3419.80660   2.82735582E-002
   3418.47282   2.83762415E-002
   3417.13905   2.84849929E-002
   3415.80527   2.85998380E-002
   3414.47149   2.87208071E-002
   3413.13771   2.88479355E-002
   3411.80393   2.89812634E-002
   3410.47016   2.91208363E-002
   3409.13638   2.92667045E-002
   3407.80260   2.94189237E-002
   3406.46882   2.95775545E-002
   3405.13505   2.97426628E-002
   3403.80127   2.99143202E-002
   3402.46749   3.00926032E-002
   3401.13371   3.02775942E-002
   3399.79993   3.04693811E-002
   3398.46616   3.06680576E-002
   3397.13238   3.08737232E-002
   3395.79860   3.10864836E-002
   3394.46482   3.13064506E-002
   3393.13104   3.15337423E-002
   3391.79727   3.17684834E-002
   3390.46349   3.20108055E-002
   3389.12971   3.22608467E-002
   3387.79593   3.25187528E-002
   3386.46215   3.27846767E-002
   3385.12838   3.30587789E-002
   3383.79460   3.33412280E-002
   3382.46082   3.36322008E-002
   3381.12704   3.39318825E-002
   3379.79326   3.42404672E-002
   3378.45949   3.45581582E-002
   3377.12571   3.48851684E-002
   3375.79193   3.52217206E-002
   3374.45815   3.55680480E-002
   3373.12437   3.59243946E-002
   3371.79060   3.62910158E-002
   3370.45682   3.66681785E-002
   3369.12304   3.70561622E-002
   3367.78926   3.74552592E-002
   3366.45549   3.78657753E-002
   3365.12171   3.82880302E-002
   3363.78793   3.87223588E-002
   3362.45415   3.91691113E-002
   3361.12037   3.96286542E-002
   3359.78660   4.01013711E-002
   3358.45282   4.05876636E-002
   3357.11904   4.10879525E-002
   3355.78526   4.16026780E-002
   3354.45148   4.21323018E-002
   3353.11771   4.26773074E-002
   3351.78393   4.32382016E-002
   3350.45015   4.38155160E-002
   3349.11637   4.44098080E-002
   3347.78259   4.50216626E-002
   3346.44882   4.56516938E-002
   3345.11504   4.63005462E-002
   3343.78126   4.69688971E-002
   3342.44748   4.76574582E-002
   3341.11370   4.83669777E-002
   3339.77993   4.90982427E-002
   3338.44615   4.98520815E-002
   3337.11237   5.06293660E-002
   3335.77859   5.14310149E-002
   3334.44481   5.22579963E-002
   3333.11104   5.31113311E-002
   3331.77726   5.39920966E-002
   3330.44348   5.49014299E-002
   3329.10970   5.58405325E-002
   3327.77593   5.68106740E-002
   3326.44215   5.78131977E-002
   3325.10837   5.88495249E-002
   3323.77459   5.99211612E-002
   3322.44081   6.10297021E-002
   3321.10704   6.21768401E-002
   3319.77326   6.33643713E-002
   3318.43948   6.45942036E-002
   3317.10570   6.58683654E-002
   3315.77192   6.71890144E-002
   3314.43815   6.85584484E-002
   3313.10437   6.99791160E-002
   3311.77059   7.14536294E-002
   3310.43681   7.29847771E-002
   3309.10303   7.45755394E-002
   3307.76926   7.62291041E-002
   3306.43548   7.79488848E-002
   3305.10170   7.97385405E-002
   3303.76792   8.16019975E-002
   3302.43414   8.35434735E-002
   3301.10037   8.55675048E-002
   3299.76659   8.76789756E-002
   3298.43281   8.98831514E-002
   3297.09903   9.21857161E-002
   3295.76526   9.45928133E-002
   3294.43148   9.71110919E-002
   3293.09770   9.97477588E-002
   3291.76392   1.02510636E-001
   3290.43014   1.05408227E-001
   3289.09637   1.08449791E-001
   3287.76259   1.11645424E-001
   3286.42881   1.15006156E-001
   3285.09503   1.18544056E-001
   3283.76125   1.22272359E-001
   3282.42748   1.26205600E-001
   3281.09370   1.30359777E-001
   3279.75992   1.34752535E-001
   3278.42614   1.39403375E-001
   3277.09236   1.44333903E-001
   3275.75859   1.49568109E-001
   3274.42481   1.55132697E-001
   3273.09103   1.61057473E-001
   3271.75725   1.67375791E-001
   3270.42347   1.74125082E-001
   3269.08970   1.81347485E-001
   3267.75592   1.89090579E-001
   3266.42214   1.97408272E-001
   3265.08836   2.06361855E-001
   3263.75458   2.16021267E-001
   3262.42081   2.26466636E-001
   3261.08703   2.37790135E-001
   3259.75325   2.50098267E-001
   3258.41947   2.63514659E-001
   3257.08570   2.78183538E-001
   3255.75192   2.94274049E-001
   3254.41814   3.11985681E-001
   3253.08436   3.31555137E-001
   3251.75058   3.53265093E-001
   3250.41681   3.77455479E-001
   3249.08303   4.04538138E-001
   3247.74925   4.35016064E-001
   3246.41547   4.69508954E-001
   3245.08169   5.08787502E-001
   3243.74792   5.53820057E-001
   3242.41414   6.05836944E-001
   3241.08036   6.66420464E-001
   3239.74658   7.37632849E-001
   3238.41280   8.22201324E-001
   3237.07903   9.23790806E-001
   3235.74525   1.04741382E+000
   3234.41147   1.20006000E+000
   3233.07769   1.39168468E+000
   3231.74391   1.63679735E+000
   3230.41014   1.95707034E+000
   3229.07636   2.38569859E+000
   3227.74258   2.97472598E+000
   3226.40880   3.80703317E+000
   3225.07503   5.01365317E+000
   3223.74125   6.78684364E+000
   3222.40747   9.32971126E+000
   3221.07369   1.25354578E+001
   3219.73991   1.52123217E+001
   3218.40614   1.53070817E+001
   3217.07236   1.27947374E+001
   3215.73858   9.72789155E+000
   3214.40480   7.33167862E+000
   3213.07102   5.73474565E+000
   3211.73725   4.74946901E+000
   3210.40347   4.20333231E+000
   3209.06969   3.99589215E+000
   3207.73591   4.09132734E+000
   3206.40213   4.50182331E+000
   3205.06836   5.24534732E+000
   3203.73458   6.21705556E+000
   3202.40080   7.06230862E+000
   3201.06702   7.58488249E+000
   3199.73324   8.23024803E+000
   3198.39947   9.46293042E+000
   3197.06569   1.10248605E+001
   3195.73191   1.17114586E+001
   3194.39813   1.06880440E+001
   3193.06435   8.88845156E+000
   3191.73058   7.47813809E+000
   3190.39680   6.81109357E+000
   3189.06302   6.73970132E+000
   3187.72924   6.75369557E+000
   3186.39547   6.25604882E+000
   3185.06169   5.33116107E+000
   3183.72791   4.49927907E+000
   3182.39413   4.02022878E+000
   3181.06035   3.91492434E+000
   3179.72658   4.08766558E+000
   3178.39280   4.25154075E+000
   3177.05902   4.01563203E+000
   3175.72524   3.39943823E+000
   3174.39146   2.75423056E+000
   3173.05769   2.26510631E+000
   3171.72391   1.93946665E+000
   3170.39013   1.73989888E+000
   3169.05635   1.63549432E+000
   3167.72257   1.60975006E+000
   3166.38880   1.65942744E+000
   3165.05502   1.79415735E+000
   3163.72124   2.03885506E+000
   3162.38746   2.43910168E+000
   3161.05368   3.06589611E+000
   3159.71991   3.99828722E+000
   3158.38613   5.20668547E+000
   3157.05235   6.25313021E+000
   3155.71857   6.32182908E+000
   3154.38479   5.32924513E+000
   3153.05102   4.06902097E+000
   3151.71724   3.05399366E+000
   3150.38346   2.34731345E+000
   3149.04968   1.87211243E+000
   3147.71591   1.55144351E+000
   3146.38213   1.33244819E+000
   3145.04835   1.18190172E+000
   3143.71457   1.07933578E+000
   3142.38079   1.01221808E+000
   3141.04702   9.73048039E-001
   3139.71324   9.57713655E-001
   3138.37946   9.64642719E-001
   3137.04568   9.94497015E-001
   3135.71190   1.05032045E+000
   3134.37813   1.13818842E+000
   3133.04435   1.26855468E+000
   3131.71057   1.45867944E+000
   3130.37679   1.73667865E+000
   3129.04301   2.14727071E+000
   3127.70924   2.75526307E+000
   3126.37546   3.62406900E+000
   3125.04168   4.69515900E+000
   3123.70790   5.53036715E+000
   3122.37412   5.47876677E+000
   3121.04035   4.64089380E+000
   3119.70657   3.69815180E+000
   3118.37279   3.00538642E+000
   3117.03901   2.58820257E+000
   3115.70524   2.39034142E+000
   3114.37146   2.36879126E+000
   3113.03768   2.51055310E+000
   3111.70390   2.83389239E+000
   3110.37012   3.38994409E+000
   3109.03635   4.25656578E+000
   3107.70257   5.47793743E+000
   3106.36879   6.86014773E+000
   3105.03501   7.82603613E+000
   3103.70123   8.06804041E+000
   3102.36746   7.93678907E+000
   3101.03368   7.60101763E+000
   3099.69990   7.20049202E+000
   3098.36612   7.02349281E+000
   3097.03234   6.87163022E+000
   3095.69857   6.23800180E+000
   3094.36479   5.22868182E+000
   3093.03101   4.34522738E+000
   3091.69723   3.82124138E+000
   3090.36345   3.67308265E+000
   3089.02968   3.85467802E+000
   3087.69590   4.20948782E+000
   3086.36212   4.34390046E+000
   3085.02834   3.93964772E+000
   3083.69456   3.23449385E+000
   3082.36079   2.59338841E+000
   3081.02701   2.13025938E+000
   3079.69323   1.82134374E+000
   3078.35945   1.62219901E+000
   3077.02568   1.49928309E+000
   3075.69190   1.43137870E+000
   3074.35812   1.40602126E+000
   3073.02434   1.41655496E+000
   3071.69056   1.46036856E+000
   3070.35679   1.53802966E+000
   3069.02301   1.65306916E+000
   3067.68923   1.81231740E+000
   3066.35545   2.02684440E+000
   3065.02167   2.31372780E+000
   3063.68790   2.69911202E+000
   3062.35412   3.22339094E+000
   3061.02034   3.94983833E+000
   3059.68656   4.97813904E+000
   3058.35278   6.46108076E+000
   3057.01901   8.60303306E+000
   3055.68523   1.15449024E+001
   3054.35145   1.49436350E+001
   3053.01767   1.76533016E+001
   3051.68389   1.91534295E+001
   3050.35012   2.04957291E+001
   3049.01634   2.16946940E+001
   3047.68256   2.09112541E+001
   3046.34878   1.75325396E+001
   3045.01501   1.32922504E+001
   3043.68123   9.73847329E+000
   3042.34745   7.19339780E+000
   3041.01367   5.44367562E+000
   3039.67989   4.23255207E+000
   3038.34612   3.37472495E+000
   3037.01234   2.75070676E+000
   3035.67856   2.28492150E+000
   3034.34478   1.92901305E+000
   3033.01100   1.65135440E+000
   3031.67723   1.43074252E+000
   3030.34345   1.25261158E+000
   3029.00967   1.10672322E+000
   3027.67589   9.85727587E-001
   3026.34211   8.84246243E-001
   3025.00834   7.98274279E-001
   3023.67456   7.24782128E-001
   3022.34078   6.61444965E-001
   3021.00700   6.06455370E-001
   3019.67322   5.58391369E-001
   3018.33945   5.16121997E-001
   3017.00567   4.78738726E-001
   3015.67189   4.45504979E-001
   3014.33811   4.15818504E-001
   3013.00433   3.89183005E-001
   3011.67056   3.65186512E-001
   3010.33678   3.43484732E-001
   3009.00300   3.23788113E-001
   3007.66922   3.05851698E-001
   3006.33545   2.89467113E-001
   3005.00167   2.74456185E-001
   3003.66789   2.60665818E-001
   3002.33411   2.47963864E-001
   3001.00033   2.36235758E-001
   2999.66656   2.25381779E-001
   2998.33278   2.15314785E-001
   2996.99900   2.05958350E-001
   2995.66522   1.97245212E-001
   2994.33144   1.89115981E-001
   2992.99767   1.81518049E-001
   2991.66389   1.74404682E-001
   2990.33011   1.67734239E-001
   2988.99633   1.61469520E-001
   2987.66255   1.55577206E-001
   2986.32878   1.50027378E-001
   2984.99500   1.44793108E-001
   2983.66122   1.39850104E-001
   2982.32744   1.35176404E-001
   2980.99366   1.30752109E-001
   2979.65989   1.26559156E-001
   2978.32611   1.22581116E-001
   2976.99233   1.18803016E-001
   2975.65855   1.15211189E-001
   2974.32477   1.11793136E-001
   2972.99100   1.08537408E-001
   2971.65722   1.05433501E-001
   2970.32344   1.02471761E-001
   2968.98966   9.96433068E-002
   2967.65589   9.69399513E-002
   2966.32211   9.43541394E-002
   2964.98833   9.18788887E-002
   2963.65455   8.95077383E-002
   2962.32077   8.72347017E-002
   2960.98700   8.50542256E-002
   2959.65322   8.29611521E-002
   2958.31944   8.09506851E-002
   2956.98566   7.90183601E-002
   2955.65188   7.71600163E-002
   2954.31811   7.53717725E-002
   2952.98433   7.36500039E-002
   2951.65055   7.19913224E-002
   2950.31677   7.03925576E-002
   2948.98299   6.88507403E-002
   2947.64922   6.73630871E-002
   2946.31544   6.59269864E-002
   2944.98166   6.45399857E-002
   2943.64788   6.31997799E-002
   2942.31410   6.19042009E-002
   2940.98033   6.06512076E-002
   2939.64655   5.94388767E-002
   2938.31277   5.82653952E-002
   2936.97899   5.71290521E-002
   2935.64522   5.60282321E-002
   2934.31144   5.49614086E-002
   2932.97766   5.39271382E-002
   2931.64388   5.29240552E-002
   2930.31010   5.19508665E-002
   2928.97633   5.10063468E-002
   2927.64255   5.00893345E-002
   2926.30877   4.91987280E-002
   2924.97499   4.83334811E-002
   2923.64121   4.74926008E-002
   2922.30744   4.66751428E-002
   2920.97366   4.58802098E-002
   2919.63988   4.51069477E-002
   2918.30610   4.43545438E-002
   2916.97232   4.36222240E-002
   2915.63855   4.29092505E-002
   2914.30477   4.22149203E-002
   2912.97099   4.15385624E-002
   2911.63721   4.08795369E-002
   2910.30343   4.02372326E-002
   2908.96966   3.96110657E-002
   2907.63588   3.90004783E-002
   2906.30210   3.84049372E-002
   2904.96832   3.78239321E-002
   2903.63454   3.72569750E-002
   2902.30077   3.67035985E-002
   2900.96699   3.61633551E-002
   2899.63321   3.56358159E-002
   2898.29943   3.51205701E-002
   2896.96566   3.46172235E-002
   2895.63188   3.41253981E-002
   2894.29810   3.36447312E-002
   2892.96432   3.31748746E-002
   2891.63054   3.27154940E-002
   2890.29677   3.22662681E-002
   2888.96299   3.18268882E-002
   2887.62921   3.13970576E-002
   2886.29543   3.09764909E-002
   2884.96165   3.05649136E-002
   2883.62788   3.01620617E-002
   2882.29410   2.97676807E-002
   2880.96032   2.93815259E-002
   2879.62654   2.90033615E-002
   2878.29276   2.86329601E-002
   2876.95899   2.82701029E-002
   2875.62521   2.79145787E-002
   2874.29143   2.75661838E-002
   2872.95765   2.72247219E-002
   2871.62387   2.68900035E-002
   2870.29010   2.65618456E-002
   2868.95632   2.62400717E-002
   2867.62254   2.59245111E-002
   2866.28876   2.56149992E-002
   2864.95498   2.53113768E-002
   2863.62121   2.50134899E-002
   2862.28743   2.47211900E-002
   2860.95365   2.44343331E-002
   2859.61987   2.41527802E-002
   2858.28610   2.38763967E-002
   2856.95232   2.36050523E-002
   2855.61854   2.33386211E-002
   2854.28476   2.30769810E-002
   2852.95098   2.28200138E-002
   2851.61721   2.25676051E-002
   2850.28343   2.23196440E-002
   2848.94965   2.20760231E-002
   2847.61587   2.18366381E-002
   2846.28209   2.16013882E-002
   2844.94832   2.13701755E-002
   2843.61454   2.11429049E-002
   2842.28076   2.09194845E-002
   2840.94698   2.06998248E-002
   2839.61320   2.04838392E-002
   2838.27943   2.02714435E-002
   2836.94565   2.00625560E-002
   2835.61187   1.98570972E-002
   2834.27809   1.96549903E-002
   2832.94431   1.94561603E-002
   2831.61054   1.92605345E-002
   2830.27676   1.90680422E-002
   2828.94298   1.88786148E-002
   2827.60920   1.86921855E-002
   2826.27543   1.85086894E-002
   2824.94165   1.83280634E-002
   2823.60787   1.81502461E-002
   2822.27409   1.79751777E-002
   2820.94031   1.78028003E-002
   2819.60654   1.76330571E-002
   2818.27276   1.74658934E-002
   2816.93898   1.73012553E-002
   2815.60520   1.71390910E-002
   2814.27142   1.69793494E-002
   2812.93765   1.68219813E-002
   2811.60387   1.66669385E-002
   2810.27009   1.65141740E-002
   2808.93631   1.63636421E-002
   2807.60253   1.62152984E-002
   2806.26876   1.60690994E-002
   2804.93498   1.59250028E-002
   2803.60120   1.57829673E-002
   2802.26742   1.56429527E-002
   2800.93364   1.55049199E-002
   2799.59987   1.53688305E-002
   2798.26609   1.52346473E-002
   2796.93231   1.51023339E-002
   2795.59853   1.49718547E-002
   2794.26475   1.48431752E-002
   2792.93098   1.47162615E-002
   2791.59720   1.45910805E-002
   2790.26342   1.44676001E-002
   2788.92964   1.43457888E-002
   2787.59587   1.42256160E-002
   2786.26209   1.41070515E-002
   2784.92831   1.39900661E-002
   2783.59453   1.38746312E-002
   2782.26075   1.37607188E-002
   2780.92698   1.36483017E-002
   2779.59320   1.35373531E-002
   2778.25942   1.34278469E-002
   2776.92564   1.33197577E-002
   2775.59186   1.32130605E-002
   2774.25809   1.31077309E-002
   2772.92431   1.30037453E-002
   2771.59053   1.29010801E-002
   2770.25675   1.27997128E-002
   2768.92297   1.26996210E-002
   2767.58920   1.26007829E-002
   2766.25542   1.25031772E-002
   2764.92164   1.24067830E-002
   2763.58786   1.23115801E-002
   2762.25408   1.22175483E-002
   2760.92031   1.21246681E-002
   2759.58653   1.20329205E-002
   2758.25275   1.19422867E-002
   2756.91897   1.18527483E-002
   2755.58520   1.17642875E-002
   2754.25142   1.16768867E-002
   2752.91764   1.15905286E-002
   2751.58386   1.15051964E-002
   2750.25008   1.14208737E-002
   2748.91631   1.13375443E-002
   2747.58253   1.12551922E-002
   2746.24875   1.11738021E-002
   2744.91497   1.10933588E-002
   2743.58119   1.10138472E-002
   2742.24742   1.09352529E-002
   2740.91364   1.08575615E-002
   2739.57986   1.07807591E-002
   2738.24608   1.07048318E-002
   2736.91230   1.06297662E-002
   2735.57853   1.05555492E-002
   2734.24475   1.04821677E-002
   2732.91097   1.04096091E-002
   2731.57719   1.03378609E-002
   2730.24341   1.02669109E-002
   2728.90964   1.01967471E-002
   2727.57586   1.01273578E-002
   2726.24208   1.00587315E-002
   2724.90830   9.99085680E-003
   2723.57452   9.92372269E-003
   2722.24075   9.85731828E-003
   2720.90697   9.79163287E-003
   2719.57319   9.72665599E-003
   2718.23941   9.66237736E-003
   2716.90564   9.59878688E-003
   2715.57186   9.53587464E-003
   2714.23808   9.47363092E-003
   2712.90430   9.41204617E-003
   2711.57052   9.35111101E-003
   2710.23675   9.29081625E-003
   2708.90297   9.23115284E-003
   2707.56919   9.17211191E-003
   2706.23541   9.11368475E-003
   2704.90163   9.05586278E-003
   2703.56786   8.99863762E-003
   2702.23408   8.94200099E-003
   2700.90030   8.88594479E-003
   2699.56652   8.83046104E-003
   2698.23274   8.77554191E-003
   2696.89897   8.72117972E-003
   2695.56519   8.66736689E-003
   2694.23141   8.61409601E-003
   2692.89763   8.56135977E-003
   2691.56385   8.50915099E-003
   2690.23008   8.45746262E-003
   2688.89630   8.40628774E-003
   2687.56252   8.35561952E-003
   2686.22874   8.30545128E-003
   2684.89496   8.25577641E-003
   2683.56119   8.20658846E-003
   2682.22741   8.15788105E-003
   2680.89363   8.10964793E-003
   2679.55985   8.06188293E-003
   2678.22608   8.01458001E-003
   2676.89230   7.96773321E-003
   2675.55852   7.92133668E-003
   2674.22474   7.87538466E-003
   2672.89096   7.82987148E-003
   2671.55719   7.78479158E-003
   2670.22341   7.74013946E-003
   2668.88963   7.69590974E-003
   2667.55585   7.65209711E-003
   2666.22207   7.60869635E-003
   2664.88830   7.56570233E-003
   2663.55452   7.52310997E-003
   2662.22074   7.48091433E-003
   2660.88696   7.43911048E-003
   2659.55318   7.39769363E-003
   2658.21941   7.35665902E-003
   2656.88563   7.31600198E-003
   2655.55185   7.27571793E-003
   2654.21807   7.23580234E-003
   2652.88429   7.19625075E-003
   2651.55052   7.15705879E-003
   2650.21674   7.11822213E-003
   2648.88296   7.07973652E-003
   2647.54918   7.04159779E-003
   2646.21541   7.00380180E-003
   2644.88163   6.96634451E-003
   2643.54785   6.92922191E-003
   2642.21407   6.89243008E-003
   2640.88029   6.85596512E-003
   2639.54652   6.81982324E-003
   2638.21274   6.78400066E-003
   2636.87896   6.74849368E-003
   2635.54518   6.71329865E-003
   2634.21140   6.67841198E-003
   2632.87763   6.64383013E-003
   2631.54385   6.60954960E-003
   2630.21007   6.57556696E-003
   2628.87629   6.54187883E-003
   2627.54251   6.50848186E-003
   2626.20874   6.47537276E-003
   2624.87496   6.44254830E-003
   2623.54118   6.41000528E-003
   2622.20740   6.37774055E-003
   2620.87362   6.34575101E-003
   2619.53985   6.31403360E-003
   2618.20607   6.28258531E-003
   2616.87229   6.25140316E-003
   2615.53851   6.22048424E-003
   2614.20473   6.18982564E-003
   2612.87096   6.15942453E-003
   2611.53718   6.12927810E-003
   2610.20340   6.09938359E-003
   2608.86962   6.06973826E-003
   2607.53585   6.04033942E-003
   2606.20207   6.01118443E-003
   2604.86829   5.98227068E-003
   2603.53451   5.95359557E-003
   2602.20073   5.92515657E-003
   2600.86696   5.89695117E-003
   2599.53318   5.86897691E-003
   2598.19940   5.84123133E-003
   2596.86562   5.81371203E-003
   2595.53184   5.78641665E-003
   2594.19807   5.75934284E-003
   2592.86429   5.73248829E-003
   2591.53051   5.70585073E-003
   2590.19673   5.67942790E-003
   2588.86295   5.65321760E-003
   2587.52918   5.62721763E-003
   2586.19540   5.60142584E-003
   2584.86162   5.57584010E-003
   2583.52784   5.55045831E-003
   2582.19406   5.52527840E-003
   2580.86029   5.50029833E-003
   2579.52651   5.47551607E-003
   2578.19273   5.45092963E-003
   2576.85895   5.42653706E-003
   2575.52518   5.40233641E-003
   2574.19140   5.37832577E-003
   2572.85762   5.35450325E-003
   2571.52384   5.33086699E-003
   2570.19006   5.30741514E-003
   2568.85629   5.28414590E-003
   2567.52251   5.26105747E-003
   2566.18873   5.23814807E-003
   2564.85495   5.21541597E-003
   2563.52117   5.19285944E-003
   2562.18740   5.17047679E-003
   2560.85362   5.14826631E-003
   2559.51984   5.12622637E-003
   2558.18606   5.10435533E-003
   2556.85228   5.08265155E-003
   2555.51851   5.06111346E-003
   2554.18473   5.03973948E-003
   2552.85095   5.01852804E-003
   2551.51717   4.99747761E-003
   2550.18339   4.97658667E-003
   2548.84962   4.95585373E-003
   2547.51584   4.93527731E-003
   2546.18206   4.91485594E-003
   2544.84828   4.89458818E-003
   2543.51450   4.87447261E-003
   2542.18073   4.85450782E-003
   2540.84695   4.83469242E-003
   2539.51317   4.81502503E-003
   2538.17939   4.79550431E-003
   2536.84562   4.77612890E-003
   2535.51184   4.75689749E-003
   2534.17806   4.73780878E-003
   2532.84428   4.71886146E-003
   2531.51050   4.70005427E-003
   2530.17673   4.68138594E-003
   2528.84295   4.66285524E-003
   2527.50917   4.64446092E-003
   2526.17539   4.62620178E-003
   2524.84161   4.60807662E-003
   2523.50784   4.59008425E-003
   2522.17406   4.57222350E-003
   2520.84028   4.55449322E-003
   2519.50650   4.53689225E-003
   2518.17272   4.51941948E-003
   2516.83895   4.50207378E-003
   2515.50517   4.48485405E-003
   2514.17139   4.46775920E-003
   2512.83761   4.45078815E-003
   2511.50383   4.43393985E-003
   2510.17006   4.41721323E-003
   2508.83628   4.40060726E-003
   2507.50250   4.38412092E-003
   2506.16872   4.36775318E-003
   2504.83494   4.35150304E-003
   2503.50117   4.33536952E-003
   2502.16739   4.31935163E-003
   2500.83361   4.30344841E-003
   2499.49983   4.28765889E-003
   2498.16606   4.27198214E-003
   2496.83228   4.25641721E-003
   2495.49850   4.24096319E-003
   2494.16472   4.22561915E-003
   2492.83094   4.21038420E-003
   2491.49717   4.19525745E-003
   2490.16339   4.18023800E-003
   2488.82961   4.16532500E-003
   2487.49583   4.15051758E-003
   2486.16205   4.13581488E-003
   2484.82828   4.12121607E-003
   2483.49450   4.10672030E-003
   2482.16072   4.09232677E-003
   2480.82694   4.07803465E-003
   2479.49316   4.06384314E-003
   2478.15939   4.04975144E-003
   2476.82561   4.03575877E-003
   2475.49183   4.02186436E-003
   2474.15805   4.00806743E-003
   2472.82427   3.99436722E-003
   2471.49050   3.98076298E-003
   2470.15672   3.96725397E-003
   2468.82294   3.95383945E-003
   2467.48916   3.94051871E-003
   2466.15539   3.92729102E-003
   2464.82161   3.91415566E-003
   2463.48783   3.90111195E-003
   2462.15405   3.88815918E-003
   2460.82027   3.87529668E-003
   2459.48650   3.86252375E-003
   2458.15272   3.84983974E-003
   2456.81894   3.83724397E-003
   2455.48516   3.82473580E-003
   2454.15138   3.81231457E-003
   2452.81761   3.79997964E-003
   2451.48383   3.78773039E-003
   2450.15005   3.77556617E-003
   2448.81627   3.76348638E-003
   2447.48249   3.75149039E-003
   2446.14872   3.73957761E-003
   2444.81494   3.72774743E-003
   2443.48116   3.71599926E-003
   2442.14738   3.70433252E-003
   2440.81360   3.69274662E-003
   2439.47983   3.68124100E-003
   2438.14605   3.66981508E-003
   2436.81227   3.65846831E-003
   2435.47849   3.64720012E-003
   2434.14471   3.63600999E-003
   2432.81094   3.62489735E-003
   2431.47716   3.61386168E-003
   2430.14338   3.60290245E-003
   2428.80960   3.59201912E-003
   2427.47583   3.58121120E-003
   2426.14205   3.57047815E-003
   2424.80827   3.55981948E-003
   2423.47449   3.54923469E-003
   2422.14071   3.53872327E-003
   2420.80694   3.52828475E-003
   2419.47316   3.51791863E-003
   2418.13938   3.50762444E-003
   2416.80560   3.49740170E-003
   2415.47182   3.48724994E-003
   2414.13805   3.47716871E-003
   2412.80427   3.46715754E-003
   2411.47049   3.45721598E-003
   2410.13671   3.44734359E-003
   2408.80293   3.43753992E-003
   2407.46916   3.42780453E-003
   2406.13538   3.41813699E-003
   2404.80160   3.40853688E-003
   2403.46782   3.39900377E-003
   2402.13404   3.38953725E-003
   2400.80027   3.38013689E-003
   2399.46649   3.37080229E-003
   2398.13271   3.36153305E-003
   2396.79893   3.35232877E-003
   2395.46516   3.34318906E-003
   2394.13138   3.33411351E-003
   2392.79760   3.32510175E-003
   2391.46382   3.31615340E-003
   2390.13004   3.30726808E-003
   2388.79627   3.29844541E-003
   2387.46249   3.28968503E-003
   2386.12871   3.28098658E-003
   2384.79493   3.27234969E-003
   2383.46115   3.26377400E-003
   2382.12738   3.25525918E-003
   2380.79360   3.24680486E-003
   2379.45982   3.23841071E-003
   2378.12604   3.23007639E-003
   2376.79226   3.22180156E-003
   2375.45849   3.21358589E-003
   2374.12471   3.20542905E-003
   2372.79093   3.19733073E-003
   2371.45715   3.18929059E-003
   2370.12337   3.18130833E-003
   2368.78960   3.17338363E-003
   2367.45582   3.16551619E-003
   2366.12204   3.15770569E-003
   2364.78826   3.14995185E-003
   2363.45448   3.14225436E-003
   2362.12071   3.13461293E-003
   2360.78693   3.12702727E-003
   2359.45315   3.11949710E-003
   2358.11937   3.11202212E-003
   2356.78560   3.10460207E-003
   2355.45182   3.09723667E-003
   2354.11804   3.08992564E-003
   2352.78426   3.08266872E-003
   2351.45048   3.07546564E-003
   2350.11671   3.06831614E-003
   2348.78293   3.06121997E-003
   2347.44915   3.05417686E-003
   2346.11537   3.04718657E-003
   2344.78159   3.04024884E-003
   2343.44782   3.03336344E-003
   2342.11404   3.02653013E-003
   2340.78026   3.01974865E-003
   2339.44648   3.01301879E-003
   2338.11270   3.00634030E-003
   2336.77893   2.99971296E-003
   2335.44515   2.99313655E-003
   2334.11137   2.98661084E-003
   2332.77759   2.98013560E-003
   2331.44381   2.97371064E-003
   2330.11004   2.96733572E-003
   2328.77626   2.96101065E-003
   2327.44248   2.95473522E-003
   2326.10870   2.94850922E-003
   2324.77492   2.94233246E-003
   2323.44115   2.93620473E-003
   2322.10737   2.93012583E-003
   2320.77359   2.92409559E-003
   2319.43981   2.91811381E-003
   2318.10604   2.91218031E-003
   2316.77226   2.90629489E-003
   2315.43848   2.90045740E-003
   2314.10470   2.89466763E-003
   2312.77092   2.88892543E-003
   2311.43715   2.88323062E-003
   2310.10337   2.87758304E-003
   2308.76959   2.87198251E-003
   2307.43581   2.86642888E-003
   2306.10203   2.86092198E-003
   2304.76826   2.85546167E-003
   2303.43448   2.85004778E-003
   2302.10070   2.84468017E-003
   2300.76692   2.83935869E-003
   2299.43314   2.83408319E-003
   2298.09937   2.82885353E-003
   2296.76559   2.82366957E-003
   2295.43181   2.81853118E-003
   2294.09803   2.81343821E-003
   2292.76425   2.80839055E-003
   2291.43048   2.80338805E-003
   2290.09670   2.79843061E-003
   2288.76292   2.79351808E-003
   2287.42914   2.78865035E-003
   2286.09537   2.78382731E-003
   2284.76159   2.77904885E-003
   2283.42781   2.77431483E-003
   2282.09403   2.76962517E-003
   2280.76025   2.76497975E-003
   2279.42648   2.76037848E-003
   2278.09270   2.75582124E-003
   2276.75892   2.75130794E-003
   2275.42514   2.74683848E-003
   2274.09136   2.74241278E-003
   2272.75759   2.73803075E-003
   2271.42381   2.73369229E-003
   2270.09003   2.72939732E-003
   2268.75625   2.72514576E-003
   2267.42247   2.72093753E-003
   2266.08870   2.71677256E-003
   2264.75492   2.71265077E-003
   2263.42114   2.70857209E-003
   2262.08736   2.70453646E-003
   2260.75358   2.70054380E-003
   2259.41981   2.69659406E-003
   2258.08603   2.69268718E-003
   2256.75225   2.68882310E-003
   2255.41847   2.68500176E-003
   2254.08469   2.68122312E-003
   2252.75092   2.67748713E-003
   2251.41714   2.67379373E-003
   2250.08336   2.67014290E-003
   2248.74958   2.66653459E-003
   2247.41581   2.66296876E-003
   2246.08203   2.65944537E-003
   2244.74825   2.65596440E-003
   2243.41447   2.65252582E-003
   2242.08069   2.64912961E-003
   2240.74692   2.64577573E-003
   2239.41314   2.64246417E-003
   2238.07936   2.63919492E-003
   2236.74558   2.63596795E-003
   2235.41180   2.63278327E-003
   2234.07803   2.62964085E-003
   2232.74425   2.62654070E-003
   2231.41047   2.62348281E-003
   2230.07669   2.62046718E-003
   2228.74291   2.61749383E-003
   2227.40914   2.61456274E-003
   2226.07536   2.61167395E-003
   2224.74158   2.60882745E-003
   2223.40780   2.60602326E-003
   2222.07402   2.60326141E-003
   2220.74025   2.60054191E-003
   2219.40647   2.59786479E-003
   2218.07269   2.59523009E-003
   2216.73891   2.59263782E-003
   2215.40514   2.59008803E-003
   2214.07136   2.58758076E-003
   2212.73758   2.58511605E-003
   2211.40380   2.58269393E-003
   2210.07002   2.58031447E-003
   2208.73625   2.57797771E-003
   2207.40247   2.57568370E-003
   2206.06869   2.57343251E-003
   2204.73491   2.57122419E-003
   2203.40113   2.56905882E-003
   2202.06736   2.56693646E-003
   2200.73358   2.56485718E-003
   2199.39980   2.56282106E-003
   2198.06602   2.56082818E-003
   2196.73224   2.55887862E-003
   2195.39847   2.55697247E-003
   2194.06469   2.55510981E-003
   2192.73091   2.55329075E-003
   2191.39713   2.55151538E-003
   2190.06335   2.54978380E-003
   2188.72958   2.54809611E-003
   2187.39580   2.54645244E-003
   2186.06202   2.54485288E-003
   2184.72824   2.54329756E-003
   2183.39446   2.54178660E-003
   2182.06069   2.54032012E-003
   2180.72691   2.53889826E-003
   2179.39313   2.53752114E-003
   2178.05935   2.53618891E-003
   2176.72558   2.53490170E-003
   2175.39180   2.53365967E-003
   2174.05802   2.53246296E-003
   2172.72424   2.53131173E-003
   2171.39046   2.53020614E-003
   2170.05669   2.52914636E-003
   2168.72291   2.52813254E-003
   2167.38913   2.52716487E-003
   2166.05535   2.52624352E-003
   2164.72157   2.52536868E-003
   2163.38780   2.52454053E-003
   2162.05402   2.52375927E-003
   2160.72024   2.52302509E-003
   2159.38646   2.52233819E-003
   2158.05268   2.52169879E-003
   2156.71891   2.52110709E-003
   2155.38513   2.52056332E-003
   2154.05135   2.52006770E-003
   2152.71757   2.51962045E-003
   2151.38379   2.51922181E-003
   2150.05002   2.51887201E-003
   2148.71624   2.51857132E-003
   2147.38246   2.51831997E-003
   2146.04868   2.51811822E-003
   2144.71490   2.51796633E-003
   2143.38113   2.51786458E-003
   2142.04735   2.51781324E-003
   2140.71357   2.51781259E-003
   2139.37979   2.51786291E-003
   2138.04602   2.51796450E-003
   2136.71224   2.51811766E-003
   2135.37846   2.51832269E-003
   2134.04468   2.51857992E-003
   2132.71090   2.51888965E-003
   2131.37713   2.51925222E-003
   2130.04335   2.51966795E-003
   2128.70957   2.52013720E-003
   2127.37579   2.52066030E-003
   2126.04201   2.52123762E-003
   2124.70824   2.52186951E-003
   2123.37446   2.52255635E-003
   2122.04068   2.52329851E-003
   2120.70690   2.52409638E-003
   2119.37312   2.52495036E-003
   2118.03935   2.52586084E-003
   2116.70557   2.52682824E-003
   2115.37179   2.52785298E-003
   2114.03801   2.52893548E-003
   2112.70423   2.53007619E-003
   2111.37046   2.53127553E-003
   2110.03668   2.53253398E-003
   2108.70290   2.53385199E-003
   2107.36912   2.53523004E-003
   2106.03535   2.53666861E-003
   2104.70157   2.53816819E-003
   2103.36779   2.53972928E-003
   2102.03401   2.54135239E-003
   2100.70023   2.54303806E-003
   2099.36646   2.54478681E-003
   2098.03268   2.54659918E-003
   2096.69890   2.54847574E-003
   2095.36512   2.55041704E-003
   2094.03134   2.55242367E-003
   2092.69757   2.55449621E-003
   2091.36379   2.55663526E-003
   2090.03001   2.55884145E-003
   2088.69623   2.56111539E-003
   2087.36245   2.56345771E-003
   2086.02868   2.56586909E-003
   2084.69490   2.56835016E-003
   2083.36112   2.57090162E-003
   2082.02734   2.57352416E-003
   2080.69356   2.57621847E-003
   2079.35979   2.57898529E-003
   2078.02601   2.58182533E-003
   2076.69223   2.58473936E-003
   2075.35845   2.58772813E-003
   2074.02467   2.59079242E-003
   2072.69090   2.59393304E-003
   2071.35712   2.59715078E-003
   2070.02334   2.60044648E-003
   2068.68956   2.60382098E-003
   2067.35579   2.60727514E-003
   2066.02201   2.61080985E-003
   2064.68823   2.61442599E-003
   2063.35445   2.61812449E-003
   2062.02067   2.62190628E-003
   2060.68690   2.62577232E-003
   2059.35312   2.62972357E-003
   2058.01934   2.63376104E-003
   2056.68556   2.63788573E-003
   2055.35178   2.64209868E-003
   2054.01801   2.64640095E-003
   2052.68423   2.65079362E-003
   2051.35045   2.65527779E-003
   2050.01667   2.65985458E-003
   2048.68289   2.66452515E-003
   2047.34912   2.66929066E-003
   2046.01534   2.67415232E-003
   2044.68156   2.67911134E-003
   2043.34778   2.68416899E-003
   2042.01400   2.68932652E-003
   2040.68023   2.69458525E-003
   2039.34645   2.69994651E-003
   2038.01267   2.70541165E-003
   2036.67889   2.71098208E-003
   2035.34512   2.71665920E-003
   2034.01134   2.72244447E-003
   2032.67756   2.72833937E-003
   2031.34378   2.73434542E-003
   2030.01000   2.74046416E-003
   2028.67623   2.74669718E-003
   2027.34245   2.75304610E-003
   2026.00867   2.75951257E-003
   2024.67489   2.76609828E-003
   2023.34111   2.77280496E-003
   2022.00734   2.77963438E-003
   2020.67356   2.78658834E-003
   2019.33978   2.79366870E-003
   2018.00600   2.80087735E-003
   2016.67222   2.80821622E-003
   2015.33845   2.81568730E-003
   2014.00467   2.82329260E-003
   2012.67089   2.83103419E-003
   2011.33711   2.83891421E-003
   2010.00333   2.84693482E-003
   2008.66956   2.85509823E-003
   2007.33578   2.86340673E-003
   2006.00200   2.87186265E-003
   2004.66822   2.88046835E-003
   2003.33444   2.88922629E-003
   2002.00067   2.89813897E-003
   2000.66689   2.90720894E-003
   1999.33311   2.91643882E-003
   1997.99933   2.92583131E-003
   1996.66556   2.93538914E-003
   1995.33178   2.94511515E-003
   1993.99800   2.95501222E-003
   1992.66422   2.96508331E-003
   1991.33044   2.97533146E-003
   1989.99667   2.98575978E-003
   1988.66289   2.99637146E-003
   1987.32911   3.00716977E-003
   1985.99533   3.01815806E-003
   1984.66155   3.02933979E-003
   1983.32778   3.04071848E-003
   1981.99400   3.05229774E-003
   1980.66022   3.06408131E-003
   1979.32644   3.07607299E-003
   1977.99266   3.08827671E-003
   1976.65889   3.10069647E-003
   1975.32511   3.11333640E-003
   1973.99133   3.12620076E-003
   1972.65755   3.13929387E-003
   1971.32377   3.15262023E-003
   1969.99000   3.16618442E-003
   1968.65622   3.17999116E-003
   1967.32244   3.19404530E-003
   1965.98866   3.20835182E-003
   1964.65488   3.22291586E-003
   1963.32111   3.23774268E-003
   1961.98733   3.25283770E-003
   1960.65355   3.26820649E-003
   1959.31977   3.28385479E-003
   1957.98600   3.29978850E-003
   1956.65222   3.31601368E-003
   1955.31844   3.33253659E-003
   1953.98466   3.34936366E-003
   1952.65088   3.36650152E-003
   1951.31711   3.38395698E-003
   1949.98333   3.40173707E-003
   1948.64955   3.41984903E-003
   1947.31577   3.43830032E-003
   1945.98199   3.45709864E-003
   1944.64822   3.47625189E-003
   1943.31444   3.49576827E-003
   1941.98066   3.51565619E-003
   1940.64688   3.53592435E-003
   1939.31310   3.55658172E-003
   1937.97933   3.57763756E-003
   1936.64555   3.59910142E-003
   1935.31177   3.62098317E-003
   1933.97799   3.64329300E-003
   1932.64421   3.66604143E-003
   1931.31044   3.68923933E-003
   1929.97666   3.71289794E-003
   1928.64288   3.73702887E-003
   1927.30910   3.76164414E-003
   1925.97533   3.78675615E-003
   1924.64155   3.81237777E-003
   1923.30777   3.83852228E-003
   1921.97399   3.86520344E-003
   1920.64021   3.89243550E-003
   1919.30644   3.92023321E-003
   1917.97266   3.94861185E-003
   1916.63888   3.97758725E-003
   1915.30510   4.00717582E-003
   1913.97132   4.03739458E-003
   1912.63755   4.06826116E-003
   1911.30377   4.09979388E-003
   1909.96999   4.13201173E-003
   1908.63621   4.16493442E-003
   1907.30243   4.19858242E-003
   1905.96866   4.23297699E-003
   1904.63488   4.26814024E-003
   1903.30110   4.30409512E-003
   1901.96732   4.34086550E-003
   1900.63354   4.37847623E-003
   1899.29977   4.41695314E-003
   1897.96599   4.45632312E-003
   1896.63221   4.49661417E-003
   1895.29843   4.53785546E-003
   1893.96465   4.58007738E-003
   1892.63088   4.62331161E-003
   1891.29710   4.66759118E-003
   1889.96332   4.71295056E-003
   1888.62954   4.75942572E-003
   1887.29577   4.80705421E-003
   1885.96199   4.85587525E-003
   1884.62821   4.90592985E-003
   1883.29443   4.95726085E-003
   1881.96065   5.00991307E-003
   1880.62688   5.06393343E-003
   1879.29310   5.11937102E-003
   1877.95932   5.17627728E-003
   1876.62554   5.23470610E-003
   1875.29176   5.29471398E-003
   1873.95799   5.35636020E-003
   1872.62421   5.41970696E-003
   1871.29043   5.48481960E-003
   1869.95665   5.55176673E-003
   1868.62287   5.62062052E-003
   1867.28910   5.69145685E-003
   1865.95532   5.76435558E-003
   1864.62154   5.83940083E-003
   1863.28776   5.91668123E-003
   1861.95398   5.99629022E-003
   1860.62021   6.07832638E-003
   1859.28643   6.16289381E-003
   1857.95265   6.25010246E-003
   1856.61887   6.34006858E-003
   1855.28510   6.43291515E-003
   1853.95132   6.52877236E-003
   1852.61754   6.62777816E-003
   1851.28376   6.73007877E-003
   1849.94998   6.83582940E-003
   1848.61621   6.94519483E-003
   1847.28243   7.05835021E-003
   1845.94865   7.17548184E-003
   1844.61487   7.29678805E-003
   1843.28109   7.42248020E-003
   1841.94732   7.55278369E-003
   1840.61354   7.68793917E-003
   1839.27976   7.82820377E-003
   1837.94598   7.97385254E-003
   1836.61220   8.12518001E-003
   1835.27843   8.28250185E-003
   1833.94465   8.44615681E-003
   1832.61087   8.61650880E-003
   1831.27709   8.79394920E-003
   1829.94331   8.97889946E-003
   1828.60954   9.17181397E-003
   1827.27576   9.37318323E-003
   1825.94198   9.58353748E-003
   1824.60820   9.80345064E-003
   1823.27442   1.00335449E-002
   1821.94065   1.02744955E-002
   1820.60687   1.05270368E-002
   1819.27309   1.07919685E-002
   1817.93931   1.10701626E-002
   1816.60554   1.13625720E-002
   1815.27176   1.16702399E-002
   1813.93798   1.19943098E-002
   1812.60420   1.23360384E-002
   1811.27042   1.26968089E-002
   1809.93665   1.30781475E-002
   1808.60287   1.34817412E-002
   1807.26909   1.39094596E-002
   1805.93531   1.43633793E-002
   1804.60153   1.48458126E-002
   1803.26776   1.53593410E-002
   1801.93398   1.59068545E-002
   1800.60020   1.64915976E-002
   1799.26642   1.71172244E-002
   1797.93264   1.77878627E-002
   1796.59887   1.85081914E-002
   1795.26509   1.92835333E-002
   1793.93131   2.01199659E-002
   1792.59753   2.10244562E-002
   1791.26375   2.20050248E-002
   1789.92998   2.30709462E-002
   1788.59620   2.42329962E-002
   1787.26242   2.55037584E-002
   1785.92864   2.68980071E-002
   1784.59486   2.84331891E-002
   1783.26109   3.01300354E-002
   1781.92731   3.20133436E-002
   1780.59353   3.41129884E-002
   1779.25975   3.64652399E-002
   1777.92598   3.91145018E-002
   1776.59220   4.21156274E-002
   1775.25842   4.55370481E-002
   1773.92464   4.94650497E-002
   1772.59086   5.40097070E-002
   1771.25709   5.93132435E-002
   1769.92331   6.55620082E-002
   1768.58953   7.30039438E-002
   1767.25575   8.19745643E-002
   1765.92197   9.29363994E-002
   1764.58820   1.06540220E-001
   1763.25442   1.23722270E-001
   1761.92064   1.45862236E-001
   1760.58686   1.75045128E-001
   1759.25308   2.14501052E-001
   1757.91931   2.69338443E-001
   1756.58553   3.47692309E-001
   1755.25175   4.62100562E-001
   1753.91797   6.29045045E-001
   1752.58419   8.57265498E-001
   1751.25042   1.10332147E+000
   1749.91664   1.22404024E+000
   1748.58286   1.11449338E+000
   1747.24908   8.83853129E-001
   1745.91531   6.74531864E-001
   1744.58153   5.29258607E-001
   1743.24775   4.40252249E-001
   1741.91397   3.93086444E-001
   1740.58019   3.78356092E-001
   1739.24642   3.92694527E-001
   1737.91264   4.38376382E-001
   1736.57886   5.23229064E-001
   1735.24508   6.58864531E-001
   1733.91130   8.48555057E-001
   1732.57753   1.05212065E+000
   1731.24375   1.17766276E+000
   1729.90997   1.20717037E+000
   1728.57619   1.22225923E+000
   1727.24241   1.21463087E+000
   1725.90864   1.08836036E+000
   1724.57486   8.63203286E-001
   1723.24108   6.44712047E-001
   1721.90730   4.80021028E-001
   1720.57352   3.65459586E-001
   1719.23975   2.86367967E-001
   1717.90597   2.30745725E-001
   1716.57219   1.90614941E-001
   1715.23841   1.60909974E-001
   1713.90463   1.38405806E-001
   1712.57086   1.21009477E-001
   1711.23708   1.07329448E-001
   1709.90330   9.64174278E-002
   1708.56952   8.76119460E-002
   1707.23575   8.04416942E-002
   1705.90197   7.45644415E-002
   1704.56819   6.97275456E-002
   1703.23441   6.57418647E-002
   1701.90063   6.24641731E-002
   1700.56686   5.97850925E-002
   1699.23308   5.76206762E-002
   1697.89930   5.59064635E-002
   1696.56552   5.45932394E-002
   1695.23174   5.36439953E-002
   1693.89797   5.30317569E-002
   1692.56419   5.27380560E-002
   1691.23041   5.27518943E-002
   1689.89663   5.30691041E-002
   1688.56285   5.36920433E-002
   1687.22908   5.46295965E-002
   1685.89530   5.58974736E-002
   1684.56152   5.75188265E-002
   1683.22774   5.95252247E-002
   1681.89396   6.19580651E-002
   1680.56019   6.48705258E-002
   1679.22641   6.83302303E-002
   1677.89263   7.24228594E-002
   1676.55885   7.72570566E-002
   1675.22508   8.29711340E-002
   1673.89130   8.97423231E-002
   1672.55752   9.77996910E-002
   1671.22374   1.07442421E-001
   1669.88996   1.19066096E-001
   1668.55619   1.33201126E-001
   1667.22241   1.50570026E-001
   1665.88863   1.72174503E-001
   1664.55485   1.99430783E-001
   1663.22107   2.34384673E-001
   1661.88730   2.80061114E-001
   1660.55352   3.41043910E-001
   1659.21974   4.24449892E-001
   1657.88596   5.41556327E-001
   1656.55218   7.10365105E-001
   1655.21841   9.58755931E-001
   1653.88463   1.32392372E+000
   1652.55085   1.82799029E+000
   1651.21707   2.38115966E+000
   1649.88329   2.66541753E+000
   1648.54952   2.42161626E+000
   1647.21574   1.87806604E+000
   1645.88196   1.36711941E+000
   1644.54818   9.94322658E-001
   1643.21440   7.41752159E-001
   1641.88063   5.72137441E-001
   1640.54685   4.56990278E-001
   1639.21307   3.78020146E-001
   1637.87929   3.24084052E-001
   1636.54552   2.88650539E-001
   1635.21174   2.68285676E-001
   1633.87796   2.61936271E-001
   1632.54418   2.70796354E-001
   1631.21040   2.98522632E-001
   1629.87663   3.50911962E-001
   1628.54285   4.31302702E-001
   1627.20907   5.22743698E-001
   1625.87529   5.66519350E-001
   1624.54151   5.14573880E-001
   1623.20774   4.08399844E-001
   1621.87396   3.08895322E-001
   1620.54018   2.35366923E-001
   1619.20640   1.84409804E-001
   1617.87262   1.49054994E-001
   1616.53885   1.23945908E-001
   1615.20507   1.05592030E-001
   1613.87129   9.17945455E-002
   1612.53751   8.11586087E-002
   1611.20373   7.27805486E-002
   1609.86996   6.60599825E-002
   1608.53618   6.05878490E-002
   1607.20240   5.60788516E-002
   1605.86862   5.23298784E-002
   1604.53484   4.91938495E-002
   1603.20107   4.65629263E-002
   1601.86729   4.43575445E-002
   1600.53351   4.25191781E-002
   1599.19973   4.10055752E-002
   1597.86596   3.97877121E-002
   1596.53218   3.88480273E-002
   1595.19840   3.81797151E-002
   1593.86462   3.77870280E-002
   1592.53084   3.76867063E-002
   1591.19707   3.79108617E-002
   1589.86329   3.85119422E-002
   1588.52951   3.95709006E-002
   1587.19573   4.12105325E-002
   1585.86195   4.36174335E-002
   1584.52818   4.70786301E-002
   1583.19440   5.20432906E-002
   1581.86062   5.92259000E-002
   1580.52684   6.97687776E-002
   1579.19306   8.54413915E-002
   1577.85929   1.08601522E-001
   1576.52551   1.40637935E-001
   1575.19173   1.75818347E-001
   1573.85795   1.94001991E-001
   1572.52417   1.78994778E-001
   1571.19040   1.45418738E-001
   1569.85662   1.14257067E-001
   1568.52284   9.21793038E-002
   1567.18906   7.81541569E-002
   1565.85529   7.00130476E-002
   1564.52151   6.62456678E-002
   1563.18773   6.61493431E-002
   1561.85395   6.97413919E-002
   1560.52017   7.77506690E-002
   1559.18640   9.16310357E-002
   1557.85262   1.13041371E-001
   1556.51884   1.40889752E-001
   1555.18506   1.64228566E-001
   1553.85128   1.64187239E-001
   1552.51751   1.40355086E-001
   1551.18373   1.11429695E-001
   1549.84995   8.86068275E-002
   1548.51617   7.30114296E-002
   1547.18239   6.28271536E-002
   1545.84862   5.63236214E-002
   1544.51484   5.23520284E-002
   1543.18106   5.02420509E-002
   1541.84728   4.96630725E-002
   1540.51350   5.05426849E-002
   1539.17973   5.30199524E-002
   1537.84595   5.73144896E-002
   1536.51217   6.31461605E-002
   1535.17839   6.84246218E-002
   1533.84461   6.97569669E-002
   1532.51084   6.72887648E-002
   1531.17706   6.44850843E-002
   1529.84328   6.33609528E-002
   1528.50950   6.41798680E-002
   1527.17573   6.67443513E-002
   1525.84195   7.09315956E-002
   1524.50817   7.67953907E-002
   1523.17439   8.45775017E-002
   1521.84061   9.47319868E-002
   1520.50684   1.07990711E-001
   1519.17306   1.25491380E-001
   1517.83928   1.49004113E-001
   1516.50550   1.81317461E-001
   1515.17172   2.26861821E-001
   1513.83795   2.92550613E-001
   1512.50417   3.88096009E-001
   1511.17039   5.21898294E-001
   1509.83661   6.81180614E-001
   1508.50283   7.97814899E-001
   1507.16906   7.93260894E-001
   1505.83528   7.07160934E-001
   1504.50150   6.37551222E-001
   1503.16772   6.28643372E-001
   1501.83394   6.71069600E-001
   1500.50017   7.07354798E-001
   1499.16639   6.69264874E-001
   1497.83261   5.74334640E-001
   1496.49883   4.89664447E-001
   1495.16506   4.45392450E-001
   1493.83128   4.33855141E-001
   1492.49750   4.22795754E-001
   1491.16372   3.84163687E-001
   1489.82994   3.31330720E-001
   1488.49617   2.90266561E-001
   1487.16239   2.70636460E-001
   1485.82861   2.73413970E-001
   1484.49483   2.99652397E-001
   1483.16105   3.51491972E-001
   1481.82728   4.24847784E-001
   1480.49350   4.95177297E-001
   1479.15972   5.32398668E-001
   1477.82594   5.50098141E-001
   1476.49216   5.69857495E-001
   1475.15839   5.59448942E-001
   1473.82461   4.86652994E-001
   1472.49083   3.86388285E-001
   1471.15705   3.01196484E-001
   1469.82327   2.41552370E-001
   1468.48950   2.02946134E-001
   1467.15572   1.79465705E-001
   1465.82194   1.67083359E-001
   1464.48816   1.63691539E-001
   1463.15438   1.68742956E-001
   1461.82061   1.83128700E-001
   1460.48683   2.09402263E-001
   1459.15305   2.52360340E-001
   1457.81927   3.19708195E-001
   1456.48550   4.20979846E-001
   1455.15172   5.57394976E-001
   1453.81794   6.90308552E-001
   1452.48416   7.26320314E-001
   1451.15038   6.28717790E-001
   1449.81661   4.80690575E-001
   1448.48283   3.54515920E-001
   1447.14905   2.64849155E-001
   1445.81527   2.03944649E-001
   1444.48149   1.62366012E-001
   1443.14772   1.33367598E-001
   1441.81394   1.12642855E-001
   1440.48016   9.74975503E-002
   1439.14638   8.62302576E-002
   1437.81260   7.77469875E-002
   1436.47883   7.13321649E-002
   1435.14505   6.65133929E-002
   1433.81127   6.29816029E-002
   1432.47749   6.05448330E-002
   1431.14371   5.91040139E-002
   1429.80994   5.86454875E-002
   1428.47616   5.92496299E-002
   1427.14238   6.11191527E-002
   1425.80860   6.46340878E-002
   1424.47482   7.04357918E-002
   1423.14105   7.94905379E-002
   1421.80727   9.28313536E-002
   1420.47349   1.09930110E-001
   1419.13971   1.24793104E-001
   1417.80594   1.27180351E-001
   1416.47216   1.17191545E-001
   1415.13838   1.05342127E-001
   1413.80460   9.79942468E-002
   1412.47082   9.61290429E-002
   1411.13705   9.93266530E-002
   1409.80327   1.07517267E-001
   1408.46949   1.21429732E-001
   1407.13571   1.42840834E-001
   1405.80193   1.74991408E-001
   1404.46816   2.23195586E-001
   1403.13438   2.95000529E-001
   1401.80060   3.96596958E-001
   1400.46682   5.16156540E-001
   1399.13304   5.96258178E-001
   1397.79927   5.71158337E-001
   1396.46549   4.66405734E-001
   1395.13171   3.53534638E-001
   1393.79793   2.66524596E-001
   1392.46415   2.06980945E-001
   1391.13038   1.67652887E-001
   1389.79660   1.41966995E-001
   1388.46282   1.25554696E-001
   1387.12904   1.15807056E-001
   1385.79527   1.11324437E-001
   1384.46149   1.11586088E-001
   1383.12771   1.16837570E-001
   1381.79393   1.28164194E-001
   1380.46015   1.47690372E-001
   1379.12638   1.78559207E-001
   1377.79260   2.23094930E-001
   1376.45882   2.74918054E-001
   1375.12504   3.07422559E-001
   1373.79126   2.94518039E-001
   1372.45749   2.53307991E-001
   1371.12371   2.15931365E-001
   1369.78993   1.95212305E-001
   1368.45615   1.92157237E-001
   1367.12237   2.05644800E-001
   1365.78860   2.32225375E-001
   1364.45482   2.58645866E-001
   1363.12104   2.64135984E-001
   1361.78726   2.49389581E-001
   1360.45348   2.36775739E-001
   1359.11971   2.41442554E-001
   1357.78593   2.68039454E-001
   1356.45215   3.13505575E-001
   1355.11837   3.57801106E-001
   1353.78459   3.66852843E-001
   1352.45082   3.39493831E-001
   1351.11704   3.10799060E-001
   1349.78326   3.01095119E-001
   1348.44948   3.02409201E-001
   1347.11571   2.90075392E-001
   1345.78193   2.55897035E-001
   1344.44815   2.17756708E-001
   1343.11437   1.89094438E-001
   1341.78059   1.71547526E-001
   1340.44682   1.62878228E-001
   1339.11304   1.60969411E-001
   1337.77926   1.64560741E-001
   1336.44548   1.73157419E-001
   1335.11170   1.86890314E-001
   1333.77793   2.06476900E-001
   1332.44415   2.33304885E-001
   1331.11037   2.69663589E-001
   1329.77659   3.19186877E-001
   1328.44281   3.87632536E-001
   1327.10904   4.84197831E-001
   1325.77526   6.23560403E-001
   1324.44148   8.28166750E-001
   1323.10770   1.12647484E+000
   1321.77392   1.52876610E+000
   1320.44015   1.94412746E+000
   1319.10637   2.11784025E+000
   1317.77259   1.91197904E+000
   1316.43881   1.54611098E+000
   1315.10504   1.25030386E+000
   1313.77126   1.08984602E+000
   1312.43748   1.05679980E+000
   1311.10370   1.11972448E+000
   1309.76992   1.20650378E+000
   1308.43615   1.22857008E+000
   1307.10237   1.17487970E+000
   1305.76859   1.05453315E+000
   1304.43481   8.67173133E-001
   1303.10103   6.70420182E-001
   1301.76726   5.13185023E-001
   1300.43348   4.00955694E-001
   1299.09970   3.22743757E-001
   1297.76592   2.67642130E-001
   1296.43214   2.28028291E-001
   1295.09837   1.98994789E-001
   1293.76459   1.77417039E-001
   1292.43081   1.61284875E-001
   1291.09703   1.49288193E-001
   1289.76325   1.40569275E-001
   1288.42948   1.34576063E-001
   1287.09570   1.30976572E-001
   1285.76192   1.29612141E-001
   1284.42814   1.30478017E-001
   1283.09436   1.33726832E-001
   1281.76059   1.39696158E-001
   1280.42681   1.48967419E-001
   1279.09303   1.62471952E-001
   1277.75925   1.81673661E-001
   1276.42548   2.08879473E-001
   1275.09170   2.47756662E-001
   1273.75792   3.04133128E-001
   1272.42414   3.86909333E-001
   1271.09036   5.07496818E-001
   1269.75659   6.71093431E-001
   1268.42281   8.47584490E-001
   1267.08903   9.54450250E-001
   1265.75525   9.58227085E-001
   1264.42147   9.33171040E-001
   1263.08770   9.08556749E-001
   1261.75392   8.24477095E-001
   1260.42014   6.71618191E-001
   1259.08636   5.16213923E-001
   1257.75258   3.97179529E-001
   1256.41881   3.14995792E-001
   1255.08503   2.59705220E-001
   1253.75125   2.22604077E-001
   1252.41747   1.97871032E-001
   1251.08369   1.81890923E-001
   1249.74992   1.72494694E-001
   1248.41614   1.68456673E-001
   1247.08236   1.69211192E-001
   1245.74858   1.74721988E-001
   1244.41480   1.85466907E-001
   1243.08103   2.02532912E-001
   1241.74725   2.27849380E-001
   1240.41347   2.64626420E-001
   1239.07969   3.18101910E-001
   1237.74592   3.96650080E-001
   1236.41214   5.12710566E-001
   1235.07836   6.80039104E-001
   1233.74458   8.94623920E-001
   1232.41080   1.08569889E+000
   1231.07703   1.12157664E+000
   1229.74325   9.92159184E-001
   1228.40947   8.31958082E-001
   1227.07569   7.31416931E-001
   1225.74191   7.10401436E-001
   1224.40814   7.65482312E-001
   1223.07436   8.74613823E-001
   1221.74058   9.65302625E-001
   1220.40680   9.46102745E-001
   1219.07302   8.40428401E-001
   1217.73925   7.47416620E-001
   1216.40547   7.20894119E-001
   1215.07169   7.74403025E-001
   1213.73791   9.03984028E-001
   1212.40413   1.06177124E+000
   1211.07036   1.12098800E+000
   1209.73658   9.97598838E-001
   1208.40280   7.85083279E-001
   1207.06902   5.96398032E-001
   1205.73525   4.62710170E-001
   1204.40147   3.76116160E-001
   1203.06769   3.24325753E-001
   1201.73391   2.99480580E-001
   1200.40013   2.98257310E-001
   1199.06636   3.18675693E-001
   1197.73258   3.50776669E-001
   1196.39880   3.64930436E-001
   1195.06502   3.35124195E-001
   1193.73124   2.79721404E-001
   1192.39747   2.29414662E-001
   1191.06369   1.94947222E-001
   1189.72991   1.75698150E-001
   1188.39613   1.69443134E-001
   1187.06235   1.74141121E-001
   1185.72858   1.84440444E-001
   1184.39480   1.87475548E-001
   1183.06102   1.73993458E-001
   1181.72724   1.52739925E-001
   1180.39346   1.35521101E-001
   1179.05969   1.26258670E-001
   1177.72591   1.25152751E-001
   1176.39213   1.32504126E-001
   1175.05835   1.49879981E-001
   1173.72457   1.79781576E-001
   1172.39080   2.22125146E-001
   1171.05702   2.63665342E-001
   1169.72324   2.73366349E-001
   1168.38946   2.39583447E-001
   1167.05569   1.89946560E-001
   1165.72191   1.47986488E-001
   1164.38813   1.18347782E-001
   1163.05435   9.84525152E-002
   1161.72057   8.52288841E-002
   1160.38680   7.65219112E-002
   1159.05302   7.10129443E-002
   1157.71924   6.79641872E-002
   1156.38546   6.70443828E-002
   1155.05168   6.82516070E-002
   1153.71791   7.19204986E-002
   1152.38413   7.88074092E-002
   1151.05035   9.02214597E-002
   1149.71657   1.07968535E-001
   1148.38279   1.33062994E-001
   1147.04902   1.60749377E-001
   1145.71524   1.74836773E-001
   1144.38146   1.62780117E-001
   1143.04768   1.36571897E-001
   1141.71390   1.12770070E-001
   1140.38013   9.65414586E-002
   1139.04635   8.70776576E-002
   1137.71257   8.27376750E-002
   1136.37879   8.24389257E-002
   1135.04502   8.57748032E-002
   1133.71124   9.29598274E-002
   1132.37746   1.04869834E-001
   1131.04368   1.23240991E-001
   1129.70990   1.51042826E-001
   1128.37613   1.92852702E-001
   1127.04235   2.54086351E-001
   1125.70857   3.34737706E-001
   1124.37479   4.11736207E-001
   1123.04101   4.35856864E-001
   1121.70724   3.94003440E-001
   1120.37346   3.29987187E-001
   1119.03968   2.80915826E-001
   1117.70590   2.55840515E-001
   1116.37212   2.42752907E-001
   1115.03835   2.19998119E-001
   1113.70457   1.82853295E-001
   1112.37079   1.45398101E-001
   1111.03701   1.16305940E-001
   1109.70323   9.57072776E-002
   1108.36946   8.13435866E-002
   1107.03568   7.12101732E-002
   1105.70190   6.39373854E-002
   1104.36812   5.86432073E-002
   1103.03434   5.47609535E-002
   1101.70057   5.19208277E-002
   1100.36679   4.98768399E-002
   1099.03301   4.84626479E-002
   1097.69923   4.75646937E-002
   1096.36546   4.71056104E-002
   1095.03168   4.70338271E-002
   1093.69790   4.73170110E-002
   1092.36412   4.79379789E-002
   1091.03034   4.88922715E-002
   1089.69657   5.01869317E-002
   1088.36279   5.18402370E-002
   1087.02901   5.38822873E-002
   1085.69523   5.63564652E-002
   1084.36145   5.93219003E-002
   1083.02768   6.28571975E-002
   1081.69390   6.70658683E-002
   1080.36012   7.20841557E-002
   1079.02634   7.80923372E-002
   1077.69256   8.53312212E-002
   1076.35879   9.41265781E-002
   1075.02501   1.04925976E-001
   1073.69123   1.18355460E-001
   1072.35745   1.35308672E-001
   1071.02367   1.57090207E-001
   1069.68990   1.85651180E-001
   1068.35612   2.23982999E-001
   1067.02234   2.76778363E-001
   1065.68856   3.51508008E-001
   1064.35478   4.59950681E-001
   1063.02101   6.19212855E-001
   1061.68723   8.46554253E-001
   1060.35345   1.12900826E+000
   1059.01967   1.35551988E+000
   1057.68590   1.35238287E+000
   1056.35212   1.13755506E+000
   1055.01834   8.92662143E-001
   1053.68456   7.18357791E-001
   1052.35078   6.24221852E-001
   1051.01701   5.86389266E-001
   1049.68323   5.59835851E-001
   1048.34945   5.02088993E-001
   1047.01567   4.22344743E-001
   1045.68189   3.52918919E-001
   1044.34812   3.06199509E-001
   1043.01434   2.80878694E-001
   1041.68056   2.73925841E-001
   1040.34678   2.84511140E-001
   1039.01300   3.14396973E-001
   1037.67923   3.65850210E-001
   1036.34545   4.32664927E-001
   1035.01167   4.83766584E-001
   1033.67789   4.79960323E-001
   1032.34411   4.34343402E-001
   1031.01034   3.90516209E-001
   1029.67656   3.69240085E-001
   1028.34278   3.72948325E-001
   1027.00900   4.01028959E-001
   1025.67523   4.55677303E-001
   1024.34145   5.43820071E-001
   1023.00767   6.78835852E-001
   1021.67389   8.82458236E-001
   1020.34011   1.18259594E+000
   1019.00634   1.58919861E+000
   1017.67256   2.01691894E+000
   1016.33878   2.23707463E+000
   1015.00500   2.14018941E+000
   1013.67122   1.92538064E+000
   1012.33745   1.73656114E+000
   1011.00367   1.51923511E+000
   1009.66989   1.25777568E+000
   1008.33611   1.03757320E+000
   1007.00233   9.05012282E-001
   1005.66856   8.37631407E-001
   1004.33478   7.68251831E-001
   1003.00100   6.51985927E-001
   1001.66722   5.19345835E-001
   1000.33344   4.09297074E-001
    998.99967   3.30025311E-001
    997.66589   2.75908056E-001
    996.33211   2.40132606E-001
    994.99833   2.16232791E-001
    993.66455   1.96104584E-001
    992.33078   1.73452376E-001
    990.99700   1.50022906E-001
    989.66322   1.29891322E-001
    988.32944   1.14056900E-001
    986.99567   1.01791611E-001
    985.66189   9.21823327E-002
    984.32811   8.45363110E-002
    982.99433   7.83808121E-002
    981.66055   7.33993020E-002
    980.32678   6.93799343E-002
    978.99300   6.61825442E-002
    977.65922   6.37190923E-002
    976.32544   6.19430095E-002
    974.99166   6.08447686E-002
    973.65789   6.04525367E-002
    972.32411   6.08379869E-002
    970.99033   6.21285851E-002
    969.65655   6.45293000E-002
    968.32277   6.83592792E-002
    966.98900   7.41134510E-002
    965.65522   8.25665512E-002
    964.32144   9.49487687E-002
    962.98766   1.13233663E-001
    961.65388   1.40553657E-001
    960.32011   1.81509159E-001
    958.98633   2.40932804E-001
    957.65255   3.16105068E-001
    956.31877   3.78103743E-001
    954.98499   3.77637230E-001
    953.65122   3.14600252E-001
    952.31744   2.38257027E-001
    950.98366   1.77625690E-001
    949.64988   1.35471940E-001
    948.31611   1.06974006E-001
    946.98233   8.75391761E-002
    945.64855   7.40528124E-002
    944.31477   6.45768881E-002
    942.98099   5.79410968E-002
    941.64722   5.34479766E-002
    940.31344   5.06185529E-002
    938.97966   4.88302959E-002
    937.64588   4.70969558E-002
    936.31210   4.49294748E-002
    934.97833   4.29529237E-002
    933.64455   4.18198974E-002
    932.31077   4.17540069E-002
    930.97699   4.28643412E-002
    929.64321   4.53762650E-002
    928.30944   4.97491763E-002
    926.97566   5.67897304E-002
    925.64188   6.77438494E-002
    924.30810   8.40192494E-002
    922.97432   1.05227925E-001
    921.64055   1.23998161E-001
    920.30677   1.26029313E-001
    918.97299   1.09228809E-001
    917.63921   8.73600659E-002
    916.30544   6.97085333E-002
    914.97166   5.75421537E-002
    913.63788   4.95494265E-002
    912.30410   4.43879603E-002
    910.97032   4.11410203E-002
    909.63655   3.92466982E-002
    908.30277   3.83799553E-002
    906.96899   3.83718504E-002
    905.63521   3.91653906E-002
    904.30143   4.07983280E-002
    902.96766   4.34077862E-002
    901.63388   4.72577973E-002
    900.30010   5.27977166E-002
    898.96632   6.07672760E-002
    897.63254   7.23671867E-002
    896.29877   8.94757023E-002
    894.96499   1.14639893E-001
    893.63121   1.49542186E-001
    892.29743   1.88640295E-001
    890.96365   2.10706930E-001
    889.62988   1.96692818E-001
    888.29610   1.60911424E-001
    886.96232   1.26850120E-001
    885.62854   1.02547359E-001
    884.29476   8.70408083E-002
    882.96099   7.78627979E-002
    881.62721   7.31701240E-002
    880.29343   7.19108515E-002
    878.95965   7.36650210E-002
    877.62588   7.85368534E-002
    876.29210   8.71048333E-002
    874.95832   1.00189790E-001
    873.62454   1.17599909E-001
    872.29076   1.34851298E-001
    870.95699   1.43147333E-001
    869.62321   1.41464682E-001
    868.28943   1.39068229E-001
    866.95565   1.42738232E-001
    865.62187   1.54600538E-001
    864.28810   1.75821690E-001
    862.95432   2.08664384E-001
    861.62054   2.57496255E-001
    860.28676   3.29848167E-001
    858.95298   4.37557914E-001
    857.61921   5.95674486E-001
    856.28543   8.09013565E-001
    854.95165   1.02670306E+000
    853.61787   1.10943821E+000
    852.28409   9.83737005E-001
    850.95032   7.68036877E-001
    849.61654   5.82566404E-001
    848.28276   4.57249699E-001
    846.94898   3.83503925E-001
    845.61521   3.49855791E-001
    844.28143   3.50681239E-001
    842.94765   3.86428272E-001
    841.61387   4.59665972E-001
    840.28009   5.59777868E-001
    838.94632   6.33384729E-001
    837.61254   6.07411509E-001
    836.27876   4.97089096E-001
    834.94498   3.78057671E-001
    833.61120   2.87091855E-001
    832.27743   2.25256222E-001
    830.94365   1.85011460E-001
    829.60987   1.60049864E-001
    828.27609   1.46684040E-001
    826.94231   1.43481993E-001
    825.60854   1.50825349E-001
    824.27476   1.70041257E-001
    822.94098   1.99814347E-001
    821.60720   2.27023434E-001
    820.27342   2.26263161E-001
    818.93965   1.92948152E-001
    817.60587   1.50816844E-001
    816.27209   1.16287440E-001
    814.93831   9.16225013E-002
    813.60453   7.44462700E-002
    812.27076   6.23014454E-002
    810.93698   5.34754635E-002
    809.60320   4.68743038E-002
    808.26942   4.18061720E-002
    806.93565   3.78268201E-002
    805.60187   3.46440957E-002
    804.26809   3.20609348E-002
    802.93431   2.99411945E-002
    801.60053   2.81888300E-002
    800.26676   2.67349323E-002
    798.93298   2.55294902E-002
    797.59920   2.45360557E-002
    796.26542   2.37282477E-002
    794.93164   2.30874540E-002
    793.59787   2.26013488E-002
    792.26409   2.22629949E-002
    790.93031   2.20703989E-002
    789.59653   2.20264578E-002
    788.26275   2.21392883E-002
    786.92898   2.24229851E-002
    785.59520   2.28989147E-002
    784.26142   2.35977361E-002
    782.92764   2.45624677E-002
    781.59386   2.58531209E-002
    780.26009   2.75537586E-002
    778.92631   2.97834104E-002
    777.59253   3.27132754E-002
    776.25875   3.65944120E-002
    774.92497   4.18032480E-002
    773.59120   4.89176620E-002
    772.25742   5.88448430E-002
    770.92364   7.30305006E-002
    769.58986   9.37610753E-002
    768.25609   1.24392121E-001
    766.92231   1.68470724E-001
    765.58853   2.24144783E-001
    764.25475   2.70656515E-001
    762.92097   2.72254371E-001
    761.58720   2.28568651E-001
    760.25342   1.75459894E-001
    758.91964   1.34413774E-001
    757.58586   1.07901679E-001
    756.25208   9.30289245E-002
    754.91831   8.73291042E-002
    753.58453   8.95032590E-002
    752.25075   9.79542398E-002
    750.91697   1.07563971E-001
    749.58319   1.10788766E-001
    748.24942   1.08381801E-001
    746.91564   1.06942086E-001
    745.58186   1.04689485E-001
    744.24808   9.40161117E-002
    742.91430   7.64243984E-002
    741.58053   5.95913677E-002
    740.24675   4.68435717E-002
    738.91297   3.78566043E-002
    737.57919   3.15401945E-002
    736.24542   2.70082493E-002
    734.91164   2.36707788E-002
    733.57786   2.11516268E-002
    732.24408   1.92102815E-002
    730.91030   1.76903308E-002
    729.57653   1.64882221E-002
    728.24275   1.55346982E-002
    726.90897   1.47838605E-002
    725.57519   1.42069555E-002
    724.24141   1.37893780E-002
    722.90764   1.35303061E-002
    721.57386   1.34450868E-002
    720.24008   1.35709708E-002
    718.90630   1.39761043E-002
    717.57252   1.47647444E-002
    716.23875   1.60392246E-002
    714.90497   1.76908807E-002
    713.57119   1.89585507E-002
    712.23741   1.87283743E-002
    710.90363   1.71840391E-002
    709.56986   1.54872081E-002
    708.23608   1.42319901E-002
    706.90230   1.34506251E-002
    705.56852   1.30331649E-002
    704.23474   1.28846777E-002
    702.90097   1.29474605E-002
    701.56719   1.31938776E-002
    700.23341   1.36184718E-002
    698.89963   1.42338731E-002
    697.56586   1.50703945E-002
    696.23208   1.61790880E-002
    694.89830   1.76388053E-002
    693.56452   1.95689406E-002
    692.23074   2.21512339E-002
    690.89697   2.56667773E-002
    689.56319   3.05585840E-002
    688.22941   3.75342911E-002
    686.89563   4.77150631E-002
    685.56185   6.27502701E-002
    684.22808   8.43959663E-002
    682.89430   1.11789145E-001
    681.56052   1.34771363E-001
    680.22674   1.35544580E-001
    678.89296   1.13533748E-001
    677.55919   8.63972809E-002
    676.22541   6.48301283E-002
    674.89163   4.99463357E-002
    673.55785   4.00270049E-002
    672.22407   3.34101325E-002
    670.89030   2.89630415E-002
    669.55652   2.59756826E-002
    668.22274   2.40110381E-002
    666.88896   2.28013829E-002
    665.55519   2.21857362E-002
    664.22141   2.20740769E-002
    662.88763   2.24280970E-002
    661.55385   2.32527724E-002
    660.22007   2.45962362E-002
    658.88630   2.65578606E-002
    657.55252   2.93068340E-002
    656.21874   3.31165034E-002
    654.88496   3.84235562E-002
    653.55118   4.59227287E-002
    652.21741   5.66878945E-002
    650.88363   7.21800618E-002
    649.54985   9.34730023E-002
    648.21607   1.18029104E-001
    646.88229   1.35620033E-001
    645.54852   1.37899065E-001
    644.21474   1.33881270E-001
    642.88096   1.37062409E-001
    641.54718   1.51786385E-001
    640.21340   1.71933972E-001
    638.87963   1.84060197E-001
    637.54585   1.86434801E-001
    636.21207   1.94491576E-001
    634.87829   2.18589689E-001
    633.54451   2.50228851E-001
    632.21074   2.59352604E-001
    630.87696   2.27069536E-001
    629.54318   1.75702096E-001
    628.20940   1.30583873E-001
    626.87563   9.81031683E-002
    625.54185   7.59588935E-002
    624.20807   6.08802174E-002
    622.87429   5.04681446E-002
    621.54051   4.31867556E-002
    620.20674   3.80870871E-002
    618.87296   3.45921945E-002
    617.53918   3.23658373E-002
    616.20540   3.12412142E-002
    614.87162   3.11909353E-002
    613.53785   3.23299415E-002
    612.20407   3.49523017E-002
    610.87029   3.96083007E-002
    609.53651   4.72144446E-002
    608.20273   5.90786527E-002
    606.86896   7.62446640E-002
    605.53518   9.64707232E-002
    604.20140   1.09265897E-001
    602.86762   1.02986536E-001
    601.53384   8.32371748E-002
    600.20007   6.32045849E-002
    598.86629   4.81725184E-002
    597.53251   3.78759267E-002
    596.19873   3.09191067E-002
    594.86495   2.61637900E-002
    593.53118   2.28621488E-002
    592.19740   2.05477293E-002
    590.86362   1.89315985E-002
    589.52984   1.78345805E-002
    588.19607   1.71469653E-002
    586.86229   1.68054134E-002
    585.52851   1.67803683E-002
    584.19473   1.70702762E-002
    582.86095   1.77009228E-002
    581.52718   1.87296386E-002
    580.19340   2.02554817E-002
    578.85962   2.24382319E-002
    577.52584   2.55316627E-002
    576.19206   2.99405425E-002
    574.85829   3.63151026E-002
    573.52451   4.56908563E-002
    572.19073   5.96107777E-002
    570.85695   7.98086076E-002
    569.52317   1.05891363E-001
    568.18940   1.29127223E-001
    566.85562   1.32336752E-001
    565.52184   1.12790186E-001
    564.18806   8.70191543E-002
    562.85428   6.63544609E-002
    561.52051   5.24518602E-002
    560.18673   4.38513507E-002
    558.85295   3.91055691E-002
    557.51917   3.73839670E-002
    556.18540   3.84558868E-002
    554.85162   4.26243134E-002
    553.51784   5.05782370E-002
    552.18406   6.25661679E-002
    550.85028   7.55960533E-002
    549.51651   8.08556909E-002
    548.18273   7.26405074E-002
    546.84895   5.78833365E-002
    545.51517   4.46977141E-002
    544.18139   3.52897353E-002
    542.84762   2.90671990E-002
    541.51384   2.50971179E-002
    540.18006   2.27172207E-002
    538.84628   2.15572134E-002
    537.51250   2.14780610E-002
    536.17873   2.25370591E-002
    534.84495   2.49692643E-002
    533.51117   2.90727622E-002
    532.17739   3.46447578E-002
    530.84361   3.97861520E-002
    529.50984   4.16944882E-002
    528.17606   4.10595171E-002
    526.84228   4.06116965E-002
    525.50850   3.97646793E-002
    524.17472   3.60077824E-002
    522.84095   3.01166600E-002
    521.50717   2.46927843E-002
    520.17339   2.07515769E-002
    518.83961   1.81391095E-002
    517.50584   1.64857965E-002
    516.17206   1.55060130E-002
    514.83828   1.50214425E-002
    513.50450   1.49335973E-002
    512.17072   1.52007284E-002
    510.83695   1.58262229E-002
    509.50317   1.68575775E-002
    508.16939   1.83959204E-002
    506.83561   2.06185128E-002
    505.50183   2.38181509E-002
    504.16806   2.84557719E-002
    502.83428   3.51683841E-002
    501.50050   4.44476834E-002
    500.16672   5.52368129E-002
    498.83294   6.29172212E-002
    497.49917   6.31226316E-002
    496.16539   5.93149183E-002
    494.83161   5.77160463E-002
    493.49783   6.12878274E-002
    492.16405   7.06999303E-002
    490.83028   8.42095557E-002
    489.49650   9.46287465E-002
    488.16272   9.31763917E-002
    486.82894   8.27563558E-002
    485.49517   7.30030529E-002
    484.16139   6.85958412E-002
    482.82761   7.03551088E-002
    481.49383   7.86912752E-002
    480.16005   9.49906486E-002
    478.82628   1.21915560E-001
    477.49250   1.62266181E-001
    476.15872   2.12908357E-001
    474.82494   2.51823522E-001
    473.49116   2.46176839E-001
    472.15739   2.00538728E-001
    470.82361   1.48782568E-001
    469.48983   1.08494416E-001
    468.15605   8.05927402E-002
    466.82227   6.16646868E-002
    465.48850   4.86434667E-002
    464.15472   3.94628878E-002
    462.82094   3.28196491E-002
    461.48716   2.78955368E-002
    460.15338   2.41685948E-002
    458.81961   2.12982607E-002
    457.48583   1.90570735E-002
    456.15205   1.72898137E-002
    454.81827   1.58886456E-002
    453.48449   1.47777051E-002
    452.15072   1.39033848E-002
    450.81694   1.32281577E-002
    449.48316   1.27266863E-002
    448.14938   1.23834978E-002
    446.81561   1.21918409E-002
    445.48183   1.21535732E-002
    444.14805   1.22801361E-002
    442.81427   1.25949097E-002
    441.48049   1.31375799E-002
    440.14672   1.39717041E-002
    438.81294   1.51976119E-002
    437.47916   1.69743359E-002
    436.14538   1.95563941E-002
    434.81160   2.33516774E-002
    433.47783   2.89917588E-002
    432.14405   3.73138717E-002
    430.81027   4.87907449E-002
    429.47649   6.13211415E-002
    428.14271   6.77489849E-002
    426.80894   6.26149216E-002
    425.47516   5.13368132E-002
    424.14138   4.13025195E-002
    422.80760   3.48472213E-002
    421.47382   3.14761312E-002
    420.14005   2.96754664E-002
    418.80627   2.76804577E-002
    417.47249   2.51579079E-002
    416.13871   2.30718405E-002
    414.80493   2.19990221E-002
    413.47116   2.19952594E-002
    412.13738   2.30294958E-002
    410.80360   2.51788624E-002
    409.46982   2.86976424E-002
    408.13605   3.40866487E-002
    406.80227   4.22063509E-002
    405.46849   5.44080410E-002
    404.13471   7.24140463E-002
    402.80093   9.68047704E-002
    401.46716   1.21892846E-001
    400.13338   1.32038076E-001
    398.79960   1.19098118E-001
    397.46582   9.67165389E-002
    396.13204   7.88886804E-002
    394.79827   6.95166411E-002
    393.46449   6.77507999E-002
    392.13071   7.01465570E-002
    390.79693   6.96347565E-002
    389.46315   6.11359577E-002
    388.12938   4.85985367E-002
    386.79560   3.75042582E-002
    385.46182   2.93639174E-002
    384.12804   2.36761345E-002
    382.79426   1.96842673E-002
    381.46049   1.68219594E-002
    380.12671   1.47191354E-002
    378.79293   1.31399419E-002
    377.45915   1.19325710E-002
    376.12538   1.09972317E-002
    374.79160   1.02667935E-002
    373.45782   9.69513325E-003
    372.12404   9.25002357E-003
    370.79026   8.90870989E-003
    369.45649   8.65510906E-003
    368.12271   8.47801250E-003
    366.78893   8.36993236E-003
    365.45515   8.32637768E-003
    364.12137   8.34543554E-003
    362.78760   8.42758882E-003
    361.45382   8.57574006E-003
    360.12004   8.79544260E-003
    358.78626   9.09537087E-003
    357.45248   9.48809892E-003
    356.11871   9.99130969E-003
    354.78493   1.06296391E-002
    353.45115   1.14374938E-002
    352.11737   1.24634072E-002
    350.78359   1.37768962E-002
    349.44982   1.54794726E-002
    348.11604   1.77227027E-002
    346.78226   2.07383523E-002
    345.44848   2.48890676E-002
    344.11470   3.07517817E-002
    342.78093   3.92410972E-002
    341.44715   5.17186803E-002
    340.11337   6.97238772E-002
    338.77959   9.29636416E-002
    337.44582   1.13860322E-001
    336.11204   1.17267063E-001
    334.77826   1.00526694E-001
    333.44448   7.81696916E-002
    332.11070   6.03349355E-002
    330.77693   4.85807969E-002
    329.44315   4.16801501E-002
    328.10937   3.84315860E-002
    326.77559   3.82167663E-002
    325.44181   4.09678244E-002
    324.10804   4.69150354E-002
    322.77426   5.56581310E-002
    321.44048   6.40448270E-002
    320.10670   6.66714417E-002
    318.77292   6.36887973E-002
    317.43915   6.12464014E-002
    316.10537   6.37481702E-002
    314.77159   7.31392624E-002
    313.43781   9.06898280E-002
    312.10403   1.15490235E-001
    310.77026   1.38071928E-001
    309.43648   1.40054197E-001
    308.10270   1.18103244E-001
    306.76892   8.94550854E-002
    305.43515   6.60751359E-002
    304.10137   4.96519413E-002
    302.76759   3.84958433E-002
    301.43381   3.08507124E-002
    300.10003   2.54963789E-002
    298.76626   2.16583742E-002
    297.43248   1.88518259E-002
    296.09870   1.67699726E-002
    294.76492   1.52156712E-002
    293.43114   1.40608961E-002
    292.09737   1.32230268E-002
    290.76359   1.26512124E-002
    289.42981   1.23191400E-002
    288.09603   1.22224439E-002
    286.76225   1.23803358E-002
    285.42848   1.28422167E-002
    284.09470   1.37012447E-002
    282.76092   1.51173423E-002
    281.42714   1.73468015E-002
    280.09336   2.07405980E-002
    278.75959   2.55303695E-002
    277.42581   3.09431864E-002
    276.09203   3.40298817E-002
    274.75825   3.21592361E-002
    273.42447   2.73382021E-002
    272.09070   2.28383348E-002
    270.75692   1.97913840E-002
    269.42314   1.80929666E-002
    268.08936   1.74465734E-002
    266.75559   1.76669777E-002
    265.42181   1.87181237E-002
    264.08803   2.07163172E-002
    262.75425   2.39566445E-002
    261.42047   2.89645990E-002
    260.08670   3.64995294E-002
    258.75292   4.71506350E-002
    257.41914   5.95423285E-002
    256.08536   6.75451361E-002
    254.75158   6.47490197E-002
    253.41781   5.48036414E-002
    252.08403   4.53289206E-002
    250.75025   3.94140557E-002
    249.41647   3.72008435E-002
    248.08269   3.83464088E-002
    246.74892   4.24833588E-002
    245.41514   4.81491757E-002
    244.08136   5.14624521E-002
    242.74758   4.95770045E-002
    241.41380   4.53584636E-002
    240.08003   4.27918139E-002
    238.74625   4.34691272E-002
    237.41247   4.79100333E-002
    236.07869   5.66632486E-002
    234.74491   6.98332954E-002
    233.41114   8.43676004E-002
    232.07736   9.17841291E-002
    230.74358   8.72494461E-002
    229.40980   7.81239850E-002
    228.07603   7.26236770E-002
    226.74225   7.36964229E-002
    225.40847   8.23386303E-002
    224.07469   1.00076326E-001
    222.74091   1.29108735E-001
    221.40714   1.68955947E-001
    220.07336   2.06603060E-001
    218.73958   2.13795165E-001
    217.40580   1.82357771E-001
    216.07202   1.38169681E-001
    214.73825   1.01338824E-001
    213.40447   7.53474705E-002
    212.07069   5.77224544E-002
    210.73691   4.56935681E-002
    209.40313   3.73091696E-002
    208.06936   3.13270320E-002
    206.73558   2.69696308E-002
    205.40180   2.37451867E-002
    204.06802   2.13369410E-002
    202.73424   1.95373417E-002
    201.40047   1.82090463E-002
    200.06669   1.72616869E-002
    198.73291   1.66380803E-002
    197.39913   1.63063787E-002
    196.06536   1.62563204E-002
    194.73158   1.64988001E-002
    193.39780   1.70688107E-002
    192.06402   1.80326740E-002
    190.73024   1.95016796E-002
    189.39647   2.16561318E-002
    188.06269   2.47866301E-002
    186.72891   2.93621444E-002
    185.39513   3.61283612E-002
    184.06135   4.61802734E-002
    182.72758   6.06660575E-002
    181.39380   7.89340090E-002
    180.06002   9.41236046E-002
    178.72624   9.46398553E-002
    177.39246   8.06124792E-002
    176.05869   6.37470470E-002
    174.72491   5.09313127E-002
    173.39113   4.29278945E-002
    172.05735   3.88022254E-002
    170.72357   3.77990701E-002
    169.38980   3.97076973E-002
    168.05602   4.48888598E-002
    166.72224   5.42000877E-002
    165.38846   6.83586333E-002
    164.05468   8.52929262E-002
    162.72091   9.59088704E-002
    161.38713   9.03281586E-002
    160.05335   7.34773652E-002
    158.71957   5.65503444E-002
    157.38580   4.39613257E-002
    156.05202   3.54514679E-002
    154.71824   2.98268822E-002
    153.38446   2.61207659E-002
    152.05068   2.37012681E-002
    150.71691   2.21779678E-002
    149.38313   2.13139192E-002
    148.04935   2.09688006E-002
    146.71557   2.10658286E-002
    145.38179   2.15739161E-002
    144.04802   2.24997744E-002
    142.71424   2.38874910E-002
    141.38046   2.58253134E-002
    140.04668   2.84614860E-002
    138.71290   3.20336016E-002
    137.37913   3.69193034E-002
    136.04535   4.37181384E-002
    134.71157   5.33600710E-002
    133.37779   6.71354088E-002
    132.04401   8.61143488E-002
    130.71024   1.08510851E-001
    129.37646   1.25704064E-001
    128.04268   1.29187350E-001
    126.70890   1.25545488E-001
    125.37513   1.26569457E-001
    124.04135   1.34928092E-001
    122.70757   1.44198662E-001
    121.37379   1.49182274E-001
    120.04001   1.56431498E-001
    118.70624   1.75223285E-001
    117.37246   2.07220921E-001
    116.03868   2.40847992E-001
    114.70490   2.55325551E-001
    113.37112   2.51534528E-001
    112.03735   2.54481323E-001
    110.70357   2.81485900E-001
    109.36979   3.31793687E-001
    108.03601   3.79698449E-001
    106.70223   3.82584183E-001
    105.36846   3.30575721E-001
    104.03468   2.56763823E-001
    102.70090   1.92323914E-001
    101.36712   1.45925193E-001
    100.03334   1.14627718E-001
     98.69957   9.38895282E-002
     97.36579   8.03613082E-002
     96.03201   7.19816920E-002
     94.69823   6.76365199E-002
     93.36445   6.69131375E-002
     92.03068   7.00050742E-002
     90.69690   7.77088261E-002
     89.36312   9.12632425E-002
     88.02934   1.11100886E-001
     86.69557   1.32870144E-001
     85.36179   1.45253603E-001
     84.02801   1.44141860E-001
     82.69423   1.41799975E-001
     81.36045   1.48837923E-001
     80.02668   1.63117437E-001
     78.69290   1.70909763E-001
     77.35912   1.64170769E-001
     76.02534   1.52438758E-001
     74.69156   1.40841491E-001
     73.35779   1.23156344E-001
     72.02401   9.99753757E-002
     70.69023   7.90752231E-002
     69.35645   6.39967105E-002
     68.02267   5.43207597E-002
     66.68890   4.89042569E-002
     65.35512   4.70515640E-002
     64.02134   4.86689167E-002
     62.68756   5.40617798E-002
     61.35378   6.29710059E-002
     60.02001   7.19073512E-002
     58.68623   7.31743279E-002
     57.35245   6.41654947E-002
     56.01867   5.17310924E-002
     54.68489   4.14811411E-002
     53.35112   3.44849854E-002
     52.01734   3.01489114E-002
     50.68356   2.78221990E-002
     49.34978   2.71462119E-002
     48.01601   2.80689533E-002
     46.68223   3.08272510E-002
     45.34845   3.58831699E-002
     44.01467   4.34988644E-002
     42.68089   5.22871747E-002
     41.34712   5.80198562E-002
     40.01334   5.84655210E-002
     38.67956   5.76385516E-002
     37.34578   5.82939060E-002
     36.01200   5.70246042E-002
     34.67823   5.01918882E-002
     33.34445   4.07116943E-002
     32.01067   3.27479660E-002
     30.67689   2.75173199E-002
     29.34311   2.47880997E-002
     28.00934   2.42142146E-002
     26.67556   2.54892235E-002
     25.34178   2.76452263E-002
     24.00800   2.82211748E-002
     22.67422   2.53665030E-002
     21.34045   2.06981645E-002
     20.00667   1.64551828E-002
     18.67289   1.32945050E-002
     17.33911   1.10512883E-002
     16.00534   9.44476893E-003
     14.67156   8.26205163E-003
     13.33778   7.36381684E-003
     12.00400   6.66135601E-003
     10.67022   6.09759211E-003
      9.33645   5.63493286E-003
      8.00267   5.24794212E-003
      6.66889   4.91893972E-003
      5.33511   4.63532095E-003
      4.00133   4.38788774E-003
      2.66756   4.16978447E-003
      1.33378   3.97580285E-003
      0.00000   3.80191738E-003
